1731926423440748032.000000 -2559.225586 177.340775 142.131821 0.993774 -0.110845 0.011245 0.110767 0.993819 0.007327 -0.011988 -0.006036 0.999910 
1731926423507168256.000000 -2559.215088 177.315460 142.127655 0.993785 -0.110745 0.011302 0.110667 0.993831 0.007315 -0.012042 -0.006019 0.999909 
1731926423540367872.000000 -2559.216553 177.338806 142.120895 0.993776 -0.110823 0.011312 0.110744 0.993821 0.007399 -0.012062 -0.006100 0.999909 
1731926423573562112.000000 -2559.208496 177.338715 142.120132 0.993779 -0.110786 0.011360 0.110707 0.993826 0.007342 -0.012103 -0.006039 0.999909 
1731926423606749440.000000 -2559.217773 177.334015 142.159058 0.993786 -0.110728 0.011310 0.110652 0.993833 0.007162 -0.012033 -0.005866 0.999910 
1731926423639930624.000000 -2559.215820 177.320312 142.129974 0.993773 -0.110843 0.011401 0.110763 0.993820 0.007360 -0.012147 -0.006051 0.999908 
1731926423673105152.000000 -2559.200195 177.282410 142.053131 0.993744 -0.111157 0.010776 0.111077 0.993781 0.007762 -0.011572 -0.006517 0.999912 
1731926423706273536.000000 -2559.210449 177.354752 142.107925 0.993775 -0.110822 0.011384 0.110741 0.993821 0.007464 -0.012141 -0.006157 0.999907 
1731926423739435520.000000 -2559.210693 177.367264 142.114853 0.993787 -0.110736 0.011198 0.110658 0.993831 0.007367 -0.011945 -0.006082 0.999910 
1731926423772590592.000000 -2559.270264 177.377853 142.100220 0.993668 -0.111890 0.010219 0.111806 0.993694 0.008488 -0.011104 -0.007292 0.999912 
1731926423805739520.000000 -2559.233398 177.090652 141.944794 0.993620 -0.112371 0.009600 0.112290 0.993638 0.008622 -0.010507 -0.007489 0.999917 
1731926423838882048.000000 -2559.223145 177.067108 141.948517 0.993608 -0.112471 0.009712 0.112390 0.993628 0.008534 -0.010610 -0.007388 0.999916 
1731926423872017920.000000 -2559.252441 177.369766 142.104218 0.993673 -0.111836 0.010314 0.111751 0.993700 0.008523 -0.011202 -0.007317 0.999910 
1731926423905147648.000000 -2559.214355 177.007507 141.899582 0.993587 -0.112670 0.009463 0.112587 0.993602 0.008872 -0.010402 -0.007749 0.999916 
1731926423938270464.000000 -2559.215332 177.073792 141.943542 0.993617 -0.112394 0.009673 0.112314 0.993637 0.008439 -0.010560 -0.007299 0.999918 
1731926423971387136.000000 -2559.207275 177.077332 141.912491 0.993620 -0.112373 0.009591 0.112292 0.993639 0.008537 -0.010489 -0.007405 0.999918 
1731926424004496384.000000 -2559.208008 177.084686 141.949127 0.993611 -0.112447 0.009637 0.112367 0.993631 0.008479 -0.010529 -0.007342 0.999918 
1731926424037599744.000000 -2559.215576 177.004837 141.919556 0.993587 -0.112688 0.009272 0.112608 0.993601 0.008784 -0.010202 -0.007684 0.999918 
1731926424070697216.000000 -2559.204834 177.004807 141.918716 0.993585 -0.112711 0.009194 0.112631 0.993598 0.008853 -0.010133 -0.007761 0.999919 
1731926424103788032.000000 -2559.214600 177.052551 141.950165 0.993626 -0.112314 0.009648 0.112234 0.993646 0.008443 -0.010535 -0.007306 0.999918 
1731926424136872192.000000 -2559.214600 177.061920 141.935364 0.993632 -0.112259 0.009665 0.112178 0.993652 0.008489 -0.010556 -0.007351 0.999917 
1731926424169950208.000000 -2559.203613 176.993256 141.902481 0.993577 -0.112765 0.009425 0.112683 0.993592 0.008819 -0.010359 -0.007700 0.999917 
1731926424203021824.000000 -2559.204834 177.059601 141.943314 0.993614 -0.112405 0.009805 0.112325 0.993636 0.008394 -0.010686 -0.007239 0.999917 
1731926424236086528.000000 -2559.205811 177.060516 141.943878 0.993613 -0.112425 0.009686 0.112345 0.993633 0.008502 -0.010580 -0.007360 0.999917 
1731926424269145344.000000 -2559.207275 177.057648 141.961517 0.993618 -0.112384 0.009693 0.112303 0.993638 0.008484 -0.010585 -0.007341 0.999917 
1731926424302197248.000000 -2559.217285 177.074921 141.964981 0.993623 -0.112337 0.009711 0.112258 0.993644 0.008362 -0.010588 -0.007218 0.999918 
1731926424335243008.000000 -2559.233154 177.080093 141.926086 0.993618 -0.112388 0.009583 0.112307 0.993636 0.008608 -0.010490 -0.007477 0.999917 
1731926424368284928.000000 -2559.208984 177.069336 141.958557 0.993609 -0.112454 0.009795 0.112373 0.993630 0.008476 -0.010686 -0.007321 0.999916 
1731926424401634816.000000 -2559.217041 177.070908 141.949860 0.993631 -0.112260 0.009738 0.112180 0.993652 0.008432 -0.010623 -0.007285 0.999917 
1731926424434984448.000000 -2559.224854 177.074936 141.955185 0.993626 -0.112302 0.009748 0.112222 0.993647 0.008457 -0.010635 -0.007309 0.999917 
1731926424468334848.000000 -2559.213867 177.048416 141.958206 0.993610 -0.112452 0.009679 0.112373 0.993631 0.008357 -0.010557 -0.007216 0.999918 
1731926424501685760.000000 -2559.233154 177.073532 141.931458 0.993619 -0.112383 0.009580 0.112302 0.993637 0.008640 -0.010490 -0.007509 0.999917 
1731926424535036928.000000 -2559.231934 177.066406 141.950851 0.993609 -0.112452 0.009751 0.112373 0.993631 0.008297 -0.010622 -0.007148 0.999918 
1731926424568388096.000000 -2559.216553 177.065750 141.957642 0.993624 -0.112331 0.009689 0.112250 0.993643 0.008584 -0.010592 -0.007442 0.999916 
1731926424601739520.000000 -2559.230469 177.039627 141.941498 0.993611 -0.112450 0.009656 0.112372 0.993632 0.008223 -0.010520 -0.007086 0.999920 
1731926424635090944.000000 -2559.216553 177.088287 141.940399 0.993606 -0.112494 0.009608 0.112414 0.993625 0.008537 -0.010508 -0.007403 0.999917 
1731926424668442880.000000 -2559.203369 177.052933 141.939255 0.993614 -0.112422 0.009622 0.112343 0.993634 0.008425 -0.010508 -0.007291 0.999918 
1731926424701794816.000000 -2559.198486 177.059891 141.931107 0.993636 -0.112226 0.009641 0.112145 0.993656 0.008491 -0.010533 -0.007356 0.999917 
1731926424735147264.000000 -2559.247803 177.330811 142.102219 0.993510 -0.113408 0.008713 0.113327 0.993514 0.009337 -0.009716 -0.008289 0.999918 
1731926424768499968.000000 -2559.245361 177.307953 142.088303 0.993520 -0.113322 0.008778 0.113241 0.993524 0.009262 -0.009771 -0.008208 0.999919 
1731926424801852416.000000 -2559.230957 177.278198 142.035385 0.993479 -0.113706 0.008398 0.113623 0.993476 0.009748 -0.009452 -0.008731 0.999917 
1731926424835205376.000000 -2559.252686 177.516083 142.160828 0.993558 -0.112927 0.009460 0.112825 0.993557 0.010680 -0.010605 -0.009544 0.999898 
1731926424868558336.000000 -2559.294434 177.478516 142.183792 0.993566 -0.112855 0.009516 0.112751 0.993565 0.010793 -0.010673 -0.009650 0.999896 
1731926424901911040.000000 -2559.295898 177.774872 142.321609 0.993398 -0.114470 0.007566 0.114401 0.993394 0.008988 -0.008545 -0.008063 0.999931 
1731926424935264256.000000 -2559.320801 177.779449 142.328018 0.993394 -0.114505 0.007499 0.114438 0.993390 0.008920 -0.008471 -0.008003 0.999932 
1731926424968618240.000000 -2559.300537 178.087372 142.506073 0.993554 -0.112997 0.009060 0.112931 0.993574 0.007528 -0.009852 -0.006456 0.999931 
1731926425001972224.000000 -2559.301758 178.002197 142.466660 0.993562 -0.112920 0.009134 0.112852 0.993582 0.007697 -0.009944 -0.006616 0.999929 
1731926425035326208.000000 -2559.396973 178.687973 142.807434 0.993679 -0.111762 0.010565 0.111684 0.993714 0.007718 -0.011362 -0.006490 0.999914 
1731926425068680704.000000 -2559.404297 178.677490 142.801987 0.993675 -0.111818 0.010315 0.111743 0.993708 0.007645 -0.011105 -0.006444 0.999918 
1731926425102035200.000000 -2559.349365 178.315414 142.609589 0.993781 -0.110752 0.011540 0.110641 0.993812 0.009855 -0.012560 -0.008517 0.999885 
1731926425135390208.000000 -2559.337402 178.365707 142.658432 0.993806 -0.110460 0.012159 0.110347 0.993846 0.009674 -0.013153 -0.008272 0.999879 
1731926425168744960.000000 -2559.366699 178.420258 142.672165 0.993848 -0.110091 0.012065 0.109982 0.993889 0.009376 -0.013024 -0.007991 0.999883 
1731926425202100224.000000 -2559.331299 178.132004 142.513611 0.993941 -0.109133 0.013048 0.109029 0.994003 0.008440 -0.013891 -0.006967 0.999879 
1731926425235455744.000000 -2559.391846 178.604141 142.778854 0.993872 -0.109838 0.012412 0.109768 0.993938 0.006131 -0.013010 -0.004731 0.999904 
1731926425268811264.000000 -2559.377441 178.324860 142.626083 0.993759 -0.110998 0.011044 0.110937 0.993809 0.006021 -0.011644 -0.004758 0.999921 
1731926425302167296.000000 -2559.319580 177.746643 142.269638 0.993471 -0.113801 0.008079 0.113744 0.993483 0.007280 -0.008855 -0.006314 0.999941 
1731926425335522304.000000 -2559.313721 177.876205 142.353592 0.993527 -0.113257 0.008824 0.113199 0.993549 0.006865 -0.009544 -0.005822 0.999937 
1731926425368878336.000000 -2559.345703 177.862762 142.351105 0.993543 -0.113120 0.008700 0.113061 0.993564 0.006913 -0.009426 -0.005884 0.999938 
1731926425402245888.000000 -2559.294189 177.598648 142.194153 0.993701 -0.111598 0.010238 0.111512 0.993725 0.008700 -0.011145 -0.007503 0.999910 
1731926425435614208.000000 -2559.292969 177.466156 142.145950 0.993636 -0.112212 0.009847 0.112122 0.993652 0.009193 -0.010816 -0.008030 0.999909 
1731926425468982784.000000 -2559.329834 178.258301 142.573227 0.993813 -0.110459 0.011566 0.110369 0.993857 0.008160 -0.012396 -0.006833 0.999900 
1731926425502351872.000000 -2559.327881 178.039276 142.481384 0.993923 -0.109270 0.013273 0.109145 0.993977 0.009803 -0.014264 -0.008295 0.999864 
1731926425535721984.000000 -2559.243652 177.222382 141.940887 0.994221 -0.106083 0.016440 0.105993 0.994347 0.006259 -0.017011 -0.004480 0.999845 
1731926425569092608.000000 -2559.293701 177.433014 142.064148 0.994285 -0.105296 0.017631 0.105212 0.994434 0.005639 -0.018127 -0.003752 0.999829 
1731926425602464000.000000 -2559.187500 176.853806 141.725082 0.994190 -0.106420 0.016173 0.106337 0.994313 0.005912 -0.016710 -0.004158 0.999852 
1731926425635835904.000000 -2559.221191 176.960571 141.780304 0.994209 -0.106134 0.016842 0.106022 0.994336 0.007412 -0.017533 -0.005583 0.999831 
1731926425669208576.000000 -2559.259033 177.008682 141.843307 0.994212 -0.106096 0.016903 0.105988 0.994342 0.007156 -0.017567 -0.005323 0.999831 
1731926425702581760.000000 -2559.181641 176.654617 141.608047 0.994107 -0.107344 0.015099 0.107257 0.994210 0.006476 -0.015706 -0.004818 0.999865 
1731926425735955968.000000 -2559.185303 176.610413 141.658707 0.994095 -0.107416 0.015389 0.107327 0.994202 0.006521 -0.016000 -0.004831 0.999860 
1731926425769329408.000000 -2559.178467 176.646820 141.629471 0.994099 -0.107391 0.015309 0.107302 0.994205 0.006536 -0.015922 -0.004854 0.999861 
1731926425802704640.000000 -2559.209473 176.805099 141.730850 0.994182 -0.106448 0.016472 0.106363 0.994309 0.005987 -0.017015 -0.004200 0.999846 
1731926425836080640.000000 -2559.154785 176.581924 141.598724 0.994069 -0.107705 0.015046 0.107624 0.994173 0.006136 -0.015619 -0.004481 0.999868 
1731926425869456896.000000 -2559.146973 176.582886 141.596588 0.994080 -0.107578 0.015244 0.107496 0.994186 0.006163 -0.015819 -0.004488 0.999865 
1731926425902834176.000000 -2559.152832 176.766861 141.692200 0.994170 -0.106579 0.016311 0.106503 0.994297 0.005512 -0.016805 -0.003743 0.999852 
1731926425936212224.000000 -2559.057373 175.937119 141.162613 0.993803 -0.110525 0.011850 0.110433 0.993850 0.008147 -0.012678 -0.006788 0.999897 
1731926425969590784.000000 -2559.092773 176.069901 141.245789 0.993861 -0.109922 0.012534 0.109833 0.993921 0.007538 -0.013286 -0.006115 0.999893 
1731926426002969856.000000 -2559.115967 176.620636 141.590378 0.994153 -0.106822 0.015783 0.106748 0.994271 0.005477 -0.016278 -0.003760 0.999860 
1731926426036349440.000000 -2559.124512 176.626678 141.563812 0.994151 -0.106859 0.015644 0.106785 0.994267 0.005478 -0.016140 -0.003776 0.999863 
1731926426069730304.000000 -2558.921143 175.062378 140.639053 0.993344 -0.114991 0.006695 0.114908 0.993307 0.011688 -0.007994 -0.010841 0.999909 
1731926426103111168.000000 -2558.930420 175.062576 140.661758 0.993345 -0.114967 0.006998 0.114882 0.993311 0.011613 -0.008287 -0.010732 0.999908 
1731926426136493312.000000 -2558.903564 175.048416 140.649811 0.993318 -0.115188 0.007098 0.115101 0.993285 0.011705 -0.008399 -0.010810 0.999906 
1731926426169875712.000000 -2558.917480 175.031921 140.622406 0.993334 -0.115065 0.006863 0.114979 0.993298 0.011794 -0.008174 -0.010926 0.999907 
1731926426203258624.000000 -2558.935059 175.016769 140.688477 0.993326 -0.115129 0.006954 0.115046 0.993295 0.011398 -0.008219 -0.010522 0.999911 
1731926426236641280.000000 -2558.944092 175.017120 140.667145 0.993316 -0.115225 0.006829 0.115141 0.993281 0.011632 -0.008124 -0.010768 0.999909 
1731926426270025984.000000 -2558.970703 175.227539 140.754608 0.993207 -0.116254 0.005060 0.116199 0.993175 0.010021 -0.006190 -0.009365 0.999937 
1731926426303410944.000000 -2559.011475 175.258575 140.800690 0.993228 -0.116067 0.005239 0.116008 0.993194 0.010426 -0.006414 -0.009748 0.999932 
1731926426336796672.000000 -2559.060547 175.516449 140.894836 0.993257 -0.115791 0.005765 0.115727 0.993226 0.010422 -0.006933 -0.009685 0.999929 
1731926426370182656.000000 -2559.093262 175.612930 141.046249 0.993218 -0.116156 0.005082 0.116094 0.993177 0.011074 -0.006334 -0.010409 0.999926 
1731926426403531008.000000 -2559.067139 175.985474 141.246552 0.993042 -0.117703 0.003549 0.117650 0.992975 0.012635 -0.005011 -0.012130 0.999914 
1731926426436879360.000000 -2559.087646 175.984924 141.312286 0.993031 -0.117793 0.003842 0.117737 0.992966 0.012554 -0.005294 -0.012014 0.999914 
1731926426470227712.000000 -2559.054688 176.022552 141.290421 0.993023 -0.117876 0.003384 0.117825 0.992955 0.012571 -0.004842 -0.012085 0.999915 
1731926426503576320.000000 -2559.075195 175.983810 141.289764 0.993024 -0.117866 0.003333 0.117815 0.992955 0.012668 -0.004803 -0.012187 0.999914 
1731926426536924672.000000 -2559.036621 175.949829 141.279068 0.993016 -0.117932 0.003271 0.117883 0.992949 0.012445 -0.004716 -0.011973 0.999917 
1731926426570273024.000000 -2559.021484 175.942474 141.237839 0.992999 -0.118078 0.003260 0.118029 0.992932 0.012457 -0.004708 -0.011985 0.999917 
1731926426603621120.000000 -2559.125977 176.727966 141.714233 0.993458 -0.113935 0.007727 0.113862 0.993453 0.009280 -0.008733 -0.008340 0.999927 
1731926426636969472.000000 -2559.110107 176.705170 141.771317 0.993445 -0.114039 0.007920 0.113967 0.993444 0.009005 -0.008895 -0.008043 0.999928 
1731926426670317056.000000 -2559.110107 176.705887 141.761917 0.993450 -0.114004 0.007804 0.113932 0.993447 0.009111 -0.008791 -0.008162 0.999928 
1731926426703664896.000000 -2559.138672 176.679306 141.739609 0.993444 -0.114056 0.007756 0.113984 0.993440 0.009165 -0.008750 -0.008221 0.999928 
1731926426737012992.000000 -2559.129395 176.649704 141.695221 0.993423 -0.114261 0.007382 0.114192 0.993416 0.009197 -0.008384 -0.008294 0.999930 
1731926426770361600.000000 -2559.032959 175.970978 141.256134 0.992999 -0.118076 0.003260 0.118029 0.992937 0.012075 -0.004662 -0.011605 0.999922 
1731926426803709696.000000 -2558.995605 175.800812 141.159790 0.992978 -0.118268 0.002850 0.118225 0.992912 0.012230 -0.004276 -0.011807 0.999921 
1731926426837057792.000000 -2559.028564 175.917953 141.233673 0.993003 -0.118048 0.003092 0.118003 0.992939 0.012164 -0.004506 -0.011714 0.999921 
1731926426870406144.000000 -2559.022461 175.869614 141.225555 0.992999 -0.118083 0.002991 0.118040 0.992936 0.012046 -0.004393 -0.011609 0.999923 
1731926426903754240.000000 -2559.005371 175.828598 141.187683 0.992986 -0.118200 0.002899 0.118157 0.992920 0.012192 -0.004319 -0.011764 0.999922 
1731926426937102336.000000 -2559.001221 176.009476 141.297104 0.993010 -0.117977 0.003425 0.117923 0.992935 0.013209 -0.004959 -0.012713 0.999907 
1731926426970450432.000000 -2558.852783 176.126816 141.288498 0.993054 -0.117597 0.003774 0.117536 0.992977 0.013471 -0.005332 -0.012934 0.999902 
1731926427003798784.000000 -2559.380127 175.228058 142.088577 0.993420 -0.114367 -0.006031 0.114392 0.993428 0.004022 0.005531 -0.004686 0.999974 
1731926427037146880.000000 -2559.386719 175.117081 142.071381 0.993404 -0.114497 -0.006199 0.114520 0.993414 0.003641 0.005741 -0.004327 0.999974 
1731926427070494976.000000 -2559.440918 175.230530 142.062927 0.993402 -0.114521 -0.006091 0.114548 0.993409 0.004180 0.005572 -0.004850 0.999973 
1731926427103841792.000000 -2559.406250 175.339859 142.131836 0.993439 -0.114220 -0.005773 0.114251 0.993438 0.005230 0.005138 -0.005856 0.999970 
1731926427137189888.000000 -2559.420654 173.629395 140.694489 0.993411 -0.114063 -0.011146 0.113928 0.993416 -0.012063 0.012449 0.010714 0.999865 
1731926427170537984.000000 -2559.369141 173.474670 140.598816 0.993462 -0.113663 -0.010660 0.113517 0.993446 -0.013370 0.012110 0.012072 0.999854 
1731926427203886080.000000 -2559.329834 173.498718 140.636917 0.993478 -0.113554 -0.010336 0.113412 0.993458 -0.013395 0.011790 0.012136 0.999857 
1731926427237233920.000000 -2559.343750 173.479767 140.721542 0.993494 -0.113443 -0.010042 0.113305 0.993471 -0.013337 0.011489 0.012112 0.999861 
1731926427270581760.000000 -2559.375732 173.426956 140.916412 0.993483 -0.113579 -0.009528 0.113456 0.993463 -0.012598 0.010897 0.011435 0.999875 
1731926427303930112.000000 -2559.578613 173.349152 141.232758 0.993487 -0.113589 -0.008986 0.113469 0.993459 -0.012819 0.010384 0.011716 0.999877 
1731926427337277952.000000 -2560.002197 173.245071 141.943207 0.993437 -0.114372 -0.001448 0.114361 0.993421 -0.006065 0.002132 0.005859 0.999981 
1731926427370625792.000000 -2560.112305 171.998901 144.082199 0.994182 -0.107053 -0.011922 0.106764 0.994026 -0.022671 0.014278 0.021266 0.999672 
1731926427403974400.000000 -2560.387451 171.101654 145.948456 0.994857 -0.100767 -0.010252 0.100515 0.994676 -0.022726 0.012488 0.021579 0.999689 
1731926427437323008.000000 -2561.059814 169.764191 149.263565 0.996120 -0.087472 -0.009719 0.087256 0.995970 -0.020761 0.011496 0.019833 0.999737 
1731926427470671616.000000 -2561.739502 169.254486 152.299194 0.996825 -0.079619 0.000666 0.079622 0.996810 -0.005411 -0.000233 0.005447 0.999985 
1731926427504020224.000000 -2562.510498 169.172852 156.540985 0.997506 -0.070578 0.000557 0.070579 0.997503 -0.002405 -0.000386 0.002438 0.999997 
1731926427537368832.000000 -2563.218262 169.185059 163.766876 0.998462 -0.054993 -0.006970 0.055001 0.998486 0.001018 0.006904 -0.001399 0.999975 
1731926427570716416.000000 -2564.093506 169.047821 168.174622 0.998786 -0.049162 -0.003140 0.049170 0.998787 0.002548 0.003011 -0.002700 0.999992 
1731926427604065024.000000 -2564.870605 168.728928 174.655762 0.999069 -0.038926 -0.018615 0.038594 0.999095 -0.017883 0.019294 0.017148 0.999667 
1731926427637413376.000000 -2566.123047 170.078217 184.080811 0.999468 -0.032047 -0.006052 0.031998 0.999455 -0.008135 0.006310 0.007937 0.999949 
1731926427670761984.000000 -2566.781006 169.615234 191.389099 0.999495 -0.025637 -0.018786 0.025144 0.999346 -0.025991 0.019440 0.025506 0.999486 
1731926427704110336.000000 -2567.843994 170.072174 199.646591 0.999614 -0.020881 -0.018321 0.020395 0.999446 -0.026306 0.018860 0.025922 0.999486 
1731926427737458944.000000 -2569.194580 170.466476 210.304581 0.999707 -0.022167 -0.009771 0.022055 0.999692 -0.011386 0.010020 0.011167 0.999887 
1731926427770807552.000000 -2570.200195 171.258362 219.500870 0.999758 -0.019807 -0.009534 0.019737 0.999777 -0.007447 0.009680 0.007257 0.999927 
1731926427804156160.000000 -2570.875488 171.269867 227.894958 0.999682 -0.021700 -0.012854 0.021637 0.999753 -0.005003 0.012960 0.004723 0.999905 
1731926427837504512.000000 -2571.409912 172.434082 240.848389 0.999649 -0.019874 -0.017508 0.019862 0.999802 -0.000889 0.017522 0.000541 0.999846 
1731926427870852864.000000 -2571.754150 173.117462 249.730713 0.999629 -0.022011 -0.016052 0.022058 0.999753 0.002735 0.015988 -0.003088 0.999867 
1731926427904201472.000000 -2571.968994 173.878998 258.332062 0.999552 -0.025092 -0.016331 0.025178 0.999670 0.005076 0.016199 -0.005485 0.999854 
1731926427937549824.000000 -2572.142578 174.151230 268.799103 0.999409 -0.032313 -0.011731 0.032378 0.999461 0.005366 0.011551 -0.005743 0.999917 
1731926427970898176.000000 -2571.753174 174.389053 277.475128 0.999186 -0.034042 -0.021626 0.033956 0.999414 -0.004325 0.021760 0.003587 0.999757 
1731926428004245760.000000 -2571.326904 174.698914 285.737183 0.999060 -0.038673 -0.019565 0.038607 0.999248 -0.003715 0.019694 0.002956 0.999802 
1731926428037594368.000000 -2570.718018 174.917923 296.703461 0.998766 -0.045164 -0.020637 0.045063 0.998970 -0.005339 0.020856 0.004402 0.999773 
1731926428070942720.000000 -2570.192627 174.750763 305.059875 0.998598 -0.048561 -0.021071 0.048413 0.998799 -0.007480 0.021409 0.006449 0.999750 
1731926428104291072.000000 -2569.477051 174.556229 313.022705 0.998389 -0.052756 -0.020900 0.052618 0.998590 -0.007074 0.021243 0.005962 0.999757 
1731926428137639424.000000 -2568.408203 174.068756 323.223846 0.998173 -0.059760 -0.008943 0.059817 0.998189 0.006330 0.008549 -0.006853 0.999940 
1731926428170987776.000000 -2567.401367 173.213516 331.195160 0.997984 -0.061167 -0.016932 0.061113 0.998124 -0.003690 0.017126 0.002648 0.999850 
1731926428204336128.000000 -2566.564453 172.425613 339.024750 0.997795 -0.064302 -0.016425 0.064199 0.997915 -0.006684 0.016821 0.005615 0.999843 
1731926428237684480.000000 -2565.265381 171.710632 349.348328 0.997508 -0.070423 -0.004370 0.070443 0.997504 0.004839 0.004019 -0.005135 0.999979 
1731926428271032832.000000 -2564.401367 171.188080 357.524841 0.997405 -0.071935 -0.002933 0.071944 0.997403 0.003234 0.002692 -0.003436 0.999990 
1731926428304381184.000000 -2563.523926 170.723953 365.986298 0.997734 -0.066931 -0.006937 0.066860 0.997712 -0.009995 0.007590 0.009508 0.999926 
1731926428337729536.000000 -2562.379883 169.601822 376.383545 0.997503 -0.070602 0.001937 0.070602 0.997505 0.000028 -0.001934 0.000109 0.999998 
1731926428371077888.000000 -2561.185791 167.396851 387.090576 0.997390 -0.071773 -0.007899 0.071670 0.997347 -0.012707 0.008791 0.012108 0.999888 
1731926428404426240.000000 -2560.799561 166.686325 392.489441 0.997386 -0.071904 -0.007136 0.071814 0.997344 -0.012117 0.007988 0.011573 0.999901 
1731926428437773824.000000 -2560.413574 165.274353 403.054932 0.997095 -0.076084 0.003659 0.076088 0.997101 -0.000998 -0.003572 0.001274 0.999993 
1731926428471122432.000000 -2560.208008 164.271683 411.188232 0.997017 -0.077058 0.004361 0.077072 0.997021 -0.002943 -0.004121 0.003270 0.999986 
1731926428504471296.000000 -2560.185059 163.706589 419.350769 0.996944 -0.077933 0.005375 0.077954 0.996950 -0.003727 -0.005069 0.004135 0.999979 
1731926428537819648.000000 -2560.135254 161.892563 429.586334 0.996854 -0.079139 -0.004289 0.079067 0.996757 -0.014953 0.005459 0.014567 0.999879 
1731926428571168256.000000 -2560.445801 161.311188 436.642639 0.996527 -0.083178 0.003998 0.083186 0.996532 -0.001854 -0.003830 0.002180 0.999990 
1731926428604516864.000000 -2560.650879 160.576721 443.704346 0.996354 -0.085251 0.003408 0.085243 0.996358 0.002310 -0.003592 -0.002011 0.999992 
1731926428637865216.000000 -2560.914062 159.539368 453.192505 0.996279 -0.085962 -0.006252 0.085954 0.996298 -0.001599 0.006367 0.001056 0.999979 
1731926428671213568.000000 -2561.473877 159.193558 459.654175 0.996021 -0.089087 0.002223 0.089052 0.995949 0.012483 -0.003326 -0.012235 0.999920 
1731926428704562176.000000 -2561.635498 158.677429 466.280243 0.996000 -0.089212 -0.005108 0.089232 0.996004 0.003790 0.004749 -0.004230 0.999980 
1731926428737910784.000000 -2562.370117 158.643219 474.854523 0.995763 -0.091943 0.001720 0.091920 0.995710 0.010562 -0.002684 -0.010359 0.999943 
1731926428771259392.000000 -2562.563721 158.211823 481.438049 0.995852 -0.090706 -0.007091 0.090672 0.995869 -0.004921 0.007508 0.004258 0.999963 
1731926428804607744.000000 -2563.040527 158.149612 487.392303 0.995618 -0.093437 0.003897 0.093420 0.995618 0.004244 -0.004276 -0.003861 0.999983 
1731926428837956096.000000 -2563.550293 157.925049 495.577393 0.995541 -0.094259 0.003542 0.094264 0.995547 -0.001215 -0.003412 0.001544 0.999993 
1731926428871303680.000000 -2563.540283 157.410400 501.787018 0.995695 -0.092653 -0.002717 0.092622 0.995652 -0.009957 0.003627 0.009662 0.999947 
1731926428904652032.000000 -2563.648193 157.101471 507.647919 0.995648 -0.093185 -0.001420 0.093169 0.995610 -0.009007 0.002253 0.008836 0.999958 
1731926428938000384.000000 -2564.119629 157.073044 515.227173 0.995247 -0.097187 0.006164 0.097179 0.995266 0.001583 -0.006288 -0.000977 0.999980 
1731926428971348992.000000 -2564.205322 157.876526 521.968262 0.995104 -0.098293 0.010356 0.098148 0.995078 0.013696 -0.011651 -0.012613 0.999853 
1731926429038045952.000000 -2564.180420 157.149521 536.061340 0.994639 -0.103003 0.009134 0.102889 0.994617 0.012253 -0.010347 -0.011247 0.999883 
1731926429071394304.000000 -2564.051025 157.056610 542.454224 0.994473 -0.104722 0.007502 0.104631 0.994442 0.011708 -0.008686 -0.010858 0.999903 
1731926429104742656.000000 -2563.730713 156.418671 548.460083 0.994180 -0.107636 0.004612 0.107603 0.994170 0.006898 -0.005328 -0.006361 0.999966 
1731926429138091008.000000 -2563.319092 156.314911 556.953003 0.993754 -0.111550 0.003129 0.111526 0.993738 0.006880 -0.003876 -0.006488 0.999971 
1731926429171439360.000000 -2562.633301 156.136581 563.700562 0.993587 -0.112988 -0.004363 0.112998 0.993593 0.001999 0.004109 -0.002479 0.999988 
1731926429204787968.000000 -2562.462646 156.588669 569.673401 0.993246 -0.115992 0.002775 0.115946 0.993169 0.013078 -0.004273 -0.012668 0.999911 
1731926429238136320.000000 -2561.792236 155.756897 577.230713 0.992769 -0.120024 0.001910 0.119990 0.992693 0.012803 -0.003432 -0.012481 0.999916 
1731926429271484672.000000 -2561.204346 155.392105 582.954773 0.992489 -0.122300 0.002727 0.122244 0.992381 0.015368 -0.004586 -0.014919 0.999878 
1731926429304833024.000000 -2560.628174 155.175339 588.568481 0.992280 -0.123976 0.003181 0.123904 0.992145 0.017178 -0.005285 -0.016651 0.999847 
1731926429338180352.000000 -2559.724854 154.891693 596.696350 0.992278 -0.124026 -0.001193 0.124030 0.992164 0.015049 -0.000683 -0.015081 0.999886 
1731926429371528704.000000 -2559.548096 154.325043 601.290710 0.991832 -0.127471 0.004518 0.127344 0.991619 0.021817 -0.007261 -0.021063 0.999752 
1731926429404877312.000000 -2559.342773 154.777451 606.797241 0.991782 -0.127733 0.007311 0.127487 0.991456 0.027609 -0.010775 -0.026450 0.999592 
1731926429438226432.000000 -2559.052734 153.636581 613.251709 0.991688 -0.128353 0.008965 0.128099 0.991452 0.024760 -0.012067 -0.023406 0.999653 
1731926429471575296.000000 -2559.031250 153.780869 618.563721 0.991791 -0.127278 0.012296 0.126879 0.991492 0.029067 -0.015891 -0.027268 0.999502 
1731926429504924160.000000 -2559.099121 153.378860 623.547119 0.991924 -0.126014 0.014434 0.125570 0.991680 0.028337 -0.017885 -0.026296 0.999494 
1731926429538273024.000000 -2559.207031 152.683502 630.008240 0.992148 -0.123908 0.016991 0.123442 0.992007 0.026159 -0.020097 -0.023856 0.999513 
1731926429571621888.000000 -2559.487061 152.262115 634.811096 0.992263 -0.122759 0.018560 0.122268 0.992167 0.025611 -0.021558 -0.023144 0.999500 
1731926429604970752.000000 -2559.906006 151.486572 641.411194 0.992448 -0.120976 0.020302 0.120518 0.992458 0.022428 -0.022862 -0.019812 0.999542 
1731926429638319616.000000 -2560.387695 151.131119 646.368469 0.992552 -0.119896 0.021559 0.119425 0.992601 0.021955 -0.024032 -0.019216 0.999527 
1731926429671668224.000000 -2560.833008 149.845016 651.010254 0.992608 -0.119496 0.021234 0.119089 0.992692 0.019514 -0.023410 -0.016841 0.999584 
1731926429705017088.000000 -2561.924805 150.864975 656.974121 0.992770 -0.118130 0.021276 0.117772 0.992888 0.017405 -0.023181 -0.014773 0.999622 
1731926429738365952.000000 -2562.416504 150.968277 664.690369 0.992864 -0.118015 0.017115 0.117809 0.992956 0.012594 -0.018481 -0.010488 0.999774 
1731926429771714048.000000 -2563.365967 150.045532 669.218201 0.992846 -0.116938 0.024129 0.116641 0.993084 0.013383 -0.025527 -0.010473 0.999619 
1731926429805062656.000000 -2564.097412 149.784393 676.330872 0.992934 -0.116367 0.023254 0.116157 0.993179 0.010178 -0.024280 -0.007405 0.999678 
1731926429838411264.000000 -2564.406494 149.574310 681.343079 0.992952 -0.116051 0.024055 0.115837 0.993217 0.010101 -0.025064 -0.007244 0.999660 
1731926429871760384.000000 -2564.758057 149.597412 686.092102 0.992921 -0.116831 0.021390 0.116654 0.993129 0.009311 -0.022331 -0.006750 0.999728 
1731926429905109248.000000 -2564.924805 149.516403 690.454651 0.992916 -0.116837 0.021603 0.116633 0.993120 0.010454 -0.022676 -0.007860 0.999712 
1731926429938457856.000000 -2565.054443 149.947968 695.640869 0.992719 -0.119129 0.017789 0.118947 0.992840 0.010947 -0.018966 -0.008751 0.999782 
1731926429971806720.000000 -2565.058105 149.182175 698.385498 0.992945 -0.116840 0.020231 0.116636 0.993114 0.011018 -0.021379 -0.008581 0.999735 
1731926430005155584.000000 -2564.961426 149.047028 701.479980 0.992838 -0.117798 0.019925 0.117570 0.992989 0.012211 -0.021224 -0.009781 0.999727 
1731926430038504448.000000 -2564.945801 148.901428 702.973816 0.992375 -0.122319 0.015186 0.122185 0.992462 0.009494 -0.016232 -0.007566 0.999840 
1731926430071853056.000000 -2564.753174 148.345535 703.823730 0.992435 -0.121552 0.017243 0.121399 0.992557 0.009673 -0.018290 -0.007506 0.999805 
1731926430105201920.000000 -2564.541748 148.631973 703.769958 0.992181 -0.123727 0.016404 0.123527 0.992260 0.012710 -0.017850 -0.010584 0.999785 
1731926430138550528.000000 -2564.304199 147.818253 701.874573 0.992334 -0.122279 0.017913 0.122046 0.992432 0.013575 -0.019437 -0.011285 0.999747 
1731926430171899648.000000 -2563.922607 147.802979 698.386597 0.992410 -0.121191 0.020844 0.120771 0.992472 0.020354 -0.023153 -0.017682 0.999576 
1731926430205248256.000000 -2563.598877 146.482544 694.255920 0.992351 -0.121920 0.019389 0.121612 0.992443 0.016338 -0.021234 -0.013855 0.999679 
1731926430238595840.000000 -2563.291016 146.840973 690.411560 0.992534 -0.119981 0.021932 0.119617 0.992671 0.017227 -0.023838 -0.014475 0.999611 
1731926430271944704.000000 -2562.970947 146.556885 686.098145 0.992356 -0.121761 0.020096 0.121479 0.992485 0.014683 -0.021733 -0.012130 0.999690 
1731926430305293568.000000 -2562.603271 146.071213 681.083069 0.992405 -0.121561 0.018859 0.121348 0.992537 0.012060 -0.020184 -0.009680 0.999749 
1731926430338642432.000000 -2562.072998 144.160583 673.786438 0.992655 -0.119769 0.017076 0.119703 0.992798 0.004835 -0.017532 -0.002755 0.999843 
1731926430405339904.000000 -2561.343994 143.346176 663.196655 0.993027 -0.116868 0.015465 0.116758 0.993129 0.007834 -0.016275 -0.005974 0.999850 
1731926430505386496.000000 -2560.403809 141.281586 643.685913 0.992432 -0.121740 0.016080 0.121762 0.992559 -0.000392 -0.015913 0.002347 0.999871 
1731926430538735360.000000 -2560.219971 140.727188 638.365417 0.992103 -0.124655 0.013917 0.124703 0.992191 -0.002594 -0.013485 0.004309 0.999900 
1731926430572084224.000000 -2560.051270 140.195923 633.123291 0.991928 -0.126088 0.013478 0.126145 0.992006 -0.003480 -0.012931 0.005152 0.999903 
1731926430605433088.000000 -2559.864990 140.178329 628.419556 0.991268 -0.131467 0.010250 0.131501 0.991312 -0.002738 -0.009801 0.004062 0.999944 
1731926430638781696.000000 -2559.520264 138.908676 621.123047 0.990904 -0.134385 0.007030 0.134433 0.990899 -0.006917 -0.006037 0.007799 0.999951 
1731926430772176384.000000 -2558.091553 137.525330 596.357971 0.990766 -0.135316 0.008540 0.135292 0.990800 0.003327 -0.008911 -0.002141 0.999958 
1731926430805524736.000000 -2557.767334 137.525879 588.278320 0.990720 -0.135752 0.006738 0.135721 0.990735 0.004929 -0.007344 -0.003968 0.999965 
1731926430838873856.000000 -2557.555176 137.303162 582.050842 0.990636 -0.136386 0.006295 0.136375 0.990655 0.002064 -0.006517 -0.001186 0.999978 
1731926430872222720.000000 -2557.168945 138.276413 577.019287 0.991136 -0.132802 0.003700 0.132797 0.991142 0.001548 -0.003872 -0.001043 0.999992 
1731926430905571584.000000 -2556.710205 137.604034 568.407043 0.990552 -0.137132 -0.001078 0.137129 0.990549 -0.002864 0.001460 0.002689 0.999995 
1731926431005617920.000000 -2555.778564 137.700134 546.244507 0.990481 -0.137410 0.008115 0.137363 0.990502 0.006043 -0.008869 -0.004871 0.999949 
1731926431272407808.000000 -2551.941895 137.047012 489.819336 0.991664 -0.128671 0.006818 0.128717 0.991658 -0.006803 -0.005886 0.007624 0.999954 
1731926431305756672.000000 -2551.802734 137.141983 480.436249 0.991262 -0.131554 0.009616 0.131589 0.991299 -0.003122 -0.009121 0.004360 0.999949 
1731926431339105280.000000 -2551.493652 137.137741 473.574005 0.991320 -0.131136 0.009430 0.131180 0.991349 -0.004271 -0.008788 0.005471 0.999946 
1731926431372454144.000000 -2551.130615 136.816452 466.597321 0.991392 -0.130550 0.009967 0.130581 0.991434 -0.002531 -0.009551 0.003810 0.999947 
1731926431405802752.000000 -2550.325684 134.854767 459.138977 0.991198 -0.132374 -0.001780 0.132302 0.990960 -0.022216 0.004705 0.021785 0.999752 
1731926431439151360.000000 -2549.924316 134.666672 449.630768 0.991622 -0.129175 -0.000103 0.129136 0.991339 -0.023878 0.003187 0.023664 0.999715 
1731926431472499968.000000 -2550.032227 136.165482 442.708252 0.991823 -0.127031 0.012255 0.127081 0.991886 -0.003399 -0.011723 0.004928 0.999919 
1731926431539195904.000000 -2548.662109 133.441879 424.871796 0.991508 -0.130044 -0.000208 0.130004 0.991237 -0.023434 0.003254 0.023208 0.999725 
1731926431572544512.000000 -2548.371826 134.124695 417.736298 0.991578 -0.129464 0.003347 0.129506 0.991373 -0.020201 -0.000703 0.020465 0.999790 
1731926431605893120.000000 -2548.104492 133.674408 407.160828 0.991731 -0.127764 0.012068 0.127981 0.991588 -0.019353 -0.009494 0.020737 0.999740 
1731926431639241472.000000 -2547.197998 133.268738 400.027283 0.991766 -0.128036 0.002767 0.128058 0.991234 -0.032492 0.001417 0.032579 0.999468 
1731926431672590080.000000 -2546.632324 133.754623 392.742218 0.992101 -0.125371 0.004270 0.125443 0.991594 -0.031701 -0.000260 0.031987 0.999488 
1731926431739287040.000000 -2545.471436 133.739792 375.847321 0.992521 -0.122013 0.003972 0.122078 0.991916 -0.034638 0.000286 0.034863 0.999392 
1731926431772635648.000000 -2545.168945 133.947510 368.306519 0.992275 -0.123357 0.013141 0.123641 0.992048 -0.023550 -0.010131 0.024992 0.999636 
1731926431805984256.000000 -2544.298828 133.677139 359.252991 0.992761 -0.120020 0.004597 0.120106 0.992211 -0.033043 -0.000595 0.033356 0.999443 
1731926431839332864.000000 -2543.822510 134.048660 352.457397 0.992935 -0.118465 0.006853 0.118623 0.992443 -0.031405 -0.003080 0.031996 0.999483 
1731926431872681216.000000 -2543.406738 134.057327 345.847321 0.993035 -0.117669 0.005996 0.117802 0.992516 -0.032164 -0.002166 0.032646 0.999465 
1731926431906029824.000000 -2543.018311 134.480026 337.130066 0.992886 -0.117775 0.017506 0.118114 0.992803 -0.019774 -0.015051 0.021701 0.999651 
1731926431939378176.000000 -2542.683350 135.494247 331.174438 0.993234 -0.114692 0.018230 0.114989 0.993236 -0.016140 -0.016256 0.018127 0.999704 
1731926431972726528.000000 -2541.915527 134.476273 324.890930 0.993696 -0.111902 0.006778 0.112060 0.993219 -0.030972 -0.003266 0.031537 0.999497 
1731926432006074112.000000 -2541.273682 135.075104 316.372986 0.993468 -0.112647 0.018230 0.112927 0.993488 -0.015138 -0.016406 0.017097 0.999719 
1731926432039422720.000000 -2540.620605 134.528717 310.264801 0.993996 -0.109187 0.007085 0.109347 0.993589 -0.028707 -0.003905 0.029310 0.999563 
1731926432072771072.000000 -2540.154785 134.737213 304.202881 0.994193 -0.107410 0.006624 0.107551 0.993832 -0.027033 -0.003680 0.027589 0.999613 
1731926432106119680.000000 -2540.492432 137.764236 296.836456 0.995333 -0.092763 0.026591 0.093335 0.995411 -0.021127 -0.024509 0.023510 0.999423 
1731926432139468032.000000 -2539.995361 136.955292 290.423920 0.996131 -0.086278 0.016683 0.086846 0.995535 -0.036993 -0.013417 0.038298 0.999176 
1731926432172816640.000000 -2538.884521 134.312012 281.980255 0.994834 -0.100374 0.015151 0.100707 0.994648 -0.023112 -0.012750 0.024518 0.999618 
1731926432206164736.000000 -2538.306396 133.919449 273.671936 0.995426 -0.095186 0.008139 0.095416 0.994811 -0.035320 -0.004734 0.035935 0.999343 
1731926432239513344.000000 -2538.087646 134.048737 267.343079 0.995508 -0.094202 0.009441 0.094478 0.994908 -0.035111 -0.006085 0.035845 0.999339 
1731926432272861952.000000 -2537.845459 133.507675 260.898438 0.995606 -0.093095 0.010063 0.093403 0.994959 -0.036494 -0.006614 0.037274 0.999283 
1731926432306210304.000000 -2537.905518 133.597351 252.787399 0.995314 -0.094424 0.020831 0.094981 0.995096 -0.027600 -0.018122 0.029450 0.999402 
1731926432339558656.000000 -2537.514648 132.958954 247.378860 0.995552 -0.093595 0.010773 0.093969 0.994688 -0.042017 -0.006783 0.042843 0.999059 
1731926432372907008.000000 -2537.326172 132.400101 241.713654 0.995670 -0.092225 0.011615 0.092648 0.994742 -0.043641 -0.007530 0.044528 0.998980 
1731926432406255104.000000 -2537.535400 134.598389 236.032486 0.995983 -0.083347 0.032742 0.084561 0.995707 -0.037634 -0.029465 0.040252 0.998755 
1731926432439601664.000000 -2536.920898 131.221558 229.679550 0.995746 -0.091512 0.010771 0.091931 0.994578 -0.048622 -0.006263 0.049405 0.998759 
1731926432472949248.000000 -2536.769043 130.653610 224.823563 0.995848 -0.090512 0.009663 0.090879 0.994658 -0.048951 -0.005181 0.049626 0.998754 
1731926432506297088.000000 -2536.549561 130.472900 218.431595 0.995685 -0.090819 0.019052 0.091500 0.995058 -0.038554 -0.015456 0.040130 0.999075 
1731926432539644672.000000 -2536.353760 130.029465 214.259537 0.995758 -0.090087 0.018737 0.090766 0.995099 -0.039248 -0.015109 0.040782 0.999054 
1731926432572992512.000000 -2536.277588 129.608887 209.978912 0.995785 -0.089519 0.019957 0.090284 0.995053 -0.041453 -0.016148 0.043080 0.998941 
1731926432606340096.000000 -2536.134277 128.860703 205.235596 0.996182 -0.086449 0.012149 0.087004 0.994582 -0.056890 -0.007165 0.057730 0.998307 
1731926432639687680.000000 -2536.221680 129.215118 202.489944 0.996287 -0.083956 0.019091 0.084791 0.995233 -0.048193 -0.014953 0.049632 0.998656 
1731926432673035520.000000 -2536.242676 128.865204 199.280945 0.996325 -0.082948 0.021355 0.083949 0.995151 -0.051249 -0.017000 0.052853 0.998458 
1731926432706383104.000000 -2536.103271 128.520325 196.274277 0.996474 -0.080238 0.024512 0.081561 0.994932 -0.058810 -0.019669 0.060602 0.997968 
1731926432739731200.000000 -2536.068359 127.424782 193.849854 0.996622 -0.079888 0.019039 0.081085 0.993973 -0.073779 -0.013030 0.075074 0.997093 
1731926432773078784.000000 -2536.368652 130.823334 195.081787 0.997171 -0.063783 0.039764 0.066417 0.995411 -0.068887 -0.035188 0.071333 0.996832 
1731926432806426368.000000 -2536.037598 126.816406 192.072754 0.996928 -0.076191 0.018153 0.077403 0.993818 -0.079589 -0.011977 0.080749 0.996662 
1731926432839773952.000000 -2536.067871 126.800957 192.273514 0.997048 -0.074680 0.017854 0.075852 0.994073 -0.077883 -0.011932 0.079008 0.996803 
1731926432873120256.000000 -2535.964600 126.415039 192.865280 0.997116 -0.074128 0.016270 0.075155 0.994281 -0.075876 -0.010553 0.076879 0.996985 
1731926432906468096.000000 -2535.834229 126.185043 194.463013 0.997151 -0.073536 0.016795 0.074546 0.994708 -0.070700 -0.011507 0.071751 0.997356 
1731926432939815680.000000 -2536.220703 126.383766 196.169617 0.996847 -0.075496 0.024441 0.076844 0.995237 -0.059984 -0.019796 0.061673 0.997900 
1731926432973163264.000000 -2536.055420 126.053978 198.783401 0.997135 -0.073827 0.016457 0.074790 0.994830 -0.068694 -0.011300 0.069728 0.997502 
1731926433006510848.000000 -2536.253174 126.772499 203.408447 0.997055 -0.073718 0.021156 0.074851 0.995446 -0.059029 -0.016709 0.060439 0.998032 
1731926433039858432.000000 -2536.399414 127.062904 206.533600 0.996943 -0.075066 0.021691 0.076215 0.995394 -0.058164 -0.017225 0.059639 0.998071 
1731926433073206272.000000 -2536.560547 127.426643 210.047638 0.996846 -0.076337 0.021688 0.077473 0.995333 -0.057527 -0.017195 0.059026 0.998108 
1731926433106553856.000000 -2537.033203 126.982750 214.535141 0.996896 -0.077272 0.015060 0.078142 0.994488 -0.069906 -0.009575 0.070866 0.997440 
