1731926709202942976.000000 -2453.582275 87.447075 140.246964 0.999420 -0.033380 0.006737 0.033300 0.999378 0.011594 -0.007120 -0.011362 0.999910
1731926709236286720.000000 -2453.587402 87.500328 140.201935 0.999409 -0.033594 0.007225 0.033505 0.999365 0.012110 -0.007628 -0.011861 0.999901
1731926709269628672.000000 -2453.580078 86.962936 139.923065 0.999402 -0.034262 0.004740 0.034221 0.999377 0.008667 -0.005034 -0.008500 0.999951
1731926709302968320.000000 -2453.559570 87.173103 140.015930 0.999415 -0.033787 0.005278 0.033740 0.999392 0.008814 -0.005573 -0.008631 0.999947
1731926709336305664.000000 -2453.550781 87.148964 140.041626 0.999417 -0.033741 0.005132 0.033697 0.999396 0.008441 -0.005413 -0.008263 0.999951
1731926709369640704.000000 -2453.551514 87.157890 140.046036 0.999418 -0.033742 0.005088 0.033698 0.999396 0.008503 -0.005372 -0.008326 0.999951
1731926709402973440.000000 -2453.613037 87.186905 139.981293 0.999364 -0.035452 0.003710 0.035423 0.999344 0.007569 -0.003976 -0.007432 0.999964
1731926709436303872.000000 -2453.630615 88.167145 140.664734 0.999318 -0.036793 0.003110 0.036752 0.999251 0.012101 -0.003553 -0.011979 0.999922
1731926709469632000.000000 -2453.605713 87.868935 140.419220 0.999308 -0.037135 0.001926 0.037116 0.999269 0.009209 -0.002267 -0.009131 0.999956
1731926709502957568.000000 -2453.761719 88.975456 141.100189 0.999449 -0.032301 0.007595 0.032234 0.999442 0.008797 -0.007875 -0.008547 0.999932
1731926709536280832.000000 -2453.750000 88.519501 140.812729 0.999443 -0.032899 0.005637 0.032868 0.999444 0.005524 -0.005816 -0.005335 0.999969
1731926709569601792.000000 -2453.780762 88.795723 141.057007 0.999446 -0.032458 0.007321 0.032395 0.999438 0.008618 -0.007597 -0.008376 0.999936
1731926709602920192.000000 -2453.803223 88.856850 141.079300 0.999448 -0.032406 0.007292 0.032342 0.999438 0.008772 -0.007572 -0.008531 0.999935
1731926709636236544.000000 -2453.623291 87.943855 140.564011 0.999308 -0.037131 0.002288 0.037102 0.999244 0.011639 -0.002718 -0.011546 0.999930
1731926709669549824.000000 -2453.598145 88.051224 140.645645 0.999334 -0.036357 0.003081 0.036320 0.999276 0.011340 -0.003491 -0.011220 0.999931
1731926709702861056.000000 -nan -nan -nan -nan -nan -nan -nan -nan -nan -nan -nan -nan
1731926709736170240.000000 -2453.626953 88.143127 140.684906 0.999324 -0.036663 0.002848 0.036628 0.999261 0.011697 -0.003275 -0.011584 0.999928
1731926709802781696.000000 -2453.623535 87.971512 140.527771 0.999305 -0.037172 0.002632 0.037137 0.999236 0.012174 -0.003082 -0.012068 0.999922
1731926709836083968.000000 -2453.602051 87.403061 140.171860 0.999377 -0.035141 0.003348 0.035117 0.999359 0.006934 -0.003589 -0.006813 0.999970
1731926709869383680.000000 -2453.629395 87.743904 140.348160 0.999376 -0.034931 0.005179 0.034877 0.999341 0.010031 -0.005526 -0.009844 0.999936
1731926709902681088.000000 -2453.593994 87.202248 140.043091 0.999360 -0.035650 0.002894 0.035629 0.999340 0.007029 -0.003143 -0.006922 0.999971
1731926709935976960.000000 -2453.597656 87.437912 140.137131 0.999371 -0.035280 0.003707 0.035253 0.999353 0.007200 -0.003959 -0.007065 0.999967
1731926709969257472.000000 -2454.047852 86.465187 141.060150 0.999471 -0.031730 -0.007126 0.031709 0.999492 -0.003084 0.007220 0.002857 0.999970
1731926710002534144.000000 -2453.947998 86.532860 139.603134 0.999285 -0.037793 0.000706 0.037794 0.999285 -0.000435 -0.000689 0.000461 1.000000
1731926710035807488.000000 -2453.515625 86.687614 139.502823 0.999307 -0.037176 0.001638 0.037175 0.999309 0.000384 -0.001651 -0.000323 0.999999
1731926710069077760.000000 -2453.959473 85.520638 140.594482 0.999403 -0.032519 -0.011643 0.032378 0.999403 -0.012071 0.012029 0.011687 0.999859
1731926710102343424.000000 -2454.156738 85.922775 139.864731 0.999373 -0.035344 -0.002222 0.035337 0.999370 -0.003223 0.002334 0.003142 0.999992
1731926710135606784.000000 -2454.179932 85.750130 139.727600 0.999347 -0.036004 -0.002973 0.035995 0.999347 -0.003112 0.003084 0.003003 0.999991
1731926710168866560.000000 -2454.122314 85.831734 140.240524 0.999408 -0.032389 -0.011632 0.032240 0.999399 -0.012765 0.012038 0.012382 0.999851
1731926710202123264.000000 -2454.119873 85.863190 140.259567 0.999412 -0.032344 -0.011374 0.032195 0.999397 -0.013024 0.011788 0.012651 0.999851
1731926710235376384.000000 -2454.046143 86.376137 140.783936 0.999329 -0.034618 -0.011981 0.034528 0.999375 -0.007637 0.012238 0.007219 0.999899
1731926710268626176.000000 -2454.037354 86.317879 140.725906 0.999345 -0.034186 -0.011902 0.034087 0.999383 -0.008442 0.012183 0.008031 0.999894
1731926710301872384.000000 -2454.089844 85.793945 140.289368 0.999410 -0.032325 -0.011578 0.032179 0.999403 -0.012609 0.011979 0.012229 0.999853
1731926710335115520.000000 -2454.064697 85.808678 140.253815 0.999413 -0.032255 -0.011576 0.032112 0.999408 -0.012347 0.011967 0.011968 0.999857
1731926710368355328.000000 -2453.974121 85.819733 140.264160 0.999416 -0.032199 -0.011403 0.032059 0.999411 -0.012246 0.011791 0.011873 0.999860
1731926710401591552.000000 -2454.025146 85.835159 140.264771 0.999416 -0.032213 -0.011411 0.032065 0.999403 -0.012849 0.011818 0.012476 0.999852
1731926710434824448.000000 -2454.074463 85.812668 140.401474 0.999422 -0.032152 -0.011076 0.032013 0.999410 -0.012445 0.011470 0.012083 0.999861
1731926710468054016.000000 -2454.252441 86.203415 140.817932 0.999447 -0.031650 -0.010168 0.031527 0.999431 -0.012004 0.010542 0.011676 0.999876
1731926710501280000.000000 -2454.130615 85.866989 141.087097 0.999381 -0.032982 -0.012252 0.032814 0.999368 -0.013652 0.012694 0.013241 0.999832
1731926710534502656.000000 -2453.799316 85.552055 142.399261 0.999375 -0.032996 -0.012660 0.032838 0.999383 -0.012461 0.013063 0.012037 0.999842
1731926710567721216.000000 -2453.709229 85.536858 144.228622 0.999366 -0.031054 -0.017415 0.030712 0.999336 -0.019614 0.018013 0.019066 0.999656
1731926710600937472.000000 -2453.440674 85.216148 145.855026 0.999375 -0.033829 -0.010233 0.033643 0.999275 -0.017844 0.010829 0.017489 0.999788
1731926710634150144.000000 -2453.212402 84.961098 150.147186 0.999244 -0.031788 -0.022392 0.030827 0.998641 -0.042029 0.023697 0.041307 0.998865
1731926710667359232.000000 -2453.591553 85.068771 153.676224 0.999263 -0.032453 -0.020497 0.031613 0.998697 -0.040049 0.021770 0.039372 0.998987
1731926710700564736.000000 -2454.301514 84.435066 157.114227 0.999167 -0.035486 -0.020172 0.034763 0.998779 -0.035110 0.021393 0.034379 0.999180
1731926710733767168.000000 -2455.404053 83.620461 162.601013 0.999007 -0.040614 -0.018323 0.040134 0.998860 -0.025829 0.019351 0.025068 0.999498
1731926710766966528.000000 -2457.154297 83.481270 171.845612 0.998782 -0.045736 -0.018502 0.045288 0.998687 -0.023944 0.019573 0.023077 0.999542
1731926710800162304.000000 -2457.632568 83.587555 176.153366 0.998701 -0.047476 -0.018485 0.046994 0.998565 -0.025685 0.019678 0.024783 0.999499
1731926710833354496.000000 -2458.670166 83.731361 183.665924 0.998514 -0.050485 -0.020520 0.049832 0.998270 -0.031193 0.022059 0.030124 0.999303
1731926710866543616.000000 -2459.800781 83.782280 192.047516 0.998490 -0.051425 -0.019324 0.050708 0.998069 -0.035884 0.021132 0.034850 0.999169
1731926710899729152.000000 -nan -nan -nan -nan -nan -nan -nan -nan -nan -nan -nan -nan
1731926710932912896.000000 -2462.155029 83.310684 214.584915 0.998302 -0.055473 -0.017787 0.054739 0.997723 -0.039390 0.019932 0.038349 0.999066
1731926710966254336.000000 -2463.671631 83.019981 224.755890 0.998396 -0.056085 -0.007744 0.055834 0.998004 -0.029517 0.009384 0.029037 0.999534
1731926710999594240.000000 -2464.701904 81.303276 235.068909 0.998570 -0.051786 -0.013263 0.051256 0.997978 -0.037583 0.015183 0.036849 0.999205
1731926711032935680.000000 -2465.863525 81.166611 250.238998 0.998697 -0.050353 -0.008314 0.050140 0.998452 -0.024056 0.009512 0.023607 0.999676
1731926711066276864.000000 -2467.101318 80.131638 261.097382 0.998919 -0.045446 -0.009731 0.045183 0.998647 -0.025735 0.010888 0.025268 0.999621
1731926711099618048.000000 -nan -nan -nan -nan -nan -nan -nan -nan -nan -nan -nan -nan
1731926711132959232.000000 -2468.221191 78.804352 286.246033 0.998894 -0.045847 -0.010390 0.045679 0.998830 -0.015866 0.011105 0.015374 0.999820
1731926711166300416.000000 -2468.708984 78.395027 296.814117 0.999058 -0.042654 -0.008025 0.042518 0.998962 -0.016373 0.008715 0.016016 0.999834
1731926711199641344.000000 -2469.053711 77.500008 307.176697 0.999094 -0.041564 -0.009163 0.041393 0.998978 -0.018141 0.009908 0.017745 0.999793
1731926711232982528.000000 -2469.208984 77.731216 322.064423 0.999231 -0.038745 -0.006031 0.038703 0.999227 -0.006952 0.006296 0.006713 0.999958
1731926711266323712.000000 -2469.336426 76.888031 332.776672 0.999171 -0.039217 -0.010902 0.039112 0.999187 -0.009733 0.011275 0.009298 0.999893
1731926711299664640.000000 -2469.374756 76.722565 343.753174 0.999271 -0.037652 -0.006372 0.037636 0.999288 -0.002731 0.006471 0.002489 0.999976
1731926711333005824.000000 -2469.484375 76.794121 358.964966 0.999648 -0.026487 0.001228 0.026498 0.999604 -0.009459 -0.000977 0.009488 0.999955
1731926711366347264.000000 -2469.123535 75.108269 369.685699 0.999542 -0.030099 -0.002996 0.030078 0.999525 -0.006645 0.003195 0.006552 0.999973
1731926711399688192.000000 -2468.684570 74.645927 381.248810 0.999604 -0.028090 -0.001594 0.028075 0.999568 -0.008681 0.001837 0.008632 0.999961
1731926711433028352.000000 -2468.163574 72.755898 396.119629 0.999455 -0.032719 -0.004428 0.032688 0.999442 -0.006841 0.004649 0.006693 0.999967
1731926711466369280.000000 -2467.813721 72.104134 407.575745 0.999339 -0.035411 -0.008184 0.035346 0.999344 -0.007947 0.008460 0.007653 0.999935
1731926711499710464.000000 -2467.637451 70.737190 417.960571 0.999290 -0.037536 -0.003201 0.037512 0.999268 -0.007457 0.003479 0.007332 0.999967
1731926711533051392.000000 -2467.032227 69.264999 432.572876 0.999304 -0.036322 -0.008518 0.036185 0.999221 -0.015763 0.009084 0.015443 0.999839
1731926711566392576.000000 -2467.099854 69.411057 442.924408 0.999322 -0.036821 -0.000231 0.036818 0.999288 -0.008251 0.000534 0.008237 0.999966
1731926711599733504.000000 -2466.833252 68.699677 452.875488 0.999277 -0.038006 -0.001055 0.037992 0.999219 -0.010838 0.001466 0.010791 0.999941
1731926711633074688.000000 -2466.663086 68.709023 465.664276 0.999229 -0.039240 -0.001448 0.039229 0.999206 -0.007010 0.001722 0.006947 0.999974
1731926711666415616.000000 -2466.605225 69.095665 475.008179 0.999172 -0.040654 -0.001388 0.040644 0.999152 -0.006535 0.001653 0.006473 0.999978
1731926711699756544.000000 -nan -nan -nan -nan -nan -nan -nan -nan -nan -nan -nan -nan
1731926711733097728.000000 -nan -nan -nan -nan -nan -nan -nan -nan -nan -nan -nan -nan
1731926711766438656.000000 -2465.380371 70.361099 503.191559 0.998935 -0.045772 -0.005785 0.045755 0.998948 -0.002916 0.005912 0.002648 0.999979
1731926711799779840.000000 -nan -nan -nan -nan -nan -nan -nan -nan -nan -nan -nan -nan
1731926711833120512.000000 -nan -nan -nan -nan -nan -nan -nan -nan -nan -nan -nan -nan
1731926711866461696.000000 -nan -nan -nan -nan -nan -nan -nan -nan -nan -nan -nan -nan
1731926711899801600.000000 -2463.972656 74.201859 537.948853 0.998922 -0.045773 -0.007772 0.045688 0.998898 -0.010757 0.008256 0.010391 0.999912
1731926711933142784.000000 -nan -nan -nan -nan -nan -nan -nan -nan -nan -nan -nan -nan
1731926711966484736.000000 -2463.440918 77.543556 556.524719 0.999304 -0.037152 0.003408 0.037151 0.999310 0.000395 -0.003421 -0.000268 0.999994
1731926711999826944.000000 -nan -nan -nan -nan -nan -nan -nan -nan -nan -nan -nan -nan
1731926712033169152.000000 -nan -nan -nan -nan -nan -nan -nan -nan -nan -nan -nan -nan
1731926712066511360.000000 -nan -nan -nan -nan -nan -nan -nan -nan -nan -nan -nan -nan
1731926712099853824.000000 -2462.395264 80.588371 589.051270 0.999165 -0.040843 0.000881 0.040842 0.999164 0.001723 -0.000950 -0.001685 0.999998
1731926712133196032.000000 -nan -nan -nan -nan -nan -nan -nan -nan -nan -nan -nan -nan
1731926712166538496.000000 -nan -nan -nan -nan -nan -nan -nan -nan -nan -nan -nan -nan
1731926712199880704.000000 -nan -nan -nan -nan -nan -nan -nan -nan -nan -nan -nan -nan
1731926712233222912.000000 -nan -nan -nan -nan -nan -nan -nan -nan -nan -nan -nan -nan
1731926712266565376.000000 -nan -nan -nan -nan -nan -nan -nan -nan -nan -nan -nan -nan
1731926712299907584.000000 -nan -nan -nan -nan -nan -nan -nan -nan -nan -nan -nan -nan
1731926712333249024.000000 -nan -nan -nan -nan -nan -nan -nan -nan -nan -nan -nan -nan
1731926712366591488.000000 -2455.391113 91.510925 649.661987 0.998650 -0.051895 0.002409 0.051831 0.998421 0.021649 -0.003529 -0.021495 0.999763
1731926712399933696.000000 -2454.536621 92.904678 655.059448 0.998518 -0.054167 0.005282 0.054027 0.998254 0.023889 -0.006567 -0.023568 0.999701
1731926712433276160.000000 -2453.320801 93.379852 662.622681 0.998398 -0.056312 -0.005552 0.056336 0.998403 0.004244 0.005304 -0.004550 0.999976
1731926712466618624.000000 -2452.662109 94.243858 668.052185 0.998305 -0.058058 -0.004016 0.058057 0.998313 -0.000236 0.004023 0.000003 0.999992
1731926712499960576.000000 -2452.116943 94.532837 673.254700 0.998260 -0.058962 -0.000276 0.058962 0.998260 0.000366 0.000254 -0.000381 1.000000
1731926712533303296.000000 -nan -nan -nan -nan -nan -nan -nan -nan -nan -nan -nan -nan
1731926712566645504.000000 -nan -nan -nan -nan -nan -nan -nan -nan -nan -nan -nan -nan
1731926712599987968.000000 -2450.537354 96.069397 687.556824 0.997841 -0.061433 0.023207 0.060730 0.997707 0.029873 -0.024989 -0.028399 0.999284
1731926712633330432.000000 -2449.923340 95.734619 693.237671 0.997894 -0.063052 0.015207 0.062733 0.997817 0.020645 -0.016475 -0.019647 0.999671
1731926712666672896.000000 -2449.505615 96.347427 697.123474 0.997838 -0.064323 0.013509 0.064057 0.997760 0.019278 -0.014719 -0.018371 0.999723
1731926712700015360.000000 -2450.361816 96.521057 701.474670 0.997680 -0.067904 0.004792 0.067870 0.997670 0.006987 -0.005255 -0.006646 0.999964
1731926712733357568.000000 -2449.766602 96.982895 705.169678 0.997722 -0.067309 0.004556 0.067298 0.997730 0.002575 -0.004719 -0.002263 0.999986
1731926712766699264.000000 -nan -nan -nan -nan -nan -nan -nan -nan -nan -nan -nan -nan
1731926712800041728.000000 -nan -nan -nan -nan -nan -nan -nan -nan -nan -nan -nan -nan
1731926712833384192.000000 -nan -nan -nan -nan -nan -nan -nan -nan -nan -nan -nan -nan
1731926712866726656.000000 -nan -nan -nan -nan -nan -nan -nan -nan -nan -nan -nan -nan
1731926712900069120.000000 -nan -nan -nan -nan -nan -nan -nan -nan -nan -nan -nan -nan
1731926712933411584.000000 -nan -nan -nan -nan -nan -nan -nan -nan -nan -nan -nan -nan
1731926712966753536.000000 -nan -nan -nan -nan -nan -nan -nan -nan -nan -nan -nan -nan
1731926713000094976.000000 -nan -nan -nan -nan -nan -nan -nan -nan -nan -nan -nan -nan
1731926713033436416.000000 -nan -nan -nan -nan -nan -nan -nan -nan -nan -nan -nan -nan
1731926713066778368.000000 -2449.669189 95.491539 703.473267 0.997832 -0.065816 -0.000349 0.065811 0.997663 0.018344 -0.000859 -0.018328 0.999832
1731926713100119808.000000 -2449.914795 95.033600 699.067383 0.997888 -0.064952 -0.000020 0.064944 0.997756 0.016288 -0.001038 -0.016254 0.999867
1731926713133461760.000000 -nan -nan -nan -nan -nan -nan -nan -nan -nan -nan -nan -nan
1731926713166803456.000000 -2450.557373 94.018616 686.250610 0.998031 -0.062419 0.006225 0.062278 0.997844 0.020724 -0.007505 -0.020295 0.999766
1731926713200144640.000000 -2450.817871 93.406242 679.911377 0.998012 -0.062738 0.006015 0.062579 0.997760 0.023653 -0.007485 -0.023229 0.999702
1731926713233485824.000000 -2451.325195 91.827690 671.281860 0.997938 -0.063901 0.006043 0.063737 0.997671 0.024293 -0.007581 -0.023858 0.999687
1731926713266827008.000000 -2451.591064 90.073860 664.394836 0.997848 -0.065245 0.006587 0.065091 0.997651 0.021363 -0.007966 -0.020888 0.999750
1731926713300168704.000000 -2452.135254 90.438644 658.131531 0.997769 -0.066246 0.008221 0.066018 0.997492 0.025534 -0.009891 -0.024934 0.999640
1731926713333510656.000000 -nan -nan -nan -nan -nan -nan -nan -nan -nan -nan -nan -nan
1731926713366852096.000000 -nan -nan -nan -nan -nan -nan -nan -nan -nan -nan -nan -nan
1731926713400194048.000000 -nan -nan -nan -nan -nan -nan -nan -nan -nan -nan -nan -nan
1731926713433535232.000000 -2452.341797 85.402916 623.042664 0.997560 -0.069328 0.008241 0.069232 0.997535 0.011404 -0.009011 -0.010805 0.999901
1731926713466876928.000000 -nan -nan -nan -nan -nan -nan -nan -nan -nan -nan -nan -nan
1731926713500218880.000000 -nan -nan -nan -nan -nan -nan -nan -nan -nan -nan -nan -nan
1731926713533560320.000000 -nan -nan -nan -nan -nan -nan -nan -nan -nan -nan -nan -nan
1731926713566902016.000000 -nan -nan -nan -nan -nan -nan -nan -nan -nan -nan -nan -nan
1731926713600243712.000000 -nan -nan -nan -nan -nan -nan -nan -nan -nan -nan -nan -nan
1731926713633585152.000000 -nan -nan -nan -nan -nan -nan -nan -nan -nan -nan -nan -nan
1731926713666925824.000000 -2450.889893 79.176476 561.021973 0.997391 -0.072154 0.002048 0.072141 0.997379 0.005605 -0.002447 -0.005442 0.999982
1731926713700267520.000000 -nan -nan -nan -nan -nan -nan -nan -nan -nan -nan -nan -nan
1731926713733609216.000000 -2450.709961 79.038597 542.722961 0.997645 -0.067413 0.012621 0.067339 0.997711 0.006236 -0.013013 -0.005372 0.999901
1731926713766950656.000000 -nan -nan -nan -nan -nan -nan -nan -nan -nan -nan -nan -nan
1731926713800292608.000000 -2450.222900 78.234314 527.378540 0.997620 -0.066640 0.017732 0.066551 0.997768 0.005567 -0.018064 -0.004373 0.999827
1731926713833634048.000000 -nan -nan -nan -nan -nan -nan -nan -nan -nan -nan -nan -nan
1731926713866975744.000000 -nan -nan -nan -nan -nan -nan -nan -nan -nan -nan -nan -nan
1731926713900317440.000000 -2448.995361 77.490685 502.494751 0.997531 -0.068653 0.014792 0.068541 0.997616 0.007970 -0.015304 -0.006937 0.999859
1731926713933659136.000000 -2448.138428 77.585182 492.907532 0.997516 -0.069098 0.013685 0.068942 0.997554 0.011505 -0.014447 -0.010533 0.999840
1731926713967001088.000000 -2447.542480 77.477905 485.598541 0.997586 -0.068483 0.011484 0.068361 0.997603 0.010718 -0.012190 -0.009907 0.999877
1731926714000343040.000000 -2446.930420 78.044411 478.453644 0.997699 -0.066828 0.011433 0.066682 0.997693 0.012776 -0.012261 -0.011984 0.999853
1731926714033685248.000000 -nan -nan -nan -nan -nan -nan -nan -nan -nan -nan -nan -nan
1731926714067027200.000000 -nan -nan -nan -nan -nan -nan -nan -nan -nan -nan -nan -nan
1731926714100368384.000000 -nan -nan -nan -nan -nan -nan -nan -nan -nan -nan -nan -nan
1731926714133710080.000000 -2444.375488 78.440300 441.380676 0.998255 -0.056738 0.016370 0.056288 0.998057 0.026727 -0.017855 -0.025759 0.999509
1731926714167052288.000000 -2444.108398 79.191498 430.271027 0.998363 -0.053229 0.020930 0.052590 0.998167 0.029956 -0.022486 -0.028806 0.999332
1731926714200394496.000000 -2443.826172 79.533760 425.193848 0.998734 -0.047701 0.015950 0.047352 0.998644 0.021638 -0.016960 -0.020855 0.999639
1731926714233736192.000000 -2443.919922 78.849434 412.520081 0.998432 -0.052246 0.020121 0.051644 0.998233 0.029382 -0.021621 -0.028297 0.999366
1731926714267078656.000000 -2444.062744 79.036057 403.643433 0.998486 -0.050652 0.021446 0.049862 0.998111 0.035878 -0.023223 -0.034754 0.999126
1731926714300420864.000000 -2444.096436 78.887703 394.695770 0.998622 -0.047809 0.021629 0.047012 0.998246 0.035982 -0.023311 -0.034916 0.999118
1731926714333762560.000000 -2444.345947 77.353165 382.209686 0.998798 -0.046308 0.016057 0.045809 0.998495 0.030138 -0.017428 -0.029367 0.999417
1731926714367104768.000000 -2445.026123 77.003952 373.052032 0.999011 -0.041932 0.014785 0.041513 0.998757 0.027599 -0.015924 -0.026958 0.999510
1731926714400446976.000000 -2444.850342 75.889076 364.066986 0.999029 -0.041316 0.015304 0.040903 0.998815 0.026365 -0.016375 -0.025714 0.999535
1731926714433788672.000000 -2445.047852 73.119911 351.046448 0.998869 -0.046579 0.009533 0.046202 0.998263 0.036557 -0.011219 -0.036075 0.999286
1731926714467131136.000000 -nan -nan -nan -nan -nan -nan -nan -nan -nan -nan -nan -nan
1731926714500473344.000000 -2446.641357 73.724388 334.381287 0.999443 -0.026637 0.020103 0.026278 0.999494 0.017898 -0.020570 -0.017360 0.999638
1731926714533815040.000000 -2447.010498 72.338089 322.952087 0.999459 -0.025678 0.020539 0.025330 0.999534 0.017052 -0.020968 -0.016522 0.999644
1731926714567156224.000000 -nan -nan -nan -nan -nan -nan -nan -nan -nan -nan -nan -nan
1731926714600498688.000000 -nan -nan -nan -nan -nan -nan -nan -nan -nan -nan -nan -nan
1731926714633840640.000000 -nan -nan -nan -nan -nan -nan -nan -nan -nan -nan -nan -nan
1731926714667182592.000000 -nan -nan -nan -nan -nan -nan -nan -nan -nan -nan -nan -nan
1731926714700524800.000000 -nan -nan -nan -nan -nan -nan -nan -nan -nan -nan -nan -nan
1731926714733867008.000000 -nan -nan -nan -nan -nan -nan -nan -nan -nan -nan -nan -nan
1731926714767208960.000000 -2449.031738 61.344261 259.875183 0.999538 -0.030376 0.000509 0.030375 0.999538 0.000793 -0.000533 -0.000777 1.000000
1731926714800551424.000000 -nan -nan -nan -nan -nan -nan -nan -nan -nan -nan -nan -nan
1731926714833893376.000000 -nan -nan -nan -nan -nan -nan -nan -nan -nan -nan -nan -nan
1731926714867235328.000000 -nan -nan -nan -nan -nan -nan -nan -nan -nan -nan -nan -nan
1731926714900577792.000000 -2452.628174 57.316925 229.921494 0.999422 -0.033939 0.001714 0.033926 0.999400 0.006994 -0.001950 -0.006931 0.999974
1731926714933919744.000000 -nan -nan -nan -nan -nan -nan -nan -nan -nan -nan -nan -nan
1731926714967260928.000000 -2453.569580 57.030937 216.890244 0.999450 -0.032330 -0.007432 0.032282 0.999458 -0.006522 0.007639 0.006278 0.999951
1731926715000600576.000000 -nan -nan -nan -nan -nan -nan -nan -nan -nan -nan -nan -nan
1731926715033941760.000000 -2453.508301 56.474483 203.701538 0.999464 -0.032330 -0.005120 0.032243 0.999348 -0.016226 0.005641 0.016052 0.999855
1731926715067282688.000000 -2453.354980 55.660198 197.718399 0.999485 -0.031358 -0.006834 0.031172 0.999180 -0.025831 0.007638 0.025604 0.999643
1731926715100623616.000000 -2452.961914 55.091957 192.513824 0.999414 -0.033250 -0.008159 0.033005 0.999050 -0.028452 0.009098 0.028166 0.999562
1731926715133964544.000000 -2452.758057 54.661610 186.475815 0.999320 -0.035692 -0.009214 0.035380 0.998859 -0.032081 0.010348 0.031734 0.999443
1731926715167305472.000000 -2452.511963 54.262424 182.389771 0.999273 -0.037009 -0.009161 0.036701 0.998820 -0.031821 0.010328 0.031462 0.999452
1731926715200646656.000000 -2452.256104 53.766552 178.440353 0.999228 -0.038308 -0.008669 0.038024 0.998801 -0.030830 0.009840 0.030476 0.999487
1731926715233987328.000000 -2452.600098 55.924442 175.171875 0.999637 -0.026337 0.005686 0.026505 0.999141 -0.031852 -0.004842 0.031991 0.999476
1731926715267328256.000000 -2452.425049 55.598629 172.196945 0.999656 -0.025980 0.003658 0.026089 0.999093 -0.033655 -0.002780 0.033739 0.999427
1731926715300669184.000000 -2452.248291 56.110062 169.870056 0.999441 -0.029999 0.014755 0.030305 0.999321 -0.020939 -0.014116 0.021374 0.999672
1731926715334010112.000000 -2451.977539 56.008209 167.782959 0.999427 -0.031807 0.011607 0.032126 0.999080 -0.028418 -0.010693 0.028774 0.999529
1731926715367350784.000000 -2451.707520 56.274227 167.785904 0.999434 -0.031413 0.012076 0.031770 0.999025 -0.030639 -0.011102 0.031005 0.999458
1731926715400691968.000000 -2451.301514 56.077904 168.319809 0.999445 -0.031495 0.010807 0.031853 0.998889 -0.034717 -0.009702 0.035042 0.999339
1731926715434031616.000000 -2451.006592 55.479012 170.255600 0.999416 -0.031766 0.012608 0.032168 0.998935 -0.033072 -0.011544 0.033458 0.999373
1731926715467372544.000000 -2450.943359 55.872482 173.298874 0.999452 -0.030693 0.012355 0.031127 0.998846 -0.036569 -0.011219 0.036933 0.999255
1731926715500713472.000000 -2450.895508 55.848988 177.163574 0.999474 -0.029998 0.012289 0.030440 0.998832 -0.037514 -0.011150 0.037868 0.999221
1731926715534054400.000000 -2450.771973 56.298618 184.062683 0.999456 -0.031256 0.010560 0.031605 0.998900 -0.034636 -0.009466 0.034951 0.999344
1731926715567395072.000000 -nan -nan -nan -nan -nan -nan -nan -nan -nan -nan -nan -nan
1731926715600736000.000000 -2450.230225 57.076561 196.797012 0.999566 -0.026948 0.011858 0.027309 0.999134 -0.031400 -0.011001 0.031710 0.999437
1731926715634076672.000000 -2450.167480 58.289848 207.209229 0.999592 -0.026045 0.011749 0.026401 0.999165 -0.031191 -0.010927 0.031488 0.999444
1731926715667417600.000000 -2449.932861 58.526211 215.643723 0.999605 -0.026620 0.009005 0.026889 0.999152 -0.031168 -0.008168 0.031398 0.999474
1731926715700758272.000000 -nan -nan -nan -nan -nan -nan -nan -nan -nan -nan -nan -nan
1731926715734099200.000000 -2448.856689 57.851833 236.038437 0.999446 -0.033074 -0.003718 0.032845 0.998186 -0.050449 0.005380 0.050299 0.998720
1731926715767440128.000000 -2448.800049 60.933010 247.555435 0.999599 -0.027735 0.005654 0.027915 0.999003 -0.034853 -0.004682 0.034997 0.999376
1731926715800780800.000000 -nan -nan -nan -nan -nan -nan -nan -nan -nan -nan -nan -nan
1731926715834121728.000000 -nan -nan -nan -nan -nan -nan -nan -nan -nan -nan -nan -nan
1731926715867462400.000000 -nan -nan -nan -nan -nan -nan -nan -nan -nan -nan -nan -nan
1731926715900802304.000000 -nan -nan -nan -nan -nan -nan -nan -nan -nan -nan -nan -nan
1731926715934142720.000000 -nan -nan -nan -nan -nan -nan -nan -nan -nan -nan -nan -nan
1731926715967485440.000000 -2446.770996 66.170990 319.820160 0.999463 -0.032523 0.003924 0.032651 0.998712 -0.038825 -0.002656 0.038932 0.999238
1731926716000827904.000000 -2446.258789 67.040909 331.186462 0.999421 -0.033777 0.004121 0.033904 0.998767 -0.036253 -0.002892 0.036371 0.999334
1731926716034170368.000000 -2445.761475 68.121826 346.512726 0.999359 -0.035506 0.004648 0.035642 0.998803 -0.033504 -0.003453 0.033648 0.999428
1731926716067513088.000000 -2445.205078 68.865372 358.181335 0.999343 -0.035509 0.007204 0.035715 0.998889 -0.030759 -0.006103 0.030996 0.999501
1731926716100855552.000000 -2444.655029 69.197739 369.326599 0.999218 -0.039081 0.005926 0.039239 0.998794 -0.029516 -0.004765 0.029726 0.999547
1731926716134198016.000000 -2444.063477 70.227051 384.133759 0.999157 -0.040210 0.008263 0.040415 0.998836 -0.026347 -0.007194 0.026659 0.999619
1731926716167540736.000000 -nan -nan -nan -nan -nan -nan -nan -nan -nan -nan -nan -nan
1731926716200883456.000000 -nan -nan -nan -nan -nan -nan -nan -nan -nan -nan -nan -nan
1731926716234225664.000000 -nan -nan -nan -nan -nan -nan -nan -nan -nan -nan -nan -nan
1731926716267568384.000000 -2442.209229 72.964767 428.725281 0.998619 -0.051723 0.009190 0.051891 0.998471 -0.019072 -0.008189 0.019522 0.999776
1731926716300910848.000000 -2441.852051 73.646347 438.087189 0.998525 -0.053245 0.010646 0.053423 0.998424 -0.017198 -0.009713 0.017741 0.999795
1731926716334252800.000000 -2441.596436 75.394958 450.064941 0.998662 -0.049797 0.013981 0.050030 0.998605 -0.016859 -0.013122 0.017536 0.999760
1731926716367595264.000000 -nan -nan -nan -nan -nan -nan -nan -nan -nan -nan -nan -nan
1731926716400937728.000000 -nan -nan -nan -nan -nan -nan -nan -nan -nan -nan -nan -nan
1731926716434280704.000000 -nan -nan -nan -nan -nan -nan -nan -nan -nan -nan -nan -nan
1731926716467622912.000000 -nan -nan -nan -nan -nan -nan -nan -nan -nan -nan -nan -nan
1731926716500965888.000000 -nan -nan -nan -nan -nan -nan -nan -nan -nan -nan -nan -nan
1731926716534308352.000000 -2439.947266 75.912773 499.200531 0.997710 -0.066661 0.011474 0.066746 0.997744 -0.007186 -0.010969 0.007935 0.999908
1731926716567651328.000000 -nan -nan -nan -nan -nan -nan -nan -nan -nan -nan -nan -nan
1731926716600993536.000000 -nan -nan -nan -nan -nan -nan -nan -nan -nan -nan -nan -nan
1731926716634336512.000000 -nan -nan -nan -nan -nan -nan -nan -nan -nan -nan -nan -nan
1731926716667678976.000000 -nan -nan -nan -nan -nan -nan -nan -nan -nan -nan -nan -nan
1731926716701021696.000000 -nan -nan -nan -nan -nan -nan -nan -nan -nan -nan -nan -nan
1731926716734364416.000000 -2440.228027 72.876350 549.419556 0.997802 -0.062955 0.020705 0.063366 0.997793 -0.019825 -0.019411 0.021094 0.999589
1731926716767706112.000000 -nan -nan -nan -nan -nan -nan -nan -nan -nan -nan -nan -nan
1731926716801048832.000000 -nan -nan -nan -nan -nan -nan -nan -nan -nan -nan -nan -nan
1731926716834391552.000000 -nan -nan -nan -nan -nan -nan -nan -nan -nan -nan -nan -nan
1731926716867734528.000000 -2441.282715 71.568680 582.255066 0.997435 -0.067518 0.023754 0.068209 0.997233 -0.029558 -0.021693 0.031103 0.999281
1731926716901076992.000000 -nan -nan -nan -nan -nan -nan -nan -nan -nan -nan -nan -nan
1731926716934419712.000000 -2441.829590 71.755272 599.423096 0.997174 -0.072124 0.021039 0.072821 0.996747 -0.034526 -0.018481 0.035961 0.999182
1731926716967762944.000000 -nan -nan -nan -nan -nan -nan -nan -nan -nan -nan -nan -nan
1731926717001106432.000000 -2442.643799 72.411896 614.112183 0.996838 -0.076153 0.022694 0.076817 0.996594 -0.029991 -0.020333 0.031640 0.999292
1731926717034449920.000000 -nan -nan -nan -nan -nan -nan -nan -nan -nan -nan -nan -nan
1731926717067793152.000000 -nan -nan -nan -nan -nan -nan -nan -nan -nan -nan -nan -nan
1731926717101136384.000000 -nan -nan -nan -nan -nan -nan -nan -nan -nan -nan -nan -nan
1731926717134479872.000000 -nan -nan -nan -nan -nan -nan -nan -nan -nan -nan -nan -nan
1731926717167823360.000000 -nan -nan -nan -nan -nan -nan -nan -nan -nan -nan -nan -nan
1731926717201166848.000000 -nan -nan -nan -nan -nan -nan -nan -nan -nan -nan -nan -nan
1731926717234509312.000000 -nan -nan -nan -nan -nan -nan -nan -nan -nan -nan -nan -nan
1731926717267852544.000000 -2444.596680 78.731682 682.925049 0.996385 -0.081823 0.022847 0.082264 0.996428 -0.019083 -0.021204 0.020893 0.999557
1731926717301196032.000000 -nan -nan -nan -nan -nan -nan -nan -nan -nan -nan -nan -nan
1731926717334539776.000000 -2443.675049 79.773201 700.488098 0.995301 -0.087065 0.042374 0.086769 0.996190 0.008781 -0.042977 -0.005063 0.999063
1731926717367883264.000000 -2444.245117 80.178734 708.318604 0.995170 -0.086964 0.045545 0.086484 0.996176 0.012401 -0.046449 -0.008403 0.998885
1731926717401226496.000000 -2444.785889 80.685860 716.478333 0.995253 -0.087262 0.043094 0.086814 0.996150 0.012167 -0.043990 -0.008368 0.998997
1731926717434569984.000000 -2445.638184 80.742508 727.363464 0.995352 -0.088346 0.038321 0.088014 0.996066 0.010260 -0.039077 -0.006839 0.999213
1731926717467913728.000000 -2446.350830 80.605377 734.970520 0.995392 -0.089424 0.034627 0.089167 0.995977 0.008909 -0.035284 -0.005780 0.999361
1731926717501257216.000000 -nan -nan -nan -nan -nan -nan -nan -nan -nan -nan -nan -nan
1731926717534600704.000000 -nan -nan -nan -nan -nan -nan -nan -nan -nan -nan -nan -nan
1731926717567944192.000000 -nan -nan -nan -nan -nan -nan -nan -nan -nan -nan -nan -nan
1731926717601287936.000000 -nan -nan -nan -nan -nan -nan -nan -nan -nan -nan -nan -nan
1731926717634631424.000000 -nan -nan -nan -nan -nan -nan -nan -nan -nan -nan -nan -nan
1731926717667974144.000000 -nan -nan -nan -nan -nan -nan -nan -nan -nan -nan -nan -nan
1731926717701317632.000000 -nan -nan -nan -nan -nan -nan -nan -nan -nan -nan -nan -nan
1731926717734661376.000000 -nan -nan -nan -nan -nan -nan -nan -nan -nan -nan -nan -nan
1731926717768004864.000000 -nan -nan -nan -nan -nan -nan -nan -nan -nan -nan -nan -nan
1731926717801348608.000000 -nan -nan -nan -nan -nan -nan -nan -nan -nan -nan -nan -nan
1731926717834692352.000000 -nan -nan -nan -nan -nan -nan -nan -nan -nan -nan -nan -nan
1731926717868036096.000000 -nan -nan -nan -nan -nan -nan -nan -nan -nan -nan -nan -nan
1731926717901379584.000000 -nan -nan -nan -nan -nan -nan -nan -nan -nan -nan -nan -nan
1731926717934723328.000000 -nan -nan -nan -nan -nan -nan -nan -nan -nan -nan -nan -nan
1731926717968064000.000000 -nan -nan -nan -nan -nan -nan -nan -nan -nan -nan -nan -nan
1731926718001404672.000000 -nan -nan -nan -nan -nan -nan -nan -nan -nan -nan -nan -nan
1731926718034745600.000000 -nan -nan -nan -nan -nan -nan -nan -nan -nan -nan -nan -nan
1731926718068086272.000000 -nan -nan -nan -nan -nan -nan -nan -nan -nan -nan -nan -nan
1731926718101426176.000000 -nan -nan -nan -nan -nan -nan -nan -nan -nan -nan -nan -nan
1731926718134766592.000000 -nan -nan -nan -nan -nan -nan -nan -nan -nan -nan -nan -nan
1731926718168107520.000000 -nan -nan -nan -nan -nan -nan -nan -nan -nan -nan -nan -nan
1731926718201447936.000000 -nan -nan -nan -nan -nan -nan -nan -nan -nan -nan -nan -nan
1731926718234788864.000000 -nan -nan -nan -nan -nan -nan -nan -nan -nan -nan -nan -nan
1731926718268129280.000000 -nan -nan -nan -nan -nan -nan -nan -nan -nan -nan -nan -nan
1731926718301469952.000000 -nan -nan -nan -nan -nan -nan -nan -nan -nan -nan -nan -nan
1731926718334810624.000000 -nan -nan -nan -nan -nan -nan -nan -nan -nan -nan -nan -nan
1731926718368151552.000000 -nan -nan -nan -nan -nan -nan -nan -nan -nan -nan -nan -nan
1731926718401491968.000000 -nan -nan -nan -nan -nan -nan -nan -nan -nan -nan -nan -nan
1731926718434832640.000000 -nan -nan -nan -nan -nan -nan -nan -nan -nan -nan -nan -nan
1731926718468173312.000000 -nan -nan -nan -nan -nan -nan -nan -nan -nan -nan -nan -nan
1731926718501513984.000000 -nan -nan -nan -nan -nan -nan -nan -nan -nan -nan -nan -nan
1731926718534854400.000000 -nan -nan -nan -nan -nan -nan -nan -nan -nan -nan -nan -nan
1731926718568194048.000000 -nan -nan -nan -nan -nan -nan -nan -nan -nan -nan -nan -nan
1731926718601534720.000000 -nan -nan -nan -nan -nan -nan -nan -nan -nan -nan -nan -nan
1731926718634875392.000000 -nan -nan -nan -nan -nan -nan -nan -nan -nan -nan -nan -nan
1731926718668215808.000000 -nan -nan -nan -nan -nan -nan -nan -nan -nan -nan -nan -nan
1731926718701556480.000000 -nan -nan -nan -nan -nan -nan -nan -nan -nan -nan -nan -nan
1731926718734896896.000000 -nan -nan -nan -nan -nan -nan -nan -nan -nan -nan -nan -nan
1731926718768237312.000000 -nan -nan -nan -nan -nan -nan -nan -nan -nan -nan -nan -nan
1731926718801577728.000000 -nan -nan -nan -nan -nan -nan -nan -nan -nan -nan -nan -nan
1731926718834918400.000000 -nan -nan -nan -nan -nan -nan -nan -nan -nan -nan -nan -nan
1731926718868259072.000000 -nan -nan -nan -nan -nan -nan -nan -nan -nan -nan -nan -nan
1731926718901599488.000000 -nan -nan -nan -nan -nan -nan -nan -nan -nan -nan -nan -nan
1731926718934939904.000000 -2457.841309 63.277443 729.172852 0.996024 -0.088429 0.010830 0.088427 0.996082 0.000644 -0.010844 0.000317 0.999941
1731926718968281088.000000 -2456.442383 60.905045 721.192871 0.995422 -0.095095 0.009580 0.095026 0.995447 0.007439 -0.010244 -0.006494 0.999926
1731926719001621248.000000 -nan -nan -nan -nan -nan -nan -nan -nan -nan -nan -nan -nan
1731926719034962176.000000 -2453.785400 61.489449 704.227234 0.995116 -0.097572 0.014970 0.097402 0.995176 0.011686 -0.016038 -0.010170 0.999820
1731926719068303360.000000 -2452.489990 62.348728 696.928345 0.995518 -0.093007 0.017158 0.092882 0.995645 0.007969 -0.017825 -0.006339 0.999821
1731926719101644032.000000 -2450.829102 62.754955 686.833008 0.995490 -0.093329 0.017014 0.093262 0.995631 0.004710 -0.017379 -0.003102 0.999844
1731926719134985216.000000 -2449.533691 62.598614 679.144531 0.995553 -0.092546 0.017577 0.092517 0.995708 0.002469 -0.017730 -0.000832 0.999842
1731926719168326144.000000 -2448.143799 61.758545 671.571838 0.995676 -0.092633 0.007036 0.092710 0.995626 -0.011573 -0.005933 0.012175 0.999908
1731926719201667328.000000 -2446.721924 62.680740 660.718994 0.995610 -0.092059 0.016934 0.092078 0.995752 -0.000293 -0.016835 0.001851 0.999857
1731926719235008000.000000 -2445.694824 62.636791 652.693787 0.995728 -0.090523 0.018197 0.090488 0.995894 0.002704 -0.018367 -0.001046 0.999831
1731926719268349184.000000 -2444.932617 62.961647 644.581970 0.995699 -0.090707 0.018840 0.090608 0.995868 0.006025 -0.019309 -0.004292 0.999804
1731926719301690368.000000 -2444.062256 63.236919 633.745911 0.995828 -0.089569 0.017416 0.089455 0.995965 0.007248 -0.017995 -0.005660 0.999822
1731926719335031040.000000 -2443.565186 63.562477 625.025513 0.995837 -0.088994 0.019724 0.088736 0.995963 0.013567 -0.020852 -0.011760 0.999713
1731926719368372224.000000 -2443.118652 63.790043 616.336670 0.995988 -0.087470 0.018879 0.087207 0.996087 0.014324 -0.020058 -0.012620 0.999719
1731926719401713152.000000 -2442.882568 64.353104 604.383545 0.996153 -0.085713 0.018255 0.085456 0.996238 0.014395 -0.019420 -0.012780 0.999730
1731926719435053056.000000 -nan -nan -nan -nan -nan -nan -nan -nan -nan -nan -nan -nan
1731926719468393984.000000 -2443.053223 65.142616 586.088745 0.996249 -0.085983 0.009777 0.085941 0.996289 0.004663 -0.010142 -0.003805 0.999941
1731926719501734912.000000 -2443.361816 66.145851 573.563416 0.996111 -0.087614 0.009283 0.087583 0.996150 0.003691 -0.009570 -0.002863 0.999950
1731926719535075840.000000 -2443.612793 66.763481 564.018494 0.996051 -0.088370 0.008570 0.088344 0.996084 0.003412 -0.008838 -0.002641 0.999957
1731926719568416768.000000 -2444.017090 68.199387 553.908752 0.995816 -0.089638 0.017780 0.089321 0.995842 0.017879 -0.019309 -0.016216 0.999682
1731926719601757696.000000 -2444.330566 68.068672 541.053040 0.995662 -0.093018 0.002095 0.093008 0.995655 0.004605 -0.002514 -0.004390 0.999987
1731926719635098624.000000 -2444.758057 69.175293 530.762756 0.995403 -0.095071 0.011608 0.094819 0.995282 0.020559 -0.013508 -0.019363 0.999721
1731926719668439552.000000 -2445.170166 69.417114 520.560425 0.995195 -0.097046 0.013033 0.096699 0.994999 0.025009 -0.015395 -0.023629 0.999602
1731926719701780480.000000 -2445.440674 68.659927 507.192719 0.995115 -0.098723 0.000952 0.098698 0.995009 0.014663 -0.002395 -0.014497 0.999892
1731926719735121408.000000 -2445.844238 68.605621 497.029877 0.994942 -0.100450 -0.000997 0.100453 0.994805 0.016503 -0.000666 -0.016519 0.999863
1731926719768462336.000000 -2446.081055 68.297340 486.665009 0.994908 -0.100766 -0.001834 0.100783 0.994741 0.018229 -0.000013 -0.018321 0.999832
1731926719801803264.000000 -2446.275635 68.383919 472.728424 0.994901 -0.100834 0.001931 0.100747 0.994554 0.026702 -0.004613 -0.026371 0.999642
1731926719835143936.000000 -2447.228027 68.215057 463.644806 0.995091 -0.098634 -0.008076 0.098774 0.994922 0.019357 0.006126 -0.020060 0.999780
1731926719868485120.000000 -2447.201904 67.238670 453.075470 0.995213 -0.097390 -0.008149 0.097545 0.994999 0.021477 0.006016 -0.022169 0.999736
1731926719901825024.000000 -2447.458496 67.051285 439.427338 0.995572 -0.093831 -0.005696 0.093943 0.995277 0.024469 0.003373 -0.024896 0.999684
1731926719935165952.000000 -2447.060303 64.846786 428.825378 0.995337 -0.095191 -0.015555 0.095573 0.995083 0.025986 0.013005 -0.027351 0.999541
1731926719968506880.000000 -2447.311279 64.397522 418.303833 0.995666 -0.092714 -0.007251 0.092906 0.995112 0.033466 0.004112 -0.033994 0.999414
1731926720001848064.000000 -2447.368896 63.306694 405.001099 0.996088 -0.088152 -0.006120 0.088313 0.995474 0.035095 0.002998 -0.035498 0.999365
1731926720035188992.000000 -2447.516113 63.764885 395.679138 0.997209 -0.074607 0.002691 0.074514 0.996891 0.025615 -0.004594 -0.025343 0.999668
1731926720068530176.000000 -nan -nan -nan -nan -nan -nan -nan -nan -nan -nan -nan -nan
1731926720101871104.000000 -2447.196777 57.943275 371.180511 0.996915 -0.078186 -0.006952 0.078324 0.996678 0.022327 0.005184 -0.022803 0.999727
1731926720135212288.000000 -2447.291016 56.836971 361.694458 0.997239 -0.073818 -0.008129 0.073970 0.997055 0.020264 0.006609 -0.020810 0.999762
1731926720168553472.000000 -nan -nan -nan -nan -nan -nan -nan -nan -nan -nan -nan -nan
1731926720201894144.000000 -nan -nan -nan -nan -nan -nan -nan -nan -nan -nan -nan -nan
1731926720235235328.000000 -nan -nan -nan -nan -nan -nan -nan -nan -nan -nan -nan -nan
1731926720268576256.000000 -nan -nan -nan -nan -nan -nan -nan -nan -nan -nan -nan -nan
1731926720301917440.000000 -nan -nan -nan -nan -nan -nan -nan -nan -nan -nan -nan -nan
