1732023906154774528.000000 -2239.273438 -94.022751 139.605270 0.999840 -0.003591 0.017547 0.003458 0.999965 0.007613 -0.017573 -0.007552 0.999817 
1732023906188116480.000000 -2239.257568 -93.989029 139.577332 0.999837 -0.003529 0.017698 0.003395 0.999966 0.007571 -0.017724 -0.007510 0.999815 
1732023906221456640.000000 -2239.294434 -94.020996 139.606583 0.999842 -0.003589 0.017435 0.003460 0.999967 0.007412 -0.017461 -0.007351 0.999821 
1732023906254795264.000000 -2239.265381 -94.013786 139.580460 0.999838 -0.003741 0.017584 0.003611 0.999966 0.007445 -0.017612 -0.007380 0.999818 
1732023906288131840.000000 -2239.235596 -93.513008 139.952209 0.999873 -0.004906 0.015195 0.004819 0.999972 0.005750 -0.015223 -0.005676 0.999868 
1732023906321466368.000000 -2239.159180 -93.563255 139.873474 0.999891 -0.006774 0.013145 0.006740 0.999974 0.002633 -0.013163 -0.002544 0.999910 
1732023906354799104.000000 -2239.330078 -93.360855 139.998184 0.999886 -0.006019 0.013821 0.005960 0.999973 0.004265 -0.013846 -0.004182 0.999895 
1732023906388130048.000000 -2240.135742 -93.893051 140.361618 0.999928 -0.009146 0.007711 0.009166 0.999955 -0.002554 -0.007687 0.002624 0.999967 
1732023906421458944.000000 -2240.170654 -93.974930 140.486496 0.999911 -0.009960 0.008850 0.009985 0.999946 -0.002841 -0.008821 0.002929 0.999957 
1732023906454786048.000000 -2240.115234 -93.708649 140.414444 0.999938 -0.007963 0.007763 0.007971 0.999968 -0.001004 -0.007755 0.001065 0.999969 
1732023906488111360.000000 -2240.024658 -93.758347 140.522232 0.999934 -0.007839 0.008439 0.007852 0.999968 -0.001498 -0.008427 0.001565 0.999963 
1732023906521434880.000000 -2240.502197 -94.108910 140.453323 0.999932 -0.007362 0.008991 0.007368 0.999973 -0.000692 -0.008986 0.000758 0.999959 
1732023906554756352.000000 -2240.184814 -93.945747 140.274567 0.999921 -0.006681 0.010685 0.006669 0.999977 0.001228 -0.010693 -0.001156 0.999942 
1732023906588075008.000000 -2240.169434 -93.924080 140.208694 0.999916 -0.006856 0.011033 0.006838 0.999975 0.001671 -0.011044 -0.001596 0.999938 
1732023906621392896.000000 -2240.160156 -93.917877 140.254288 0.999915 -0.006958 0.011060 0.006943 0.999975 0.001387 -0.011070 -0.001310 0.999938 
1732023906654708992.000000 -2240.142090 -93.912148 140.237595 0.999912 -0.006905 0.011329 0.006887 0.999975 0.001619 -0.011340 -0.001541 0.999934 
1732023906688023040.000000 -2240.156738 -93.906609 140.240738 0.999912 -0.007021 0.011289 0.007005 0.999974 0.001486 -0.011299 -0.001407 0.999935 
1732023906721335296.000000 -2240.179932 -93.916817 140.247589 0.999914 -0.006946 0.011099 0.006931 0.999975 0.001407 -0.011109 -0.001330 0.999937 
1732023906754645760.000000 -2240.154785 -93.914658 140.232086 0.999913 -0.006898 0.011207 0.006880 0.999975 0.001641 -0.011218 -0.001563 0.999936 
1732023906787954176.000000 -2240.169678 -93.935104 140.246307 0.999914 -0.006957 0.011106 0.006939 0.999975 0.001641 -0.011117 -0.001564 0.999937 
1732023906821260800.000000 -2239.947754 -93.798409 140.351898 0.999910 -0.004217 0.012768 0.004208 0.999991 0.000743 -0.012771 -0.000689 0.999918 
1732023906887869440.000000 -2239.987549 -93.950249 140.307358 0.999914 -0.005321 0.011963 0.005304 0.999985 0.001431 -0.011971 -0.001367 0.999927 
1732023906921145088.000000 -2239.981445 -93.919090 140.357452 0.999915 -0.005476 0.011807 0.005461 0.999984 0.001322 -0.011814 -0.001257 0.999929 
1732023906954417664.000000 -2240.028076 -93.893539 140.299301 0.999909 -0.006370 0.011865 0.006354 0.999979 0.001409 -0.011874 -0.001334 0.999929 
1732023907020952064.000000 -2239.943359 -94.191452 140.192978 0.999912 -0.006906 0.011291 0.006888 0.999975 0.001639 -0.011302 -0.001561 0.999935 
1732023907054214912.000000 -2240.109375 -93.957985 140.385147 0.999909 -0.006443 0.011836 0.006424 0.999978 0.001611 -0.011846 -0.001535 0.999929 
1732023907087474432.000000 -2240.188232 -93.991142 140.443466 0.999904 -0.006616 0.012153 0.006597 0.999977 0.001547 -0.012163 -0.001467 0.999925 
1732023907120730624.000000 -2240.055176 -94.442825 140.410675 0.999913 -0.006649 0.011418 0.006634 0.999977 0.001396 -0.011427 -0.001320 0.999934 
1732023907153983488.000000 -2240.294678 -94.268082 140.681641 0.999900 -0.006655 0.012490 0.006646 0.999978 0.000740 -0.012495 -0.000656 0.999922 
1732023907187233536.000000 -2240.362793 -94.414368 140.799301 0.999889 -0.007544 0.012877 0.007541 0.999972 0.000328 -0.012879 -0.000230 0.999917 
1732023907220480000.000000 -2240.311523 -94.749924 140.952591 0.999860 -0.009241 0.013936 0.009245 0.999957 -0.000257 -0.013933 0.000386 0.999903 
1732023907253723392.000000 -2240.261963 -95.704544 141.176834 0.999796 -0.014049 0.014543 0.014052 0.999901 -0.000153 -0.014540 0.000358 0.999894 
1732023907286963456.000000 -2240.412598 -97.035103 141.442596 0.999718 -0.018889 0.014422 0.018853 0.999819 0.002612 -0.014468 -0.002339 0.999893 
1732023907320200192.000000 -2240.622803 -98.284798 142.090988 0.999669 -0.021510 0.014092 0.021469 0.999765 0.003068 -0.014155 -0.002765 0.999896 
1732023907353433856.000000 -2241.015869 -99.862045 143.775269 0.999570 -0.025290 0.014817 0.025204 0.999664 0.006006 -0.014964 -0.005630 0.999872 
1732023907386664192.000000 -2241.366211 -101.432686 145.574661 0.999492 -0.028737 0.013776 0.028655 0.999571 0.006113 -0.013945 -0.005715 0.999886 
1732023907419891200.000000 -2241.760742 -102.965973 147.857483 0.999433 -0.031272 0.012514 0.031215 0.999502 0.004688 -0.012654 -0.004295 0.999911 
1732023907453114880.000000 -2242.199951 -104.504639 150.581223 0.999419 -0.032052 0.011600 0.032036 0.999486 0.001547 -0.011644 -0.001174 0.999932 
1732023907486334464.000000 -2242.859619 -105.928093 153.704330 0.999326 -0.035488 0.009380 0.035508 0.999367 -0.001984 -0.009304 0.002316 0.999954 
1732023907519552000.000000 -2243.956055 -107.045380 158.688309 0.999209 -0.039125 0.007178 0.039194 0.999185 -0.009704 -0.006793 0.009977 0.999927 
1732023907552766208.000000 -2244.621338 -107.392876 161.704102 0.999179 -0.040022 0.006337 0.040109 0.999092 -0.014352 -0.005757 0.014594 0.999877 
1732023907585976832.000000 -2245.803223 -107.999832 167.957932 0.999078 -0.042756 0.003878 0.042828 0.998860 -0.021091 -0.002972 0.021238 0.999770 
1732023907619184128.000000 -2246.593750 -108.064224 173.597946 0.999044 -0.043715 0.000820 0.043721 0.998723 -0.025296 0.000287 0.025308 0.999680 
1732023907652388864.000000 -2247.374268 -108.205582 179.361038 0.998991 -0.044899 -0.001106 0.044858 0.998688 -0.024706 0.002214 0.024632 0.999694 
1732023907685589760.000000 -2248.157471 -107.793106 188.212585 0.998972 -0.045265 -0.002416 0.045199 0.998724 -0.022506 0.003432 0.022374 0.999744 
1732023907718787584.000000 -2248.805908 -107.040985 195.551758 0.999030 -0.044008 -0.001323 0.043969 0.998802 -0.021454 0.002266 0.021375 0.999769 
1732023907751982336.000000 -2249.145264 -106.488159 203.517410 0.999078 -0.042921 -0.000225 0.042907 0.998864 -0.020752 0.001115 0.020723 0.999785 
1732023907785173760.000000 -2249.291016 -105.436630 215.828568 0.999120 -0.041937 -0.000335 0.041918 0.998851 -0.023210 0.001308 0.023176 0.999731 
1732023907818361856.000000 -2249.190186 -105.137054 225.678421 0.999165 -0.040823 -0.001654 0.040766 0.998831 -0.025977 0.002713 0.025888 0.999661 
1732023907851546880.000000 -2249.170654 -104.774063 236.173981 0.999219 -0.039475 0.001548 0.039503 0.998875 -0.026219 -0.000511 0.026260 0.999655 
1732023907884729856.000000 -2248.600098 -105.061348 250.567108 0.999237 -0.039045 0.001082 0.039060 0.998841 -0.028135 0.000018 0.028156 0.999604 
1732023907918071552.000000 -2248.030762 -105.313377 262.026001 0.999278 -0.037982 0.000095 0.037971 0.998918 -0.026837 0.000925 0.026821 0.999640 
1732023907951414784.000000 -2247.034424 -105.458046 273.448547 0.999390 -0.034853 0.002409 0.034905 0.999032 -0.026789 -0.001473 0.026857 0.999638 
1732023907984758016.000000 -2245.814941 -106.033508 288.606903 0.999449 -0.033037 0.003086 0.033107 0.999103 -0.026405 -0.002211 0.026492 0.999647 
1732023908018101760.000000 -2245.041260 -106.510040 299.860199 0.999534 -0.029729 0.006989 0.029881 0.999296 -0.022708 -0.006309 0.022906 0.999718 
1732023908051444992.000000 -2243.881348 -107.141136 310.541260 0.999585 -0.027563 0.008415 0.027737 0.999388 -0.021308 -0.007823 0.021533 0.999738 
1732023908084788736.000000 -2242.042969 -107.813126 323.924683 0.999702 -0.022949 0.008266 0.023095 0.999572 -0.017966 -0.007850 0.018151 0.999804 
1732023908118132992.000000 -2240.753174 -108.098663 333.047302 0.999747 -0.020353 0.009553 0.020520 0.999632 -0.017716 -0.009189 0.017908 0.999797 
1732023908151476992.000000 -2239.430420 -108.246284 341.969635 0.999817 -0.017327 0.008109 0.017491 0.999633 -0.020697 -0.007747 0.020835 0.999753 
1732023908184821504.000000 -2237.494141 -108.329796 352.912659 0.999894 -0.013285 0.005870 0.013433 0.999571 -0.026041 -0.005521 0.026117 0.999644 
1732023908218166016.000000 -2236.218262 -108.434059 360.748474 0.999941 -0.010007 0.004261 0.010123 0.999550 -0.028251 -0.003976 0.028293 0.999592 
1732023908251510784.000000 -2235.311523 -108.034088 368.610535 0.999976 -0.006039 0.003255 0.006137 0.999502 -0.030965 -0.003066 0.030985 0.999515 
1732023908284855808.000000 -2234.076416 -107.575890 378.880615 0.999988 -0.002542 0.004091 0.002672 0.999483 -0.032029 -0.004007 0.032040 0.999479 
1732023908318200832.000000 -2233.444336 -107.205528 386.882385 0.999996 -0.001784 0.002043 0.001854 0.999397 -0.034667 -0.001980 0.034671 0.999397 
1732023908518274048.000000 -2228.887207 -105.710281 449.481598 0.999948 -0.001894 -0.009995 0.001715 0.999838 -0.017902 0.010027 0.017884 0.999790 
1732023909151937792.000000 -2217.149170 -113.548843 678.795776 0.999863 0.009906 0.013239 -0.009705 0.999837 -0.015212 -0.013387 0.015082 0.999797 
1732023909185295360.000000 -2217.773438 -113.718468 690.940979 0.999880 0.011258 0.010686 -0.011122 0.999857 -0.012701 -0.010828 0.012581 0.999862 
1732023909218653696.000000 -2217.991943 -113.662117 699.698975 0.999842 0.014630 0.010088 -0.014486 0.999794 -0.014220 -0.010294 0.014071 0.999848 
1732023909252011264.000000 -2218.108643 -113.929520 708.028992 0.999833 0.016299 0.008261 -0.016181 0.999769 -0.014126 -0.008489 0.013990 0.999866 
1732023909285370112.000000 -2218.268799 -113.970726 719.001892 0.999756 0.020833 0.007355 -0.020776 0.999755 -0.007669 -0.007513 0.007515 0.999944 
1732023909318729984.000000 -2218.508789 -113.731468 727.068420 0.999715 0.023150 0.005897 -0.023117 0.999717 -0.005555 -0.006024 0.005417 0.999967 
1732023909352089600.000000 -2218.360596 -113.689903 735.084290 0.999672 0.025402 0.003141 -0.025383 0.999660 -0.005930 -0.003290 0.005849 0.999977 
1732023909385449984.000000 -2218.401123 -113.914894 745.121399 0.999655 0.026270 0.000325 -0.026269 0.999649 -0.003386 -0.000414 0.003377 0.999994 
1732023909418810880.000000 -2218.326904 -113.964439 751.979675 0.999617 0.027666 0.000296 -0.027667 0.999616 0.001661 -0.000249 -0.001669 0.999999 
1732023909452172032.000000 -2218.223145 -114.351555 758.303406 0.999596 0.028377 -0.001441 -0.028374 0.999595 0.002118 0.001500 -0.002076 0.999997 
1732023909485533952.000000 -2218.419434 -113.844894 766.585388 0.999562 0.029583 0.000562 -0.029586 0.999539 0.006757 -0.000362 -0.006770 0.999977 
1732023909518896384.000000 -2218.245605 -114.005730 771.580261 0.999596 0.028421 0.000197 -0.028421 0.999520 0.012291 0.000153 -0.012291 0.999924 
1732023909552258816.000000 -2217.942627 -113.790665 776.300049 0.999546 0.029810 0.004431 -0.029878 0.999423 0.016160 -0.003947 -0.016285 0.999860 
1732023909585621760.000000 -2217.536377 -113.110565 781.196838 0.999465 0.032215 0.005644 -0.032319 0.999286 0.019548 -0.005010 -0.019720 0.999793 
1732023909618985472.000000 -2217.342285 -113.229286 783.666565 0.999531 0.030052 0.005864 -0.030183 0.999261 0.023796 -0.005145 -0.023962 0.999700 
1732023909652349440.000000 -2217.349609 -113.435852 785.682800 0.999522 0.028481 0.012010 -0.028783 0.999253 0.025776 -0.011267 -0.026109 0.999596 
1732023909685712896.000000 -2217.065186 -113.304993 785.915100 0.999499 0.028181 0.014423 -0.028609 0.999130 0.030348 -0.013556 -0.030745 0.999435 
1732023909719077888.000000 -2216.972900 -113.288109 784.760803 0.999537 0.026581 0.014833 -0.027033 0.999150 0.031112 -0.013993 -0.031498 0.999406 
1732023909752443136.000000 -2216.712646 -112.501495 782.126648 0.999466 0.029612 0.013823 -0.030055 0.999004 0.032979 -0.012833 -0.033377 0.999360 
1732023909785809152.000000 -2216.525146 -112.813469 776.794617 0.999589 0.025486 0.013122 -0.025927 0.999066 0.034581 -0.012228 -0.034907 0.999316 
1732023909819175168.000000 -2216.348145 -113.181252 772.080322 0.999633 0.023436 0.013622 -0.023871 0.999180 0.032702 -0.012844 -0.033015 0.999372 
1732023909852541952.000000 -2216.681396 -112.732750 766.804016 0.999664 0.022003 0.013707 -0.022400 0.999313 0.029519 -0.013048 -0.029816 0.999470 
1732023909885908992.000000 -2217.044189 -113.527084 758.106140 0.999805 0.016376 0.011078 -0.016672 0.999491 0.027196 -0.010627 -0.027375 0.999569 
1732023909919249408.000000 -2217.424072 -113.990692 750.726746 0.999850 0.013567 0.010782 -0.013859 0.999526 0.027474 -0.010404 -0.027619 0.999564 
1732023909952589824.000000 -2217.814453 -114.524414 742.813110 0.999908 0.010245 0.008937 -0.010492 0.999551 0.028053 -0.008645 -0.028144 0.999566 
1732023909985929984.000000 -2218.615479 -115.857544 731.443237 0.999938 0.008368 0.007374 -0.008539 0.999689 0.023443 -0.007176 -0.023504 0.999698 
1732023910019270144.000000 -2219.063477 -116.471077 722.619751 0.999925 0.009908 0.007212 -0.010057 0.999730 0.020954 -0.007003 -0.021025 0.999754 
1732023910052610560.000000 -2219.622559 -117.494019 713.325989 0.999933 0.009562 0.006507 -0.009680 0.999787 0.018246 -0.006331 -0.018307 0.999812 
1732023910119291392.000000 -2221.244629 -119.510056 690.354675 0.999895 0.013245 0.005929 -0.013294 0.999878 0.008234 -0.005819 -0.008312 0.999949 
1732023910185970944.000000 -2223.228271 -121.153488 667.207336 0.999900 0.013833 0.002801 -0.013836 0.999904 0.000936 -0.002788 -0.000974 0.999996 
1732023911119505152.000000 -2230.526367 -110.608337 399.878845 0.999689 0.016682 -0.018557 -0.016121 0.999421 0.029971 0.019046 -0.029663 0.999379 
1732023911152846848.000000 -2230.171631 -111.113602 389.344177 0.999628 0.014537 -0.023074 -0.013947 0.999578 0.025498 0.023434 -0.025167 0.999409 
1732023911186188288.000000 -2230.065186 -111.281281 381.550598 0.999658 0.012222 -0.023105 -0.011685 0.999662 0.023238 0.023381 -0.022960 0.999463 
1732023911252871424.000000 -2230.379639 -111.957741 362.691193 0.999730 0.005647 -0.022561 -0.005136 0.999731 0.022616 0.022683 -0.022494 0.999490 
1732023911286213120.000000 -2230.597168 -112.358131 351.255798 0.999753 0.001994 -0.022136 -0.001556 0.999803 0.019801 0.022171 -0.019762 0.999559 
1732023911319554816.000000 -2230.635010 -112.453033 345.699677 0.999780 0.002352 -0.020855 -0.002005 0.999860 0.016633 0.020891 -0.016587 0.999644 
1732023911352896256.000000 -2230.789307 -112.646431 334.353119 0.999847 0.002842 -0.017285 -0.002625 0.999918 0.012560 0.017319 -0.012512 0.999772 
1732023911386237952.000000 -2230.977295 -112.942093 325.615814 0.999853 0.002810 -0.016918 -0.002659 0.999957 0.008900 0.016942 -0.008854 0.999817 
1732023911419579648.000000 -2231.029541 -113.262863 316.958984 0.999879 0.003701 -0.015106 -0.003640 0.999985 0.004065 0.015120 -0.004010 0.999878 
1732023911452921088.000000 -2231.443115 -113.010582 305.854828 0.999904 0.006125 -0.012455 -0.006101 0.999979 0.001990 0.012467 -0.001914 0.999920 
1732023911486261760.000000 -2231.882324 -112.913643 297.535126 0.999901 0.006652 -0.012408 -0.006633 0.999977 0.001589 0.012418 -0.001507 0.999922 
1732023911519603200.000000 -2232.217773 -112.937706 289.207886 0.999909 0.007222 -0.011380 -0.007223 0.999974 -0.000085 0.011379 0.000168 0.999935 
1732023911552945152.000000 -2232.617920 -112.912384 278.853882 0.999903 0.006281 -0.012456 -0.006300 0.999979 -0.001442 0.012447 0.001520 0.999921 
1732023911586286592.000000 -2232.910889 -113.040451 271.454254 0.999884 0.005044 -0.014395 -0.005107 0.999977 -0.004355 0.014373 0.004428 0.999887 
1732023911619628288.000000 -2233.108643 -113.190628 264.782043 0.999856 0.005660 -0.015999 -0.005791 0.999950 -0.008132 0.015952 0.008223 0.999839 
1732023911652969984.000000 -2233.967773 -113.013298 255.925308 0.999840 0.004454 -0.017308 -0.004624 0.999941 -0.009794 0.017263 0.009873 0.999802 
1732023911686311424.000000 -2234.550293 -113.072456 249.376862 0.999841 0.003652 -0.017469 -0.003823 0.999945 -0.009769 0.017432 0.009834 0.999800 
1732023911719653120.000000 -2234.968018 -112.871872 243.450333 0.999817 0.002559 -0.018982 -0.002814 0.999906 -0.013425 0.018946 0.013476 0.999730 
1732023911752995072.000000 -2235.451172 -112.616096 237.547180 0.999835 0.002266 -0.018027 -0.002515 0.999901 -0.013839 0.017994 0.013882 0.999742 
1732023911786336512.000000 -2236.075928 -112.255852 229.851364 0.999810 0.003634 -0.019135 -0.003931 0.999872 -0.015521 0.019076 0.015594 0.999696 
1732023911819678208.000000 -2236.426025 -112.112350 224.350403 0.999812 0.005083 -0.018724 -0.005403 0.999840 -0.017063 0.018634 0.017161 0.999679 
1732023911853019648.000000 -2236.192139 -111.368652 217.183441 0.999798 0.009895 -0.017483 -0.010218 0.999777 -0.018456 0.017297 0.018631 0.999677 
1732023911886361344.000000 -2236.345459 -110.791634 212.037064 0.999789 0.012012 -0.016677 -0.012348 0.999721 -0.020155 0.016430 0.020357 0.999658 
1732023911919701760.000000 -2236.490234 -110.326668 206.825760 0.999760 0.013709 -0.017074 -0.014096 0.999642 -0.022745 0.016756 0.022980 0.999595 
1732023911953042944.000000 -2236.590820 -110.027748 199.850357 0.999744 0.016596 -0.015383 -0.016932 0.999615 -0.021979 0.015012 0.022234 0.999640 
1732023911986384384.000000 -2236.857178 -109.131920 195.033218 0.999722 0.019931 -0.012568 -0.020218 0.999528 -0.023145 0.012101 0.023392 0.999653 
1732023912019725312.000000 -2236.990234 -108.717964 190.070709 0.999720 0.021163 -0.010576 -0.021418 0.999465 -0.024706 0.010048 0.024925 0.999639 
1732023912053066752.000000 -2237.169922 -107.802963 184.259277 0.999732 0.021124 -0.009480 -0.021375 0.999399 -0.027291 0.008898 0.027486 0.999583 
1732023912086407936.000000 -2237.228516 -107.363655 180.191650 0.999745 0.020595 -0.009301 -0.020836 0.999431 -0.026539 0.008749 0.026726 0.999605 
1732023912119749376.000000 -2237.353516 -106.957161 176.061035 0.999776 0.019180 -0.008993 -0.019413 0.999457 -0.026614 0.008477 0.026783 0.999605 
1732023912153090816.000000 -2237.459473 -106.451157 171.313065 0.999791 0.017442 -0.010701 -0.017709 0.999521 -0.025360 0.010253 0.025544 0.999621 
1732023912186431744.000000 -2237.625000 -106.270409 167.932419 0.999827 0.015286 -0.010575 -0.015542 0.999576 -0.024625 0.010194 0.024785 0.999641 
1732023912219772928.000000 -2237.742432 -105.908127 164.848007 0.999869 0.011894 -0.010939 -0.012144 0.999660 -0.023067 0.010661 0.023197 0.999674 
1732023912253114112.000000 -2237.923828 -105.780579 160.965256 0.999874 0.010860 -0.011585 -0.011126 0.999670 -0.023152 0.011330 0.023278 0.999665 
1732023912286455552.000000 -2238.170654 -105.480659 158.332199 0.999904 0.008284 -0.011154 -0.008536 0.999706 -0.022692 0.010962 0.022785 0.999680 
1732023912319796480.000000 -2238.121582 -105.482651 155.875320 0.999912 0.006771 -0.011403 -0.007036 0.999703 -0.023343 0.011241 0.023421 0.999662 
1732023912353136896.000000 -2238.120850 -105.318390 153.058701 0.999911 0.008040 -0.010649 -0.008297 0.999669 -0.024356 0.010450 0.024442 0.999647 
1732023912386478336.000000 -2238.133545 -105.444420 151.083618 0.999913 0.007410 -0.010903 -0.007654 0.999716 -0.022573 0.010732 0.022655 0.999686 
1732023912419819520.000000 -2238.077393 -105.650261 149.302277 0.999916 0.008072 -0.010150 -0.008296 0.999719 -0.022211 0.009968 0.022293 0.999702 
1732023912453160704.000000 -2237.843262 -106.146996 147.606674 0.999929 0.010146 -0.006221 -0.010256 0.999788 -0.017860 0.006039 0.017923 0.999821 
1732023912486501888.000000 -2237.945312 -106.020256 146.820633 0.999936 0.010655 -0.003782 -0.010708 0.999839 -0.014381 0.003628 0.014420 0.999889 
1732023912519843328.000000 -2237.951660 -106.162392 146.012451 0.999939 0.010919 -0.001676 -0.010937 0.999876 -0.011324 0.001552 0.011342 0.999934 
1732023912553184512.000000 -2237.908691 -106.359261 145.944733 0.999943 0.010635 -0.000954 -0.010644 0.999889 -0.010464 0.000843 0.010473 0.999945 
1732023912586525696.000000 -2237.838135 -106.638596 146.665985 0.999950 0.009997 -0.000695 -0.010005 0.999864 -0.013123 0.000564 0.013129 0.999914 
1732023912619867136.000000 -2237.753662 -106.736267 148.168884 0.999927 0.012000 -0.001092 -0.012018 0.999762 -0.018210 0.000874 0.018222 0.999834 
1732023912653208320.000000 -2238.009766 -107.100861 151.240692 0.999909 0.012916 0.003857 -0.012841 0.999737 -0.019017 -0.004101 0.018965 0.999812 
1732023912686549504.000000 -2238.199219 -107.888115 154.329041 0.999922 0.011914 0.003628 -0.011845 0.999757 -0.018613 -0.003849 0.018569 0.999820 
1732023912719890688.000000 -2238.376465 -108.497719 158.004105 0.999911 0.011830 0.006189 -0.011718 0.999770 -0.017954 -0.006400 0.017880 0.999820 
1732023912753232128.000000 -2238.586182 -108.814926 164.139771 0.999904 0.011640 0.007520 -0.011513 0.999795 -0.016666 -0.007713 0.016578 0.999833 
1732023912786573056.000000 -2238.521729 -109.367195 169.378143 0.999899 0.011821 0.007842 -0.011699 0.999812 -0.015471 -0.008023 0.015377 0.999850 
1732023912819913472.000000 -2238.503906 -109.675430 174.732224 0.999909 0.011153 0.007637 -0.011024 0.999800 -0.016694 -0.007822 0.016608 0.999831 
1732023912853254656.000000 -2238.271729 -110.444595 182.839035 0.999904 0.012198 0.006652 -0.012092 0.999803 -0.015734 -0.006843 0.015652 0.999854 
1732023912886595840.000000 -2238.223145 -110.992798 188.906418 0.999925 0.010993 0.005375 -0.010911 0.999827 -0.015037 -0.005539 0.014978 0.999873 
1732023912919937024.000000 -2237.926514 -111.709183 195.293839 0.999933 0.010449 0.004884 -0.010373 0.999831 -0.015155 -0.005042 0.015104 0.999873 
1732023912953277952.000000 -2237.754395 -112.147507 204.348953 0.999940 0.010687 0.002389 -0.010648 0.999818 -0.015838 -0.002558 0.015812 0.999872 
1732023912986619136.000000 -2237.579590 -112.651070 211.439133 0.999940 0.010901 0.000960 -0.010883 0.999790 -0.017344 -0.001149 0.017333 0.999849 
1732023913019960320.000000 -2237.549072 -112.675186 219.050064 0.999927 0.011999 0.001385 -0.011973 0.999778 -0.017312 -0.001592 0.017294 0.999849 
1732023913053301504.000000 -2237.306641 -113.425835 228.918732 0.999919 0.012506 0.002279 -0.012461 0.999746 -0.018783 -0.002513 0.018753 0.999821 
1732023913086642432.000000 -2237.014404 -114.106209 236.535324 0.999918 0.012627 0.002360 -0.012582 0.999755 -0.018219 -0.002589 0.018188 0.999831 
1732023913119983616.000000 -2236.838867 -114.597847 244.578598 0.999870 0.015116 0.005638 -0.015004 0.999700 -0.019342 -0.005928 0.019255 0.999797 
1732023913153325056.000000 -2236.649414 -115.159073 256.204224 0.999814 0.017850 0.007248 -0.017660 0.999521 -0.025401 -0.007698 0.025268 0.999651 
1732023913186665984.000000 -2236.238281 -115.796928 265.393463 0.999775 0.019283 0.008805 -0.019034 0.999440 -0.027536 -0.009331 0.027362 0.999582 
1732023913220007168.000000 -2235.731689 -116.750412 274.888214 0.999747 0.020857 0.008388 -0.020593 0.999325 -0.030423 -0.009017 0.030243 0.999502 
1732023913253347072.000000 -2235.029053 -118.211357 287.792175 0.999736 0.021925 0.006826 -0.021710 0.999308 -0.030202 -0.007484 0.030046 0.999521 
1732023913286688256.000000 -2234.680420 -119.129776 297.695801 0.999749 0.021948 0.004506 -0.021802 0.999304 -0.030261 -0.005167 0.030155 0.999532 
1732023913320029440.000000 -2234.055908 -120.387817 307.574127 0.999753 0.022233 -0.000328 -0.022232 0.999212 -0.032877 -0.000403 0.032877 0.999459 
1732023913353370624.000000 -2233.615723 -122.036575 320.573975 0.999747 0.022309 -0.002757 -0.022392 0.999124 -0.035340 0.001966 0.035393 0.999372 
1732023913386711552.000000 -2233.481445 -122.951477 330.429291 0.999733 0.022813 -0.003707 -0.022926 0.999163 -0.033871 0.002932 0.033947 0.999419 
1732023913420052736.000000 -2233.396729 -124.303009 340.136963 0.999742 0.022159 -0.004936 -0.022315 0.999169 -0.034106 0.004176 0.034208 0.999406 
1732023913453394176.000000 -2233.101074 -126.352600 352.708923 0.999737 0.021409 -0.008227 -0.021696 0.999097 -0.036543 0.007437 0.036712 0.999298 
1732023913486735104.000000 -2232.877441 -127.859192 361.873077 0.999692 0.023345 -0.008381 -0.023627 0.999095 -0.035365 0.007547 0.035552 0.999339 
1732023913520076288.000000 -2232.764648 -128.910767 371.226227 0.999638 0.025572 -0.008400 -0.025852 0.999048 -0.035137 0.007494 0.035341 0.999347 
1732023913553417216.000000 -2232.807617 -130.091904 383.456360 0.999582 0.028618 -0.004220 -0.028741 0.999054 -0.032644 0.003282 0.032751 0.999458 
1732023913586758400.000000 -2232.900879 -130.903763 392.693481 0.999484 0.031986 -0.002878 -0.032067 0.998885 -0.034660 0.001766 0.034735 0.999395 
1732023913620099584.000000 -2233.063232 -131.696625 401.784515 0.999368 0.035535 -0.000663 -0.035537 0.998759 -0.034881 -0.000577 0.034882 0.999391 
1732023913653440768.000000 -2233.137451 -132.506271 413.745728 0.999153 0.041107 0.001664 -0.041034 0.998656 -0.031675 -0.002963 0.031580 0.999497 
1732023913686780672.000000 -2233.043213 -133.038605 422.481079 0.998950 0.045732 0.002707 -0.045627 0.998483 -0.030835 -0.004113 0.030679 0.999521 
1732023913720121856.000000 -2232.928955 -133.576981 430.958801 0.998832 0.048236 0.002824 -0.048122 0.998336 -0.031772 -0.004352 0.031599 0.999491 
1732023913753463040.000000 -2232.839355 -133.663940 441.990662 0.998631 0.052225 0.003009 -0.052117 0.998228 -0.028718 -0.004504 0.028522 0.999583 
1732023913786804224.000000 -2232.960938 -133.551132 450.021942 0.998633 0.052270 0.000749 -0.052228 0.998237 -0.028182 -0.002221 0.028105 0.999602 
1732023913820145408.000000 -2233.127930 -133.212967 457.642700 0.998649 0.051929 -0.001601 -0.051953 0.998282 -0.027108 0.000191 0.027155 0.999631 
1732023913853486336.000000 -2233.452148 -132.856781 467.586456 0.998688 0.050967 -0.005034 -0.051083 0.998347 -0.026345 0.003683 0.026568 0.999640 
1732023913886827520.000000 -2233.611084 -132.832779 474.589935 0.998686 0.050842 -0.006358 -0.050973 0.998450 -0.022359 0.005211 0.022654 0.999730 
1732023913920168704.000000 -2233.943115 -132.607819 481.721039 0.998627 0.051873 -0.007229 -0.052001 0.998469 -0.018848 0.006240 0.019198 0.999796 
1732023913953510400.000000 -2234.396484 -132.395142 491.149658 0.998621 0.052335 -0.004092 -0.052391 0.998517 -0.014830 0.003309 0.015024 0.999882 
1732023913986851584.000000 -2234.862305 -132.004898 498.209625 0.998572 0.053416 0.000072 -0.053411 0.998504 -0.011689 -0.000696 0.011668 0.999932 
1732023914020192768.000000 -2235.176025 -131.856308 505.371826 0.998529 0.054155 0.002565 -0.054123 0.998474 -0.010967 -0.003155 0.010812 0.999937 
1732023914053534464.000000 -2235.538818 -131.721725 515.063293 0.998511 0.053761 0.009262 -0.053657 0.998497 -0.011152 -0.009848 0.010639 0.999895 
1732023914086875648.000000 -2235.624023 -131.586441 522.588135 0.998478 0.054160 0.010436 -0.054024 0.998456 -0.012888 -0.011118 0.012304 0.999862 
1732023914120217344.000000 -2235.558105 -131.568283 530.372009 0.998466 0.054051 0.011970 -0.053865 0.998431 -0.015292 -0.012778 0.014624 0.999811 
1732023914153557504.000000 -2235.360352 -131.272171 541.002197 0.998465 0.053965 0.012449 -0.053747 0.998406 -0.017224 -0.013359 0.016528 0.999774 
1732023914186898944.000000 -2235.112061 -131.388031 549.059448 0.998495 0.053624 0.011526 -0.053403 0.998397 -0.018731 -0.012512 0.018087 0.999758 
1732023914220240640.000000 -2234.989502 -131.418991 557.172668 0.998500 0.053814 0.010085 -0.053618 0.998384 -0.018834 -0.011083 0.018265 0.999772 
1732023914253581824.000000 -2234.785400 -131.592743 568.039124 0.998538 0.052711 0.011983 -0.052471 0.998431 -0.019546 -0.012994 0.018888 0.999737 
1732023914286923520.000000 -2234.572021 -131.739166 576.148560 0.998630 0.051007 0.011702 -0.050775 0.998522 -0.019377 -0.012673 0.018756 0.999744 
1732023914320264704.000000 -2234.421387 -131.723587 584.796326 0.998682 0.049845 0.012227 -0.049584 0.998553 -0.020824 -0.013247 0.020190 0.999708 
1732023914353606144.000000 -2234.575439 -131.883041 596.149109 0.998678 0.049103 0.015180 -0.048779 0.998587 -0.021068 -0.016193 0.020300 0.999663 
1732023914386947584.000000 -2234.535156 -132.197296 604.552551 0.998689 0.047924 0.017965 -0.047563 0.998668 -0.019985 -0.018899 0.019104 0.999639 
1732023914420289024.000000 -2234.514160 -132.515350 613.301758 0.998724 0.046434 0.019841 -0.046035 0.998737 -0.020136 -0.020751 0.019196 0.999600 
1732023914453630464.000000 -2234.335205 -132.619919 625.177856 0.998770 0.045228 0.020328 -0.044746 0.998720 -0.023564 -0.021368 0.022625 0.999516 
1732023914486971904.000000 -2234.105957 -133.158844 633.576233 0.998790 0.044657 0.020600 -0.044178 0.998755 -0.023158 -0.021609 0.022220 0.999520 
1732023914520313344.000000 -2234.217529 -133.583389 641.767822 0.998861 0.042894 0.020902 -0.042402 0.998825 -0.023457 -0.021884 0.022544 0.999506 
1732023914553654784.000000 -2234.951904 -134.468140 652.402283 0.998926 0.041399 0.020809 -0.040944 0.998923 -0.021831 -0.021691 0.020955 0.999545 
1732023914586995200.000000 -2235.023438 -134.869461 659.766968 0.998942 0.040998 0.020815 -0.040599 0.998990 -0.019250 -0.021583 0.018384 0.999598 
1732023914620336896.000000 -2235.034424 -135.379028 666.823914 0.998940 0.040875 0.021158 -0.040549 0.999055 -0.015619 -0.021777 0.014744 0.999654 
1732023914653677824.000000 -2235.379883 -136.047913 675.393738 0.999165 0.036540 0.018294 -0.036315 0.999262 -0.012515 -0.018737 0.011840 0.999754 
1732023914687019520.000000 -2235.837402 -135.914993 681.675232 0.999172 0.036177 0.018626 -0.035988 0.999299 -0.010359 -0.018988 0.009680 0.999773 
1732023914720360960.000000 -2235.426514 -135.922729 687.699524 0.999145 0.037032 0.018367 -0.036892 0.999288 -0.007920 -0.018647 0.007235 0.999800 
1732023914753702400.000000 -2235.394775 -135.918060 695.859802 0.999248 0.035905 0.014618 -0.035771 0.999316 -0.009346 -0.014943 0.008816 0.999849 
1732023914787043840.000000 -2235.361084 -135.830887 702.097046 0.999306 0.034744 0.013413 -0.034610 0.999350 -0.010058 -0.013754 0.009587 0.999859 
1732023914820385280.000000 -2235.134766 -135.780792 707.905701 0.999355 0.034046 0.011439 -0.033947 0.999385 -0.008756 -0.011730 0.008362 0.999896 
1732023914853726976.000000 -2235.282959 -135.825760 715.498840 0.999508 0.030306 0.008126 -0.030263 0.999527 -0.005407 -0.008286 0.005159 0.999952 
1732023914887068160.000000 -2235.445068 -135.766861 720.649414 0.999557 0.029070 0.006435 -0.029069 0.999577 -0.000302 -0.006441 0.000115 0.999979 
1732023914920409344.000000 -2235.487061 -136.126770 725.827393 0.999622 0.026638 0.006828 -0.026641 0.999645 0.000386 -0.006815 -0.000568 0.999977 
1732023914953750784.000000 -2235.660645 -135.783081 730.691528 0.999638 0.026066 0.006591 -0.026104 0.999642 0.005838 -0.006437 -0.006008 0.999961 
1732023914987091968.000000 -2235.608398 -135.474106 736.540833 0.999681 0.024801 0.004784 -0.024845 0.999648 0.009284 -0.004552 -0.009400 0.999945 
1732023915020432128.000000 -2235.873535 -135.154541 740.831848 0.999695 0.024126 0.005314 -0.024176 0.999662 0.009562 -0.005082 -0.009688 0.999940 
1732023915053773312.000000 -2235.802002 -135.351471 745.689026 0.999754 0.021576 0.005142 -0.021610 0.999744 0.006654 -0.004997 -0.006764 0.999965 
1732023915087114752.000000 -2236.179199 -134.695969 748.635681 0.999719 0.023105 0.005233 -0.023163 0.999667 0.011354 -0.004969 -0.011472 0.999922 
1732023915120455936.000000 -2236.005615 -134.529266 750.666626 0.999701 0.024085 0.004102 -0.024138 0.999618 0.013465 -0.003776 -0.013560 0.999901 
1732023915153797120.000000 -2236.159912 -134.414841 752.168640 0.999685 0.024572 0.005064 -0.024651 0.999566 0.016112 -0.004666 -0.016232 0.999857 
1732023915187138560.000000 -2236.466064 -134.293716 752.759827 0.999633 0.024691 0.011113 -0.024919 0.999471 0.020889 -0.010591 -0.021158 0.999720 
1732023915220479744.000000 -2236.350342 -133.609116 751.338745 0.999547 0.027812 0.011522 -0.028086 0.999309 0.024325 -0.010837 -0.024638 0.999638 
1732023915253821184.000000 -2236.651367 -132.858292 748.427612 0.999490 0.028718 0.013993 -0.029075 0.999240 0.025976 -0.013236 -0.026370 0.999565 
1732023915287162112.000000 -2236.760986 -132.146072 745.267822 0.999443 0.029809 0.014980 -0.030207 0.999177 0.027078 -0.014160 -0.027515 0.999521 
1732023915320503552.000000 -2237.561523 -131.674286 741.858582 0.999411 0.027789 0.020127 -0.028324 0.999239 0.026809 -0.019366 -0.027363 0.999438 
1732023915353844992.000000 -2237.993164 -130.280365 735.385132 0.999384 0.030691 0.017001 -0.031182 0.999082 0.029381 -0.016083 -0.029893 0.999424 
1732023915387186176.000000 -2238.371094 -129.752151 729.765381 0.999398 0.030141 0.017178 -0.030682 0.999013 0.032132 -0.016192 -0.032640 0.999336 
1732023915420527104.000000 -2238.770752 -129.512863 723.308777 0.999464 0.028187 0.016639 -0.028725 0.999042 0.033024 -0.015692 -0.033484 0.999316 
1732023915453868288.000000 -2239.936279 -128.976852 714.347900 0.999526 0.025221 0.017658 -0.025826 0.999056 0.034939 -0.016761 -0.035378 0.999233 
1732023915487208960.000000 -2240.819336 -128.327255 707.284424 0.999543 0.024560 0.017636 -0.025149 0.999105 0.034017 -0.016785 -0.034445 0.999266 
1732023915520549888.000000 -2241.727783 -127.480736 700.017517 0.999584 0.023885 0.016187 -0.024361 0.999256 0.029908 -0.015461 -0.030290 0.999422 
1732023915553891072.000000 -2242.915283 -126.904167 689.749084 0.999627 0.023879 0.013251 -0.024221 0.999362 0.026262 -0.012615 -0.026573 0.999567 
1732023915587232256.000000 -2243.719971 -126.352737 681.980225 0.999668 0.023521 0.010567 -0.023768 0.999432 0.023876 -0.009999 -0.024119 0.999659 
1732023915653914880.000000 -2245.793945 -125.528511 663.184875 0.999727 0.023127 0.003318 -0.023189 0.999530 0.020032 -0.002853 -0.020103 0.999794 
1732023915687256064.000000 -2245.905762 -125.489151 655.106934 0.999709 0.023831 0.003658 -0.023890 0.999569 0.017068 -0.003249 -0.017150 0.999848 
1732023915720597504.000000 -2246.562744 -125.744125 646.264160 0.999744 0.022500 0.002331 -0.022538 0.999581 0.018185 -0.001920 -0.018233 0.999832 
1732023915753938432.000000 -2246.915771 -126.001335 634.162354 0.999759 0.021970 -0.000490 -0.021957 0.999583 0.018738 0.000901 -0.018723 0.999824 
1732023915787279872.000000 -2247.026855 -125.938385 625.114502 0.999778 0.020914 -0.002617 -0.020870 0.999656 0.015898 0.002949 -0.015840 0.999870 
1732023915820621056.000000 -2247.199463 -125.682495 615.712585 0.999820 0.018477 -0.004257 -0.018418 0.999739 0.013540 0.004506 -0.013459 0.999899 
1732023915853962240.000000 -2246.924072 -125.602234 602.095886 0.999828 0.017126 -0.007162 -0.017020 0.999749 0.014577 0.007410 -0.014453 0.999868 
1732023915887303680.000000 -2246.475586 -125.561554 592.005127 0.999817 0.014940 -0.011936 -0.014779 0.999800 0.013472 0.012134 -0.013294 0.999838 
1732023915920643840.000000 -2246.171387 -125.458740 581.951294 0.999793 0.011961 -0.016457 -0.011741 0.999841 0.013441 0.016615 -0.013245 0.999774 
1732023915953985536.000000 -2245.709473 -125.185631 568.378357 0.999752 0.008576 -0.020557 -0.008309 0.999881 0.013023 0.020667 -0.012849 0.999704 
1732023915987326976.000000 -2245.269775 -125.088478 557.681458 0.999665 0.006481 -0.025050 -0.006101 0.999866 0.015186 0.025145 -0.015028 0.999571 
1732023916020668416.000000 -2244.950195 -124.929375 547.300781 0.999585 0.005009 -0.028374 -0.004574 0.999871 0.015370 0.028447 -0.015234 0.999479 
1732023916054009856.000000 -2244.695801 -124.423759 533.676941 0.999516 0.004374 -0.030785 -0.003842 0.999843 0.017316 0.030856 -0.017189 0.999376 
1732023916087351296.000000 -2244.745117 -123.960464 523.232727 0.999441 0.003015 -0.033286 -0.002403 0.999827 0.018436 0.033336 -0.018346 0.999276 
1732023916120692992.000000 -2244.881348 -123.242538 512.940674 0.999468 0.002337 -0.032525 -0.001716 0.999816 0.019090 0.032564 -0.019024 0.999289 
1732023916154034432.000000 -2244.911621 -122.270638 498.977570 0.999501 0.000999 -0.031565 -0.000362 0.999796 0.020179 0.031579 -0.020158 0.999298 
1732023916187376128.000000 -2245.238770 -121.025070 488.686157 0.999583 -0.001457 -0.028843 0.001978 0.999836 0.018026 0.028812 -0.018076 0.999421 
1732023916220717312.000000 -2245.440674 -120.055168 478.497986 0.999581 -0.003711 -0.028712 0.004185 0.999856 0.016465 0.028647 -0.016578 0.999452 
1732023916254058752.000000 -2245.689941 -118.693886 465.214020 0.999630 -0.004263 -0.026851 0.004631 0.999896 0.013681 0.026790 -0.013800 0.999546 
1732023916287400448.000000 -2245.742432 -118.040001 455.357391 0.999683 -0.004519 -0.024769 0.004857 0.999896 0.013602 0.024705 -0.013718 0.999601 
1732023916320741888.000000 -2245.725342 -117.205879 445.661774 0.999735 -0.003666 -0.022739 0.004029 0.999865 0.015911 0.022677 -0.015998 0.999615 
1732023916354082560.000000 -2245.907715 -116.372002 433.002930 0.999825 -0.001185 -0.018669 0.001587 0.999766 0.021561 0.018639 -0.021587 0.999593 
1732023916387423744.000000 -2245.869873 -115.872963 423.701874 0.999846 0.000306 -0.017544 0.000118 0.999709 0.024130 0.017546 -0.024128 0.999555 
1732023916420765440.000000 -2245.860596 -115.385941 414.451935 0.999898 0.001836 -0.014145 -0.001480 0.999684 0.025079 0.014187 -0.025055 0.999585 
1732023916454107136.000000 -2245.909912 -114.641586 402.304321 0.999877 0.004042 -0.015133 -0.003624 0.999615 0.027497 0.015238 -0.027439 0.999507 
1732023916487448576.000000 -2245.826904 -114.166039 393.300598 0.999843 0.005792 -0.016734 -0.005338 0.999619 0.027066 0.016885 -0.026972 0.999494 
1732023916520790016.000000 -2245.799805 -114.014778 384.721802 0.999831 0.006775 -0.017082 -0.006361 0.999688 0.024152 0.017241 -0.024039 0.999562 
1732023916554131712.000000 -2245.705811 -113.951263 372.913055 0.999798 0.009838 -0.017537 -0.009420 0.999673 0.023764 0.017765 -0.023594 0.999564 
1732023916587473152.000000 -2245.724121 -113.879303 364.104828 0.999764 0.010816 -0.018843 -0.010363 0.999659 0.023978 0.019096 -0.023777 0.999535 
1732023916620814848.000000 -2246.017090 -113.988495 355.251404 0.999736 0.011012 -0.020154 -0.010543 0.999674 0.023265 0.020404 -0.023046 0.999526 
1732023916654156288.000000 -2246.625488 -113.555122 343.689117 0.999739 0.012353 -0.019205 -0.011942 0.999700 0.021380 0.019463 -0.021145 0.999587 
1732023916687497728.000000 -2246.927490 -113.314941 335.094330 0.999750 0.012574 -0.018513 -0.012264 0.999785 0.016743 0.018720 -0.016512 0.999688 
1732023916720839168.000000 -2247.019775 -113.186752 326.040863 0.999713 0.014122 -0.019328 -0.013927 0.999851 0.010177 0.019469 -0.009905 0.999761 
1732023916754180608.000000 -2247.346924 -112.717201 313.798889 0.999692 0.014932 -0.019842 -0.014790 0.999864 0.007268 0.019948 -0.006973 0.999777 
1732023916787522304.000000 -2247.565674 -112.610825 304.572662 0.999622 0.015127 -0.022953 -0.014991 0.999869 0.006088 0.023042 -0.005742 0.999718 
1732023916820862720.000000 -2247.670166 -112.270241 295.410828 0.999561 0.014546 -0.025816 -0.014422 0.999884 0.004964 0.025886 -0.004590 0.999654 
1732023916854204416.000000 -2247.629883 -111.246277 283.176453 0.999550 0.015769 -0.025498 -0.015631 0.999862 0.005597 0.025583 -0.005196 0.999659 
1732023916887545856.000000 -2247.885010 -110.754318 273.522400 0.999586 0.015295 -0.024388 -0.015116 0.999857 0.007521 0.024500 -0.007149 0.999674 
1732023916920888064.000000 -2248.192139 -110.575562 263.949524 0.999635 0.013843 -0.023207 -0.013615 0.999858 0.009940 0.023341 -0.009620 0.999681 
1732023916954230016.000000 -2248.643311 -110.114136 251.182190 0.999693 0.012828 -0.021177 -0.012648 0.999883 0.008587 0.021284 -0.008316 0.999739 
1732023916987571968.000000 -2248.761475 -109.735802 241.779770 0.999750 0.012102 -0.018809 -0.011953 0.999896 0.008037 0.018905 -0.007810 0.999791 
