1732024036058750976.000000 -2305.385010 169.988617 141.066360 -0.997975 0.059835 0.021584 -0.059679 -0.998187 0.007800 0.022012 0.006496 0.999737
1732024036092093952.000000 -2305.396240 169.997406 141.090393 -0.997974 0.059872 0.021515 -0.059720 -0.998186 0.007636 0.021933 0.006335 0.999739
1732024036125435392.000000 -2305.404541 169.994598 141.064499 -0.997977 0.059894 0.021314 -0.059744 -0.998185 0.007643 0.021733 0.006354 0.999744
1732024036158775040.000000 -2305.379395 169.947845 141.096390 -0.997978 0.059810 0.021505 -0.059658 -0.998190 0.007635 0.021923 0.006336 0.999740
1732024036192113152.000000 -2305.346191 170.162552 141.195419 -0.998053 0.058775 0.020867 -0.058590 -0.998238 0.009347 0.021379 0.008106 0.999739
1732024036225448960.000000 -2305.346191 170.100998 141.167755 -0.998048 0.058867 0.020860 -0.058684 -0.998234 0.009270 0.021369 0.008027 0.999739
1732024036258783488.000000 -2305.275391 170.169479 141.120941 -0.998062 0.058678 0.020694 -0.058500 -0.998246 0.009107 0.021192 0.007879 0.999744
1732024036292115712.000000 -2305.321533 170.014297 141.242615 -0.998040 0.058834 0.021338 -0.058618 -0.998224 0.010635 0.021925 0.009364 0.999716
1732024036325446656.000000 -2305.174316 170.173691 141.103424 -0.998026 0.058901 0.021774 -0.058687 -0.998223 0.010341 0.022345 0.009043 0.999709
1732024036358775296.000000 -2304.737549 169.976822 140.853943 -0.997870 0.060880 0.023433 -0.060680 -0.998115 0.009177 0.023948 0.007736 0.999683
1732024036392102656.000000 -2304.859375 170.233978 140.661011 -0.997862 0.061108 0.023176 -0.060900 -0.998098 0.009577 0.023717 0.008145 0.999686
1732024036425427968.000000 -2305.317627 169.807770 140.615524 -0.997913 0.061635 0.019240 -0.061424 -0.998047 0.011376 0.019903 0.010170 0.999750
1732024036492072704.000000 -2305.685303 169.827789 140.608871 -0.997996 0.060046 0.019980 -0.059819 -0.998140 0.011791 0.020651 0.010572 0.999731
1732024036525392384.000000 -2305.666504 169.799530 140.644302 -0.998050 0.059552 0.018696 -0.059374 -0.998186 0.009933 0.019254 0.008803 0.999776
1732024036558710784.000000 -2305.480225 169.630890 140.805710 -0.998096 0.058582 0.019300 -0.058413 -0.998250 0.009254 0.019808 0.008109 0.999771
1732024036592027136.000000 -2305.463623 169.643555 140.767532 -0.998112 0.058222 0.019576 -0.058052 -0.998272 0.009104 0.020072 0.007950 0.999767
1732024036625341952.000000 -2305.591553 169.828461 140.562775 -0.998111 0.058442 0.018930 -0.058269 -0.998255 0.009578 0.019456 0.008457 0.999775
1732024036658654720.000000 -2305.521973 169.869400 140.516144 -0.998112 0.058554 0.018529 -0.058382 -0.998248 0.009660 0.019062 0.008560 0.999782
1732024036691965696.000000 -2305.307861 169.900528 140.559464 -0.998089 0.058968 0.018444 -0.058794 -0.998222 0.009823 0.018991 0.008720 0.999782
1732024036725275136.000000 -2305.348145 169.904205 140.514465 -0.998064 0.059272 0.018823 -0.059099 -0.998206 0.009619 0.019359 0.008488 0.999777
1732024036758582528.000000 -2305.764160 169.708511 140.654510 -0.997895 0.062594 0.016984 -0.062419 -0.997993 0.010638 0.017616 0.009555 0.999799
1732024036791888896.000000 -2305.865723 169.770889 140.614197 -0.997910 0.062428 0.016665 -0.062257 -0.998004 0.010581 0.017292 0.009521 0.999805
1732024036825167360.000000 -2305.810791 169.517426 140.927826 -0.997923 0.061935 0.017716 -0.061760 -0.998039 0.010234 0.018315 0.009118 0.999791
1732024036858443264.000000 -2305.823730 169.636215 140.777969 -0.997947 0.061064 0.019323 -0.060901 -0.998104 0.008940 0.019833 0.007745 0.999773
1732024036891715328.000000 -2305.643066 169.901993 140.640015 -0.998090 0.058738 0.019143 -0.058557 -0.998235 0.009871 0.019689 0.008731 0.999768
1732024036924983552.000000 -2305.526611 170.148788 140.668488 -0.998131 0.058349 0.018176 -0.058181 -0.998260 0.009627 0.018706 0.008552 0.999788
1732024036958249216.000000 -2305.527100 170.273849 140.674927 -0.998148 0.058219 0.017660 -0.058042 -0.998260 0.010386 0.018234 0.009341 0.999790
1732024036991512320.000000 -2305.511719 170.294983 140.750839 -0.998156 0.058072 0.017684 -0.057887 -0.998264 0.010836 0.018282 0.009792 0.999785
1732024037024771584.000000 -2305.486816 170.302795 140.800964 -0.998165 0.057788 0.018086 -0.057587 -0.998275 0.011430 0.018715 0.010368 0.999771
1732024037058028288.000000 -2305.528076 170.258667 140.882217 -0.998128 0.058183 0.018824 -0.057982 -0.998256 0.011073 0.019435 0.009961 0.999761
1732024037091281152.000000 -2305.306396 170.112946 141.114456 -0.998064 0.058899 0.020000 -0.058704 -0.998223 0.010209 0.020566 0.009015 0.999748
1732024037124531456.000000 -2305.256592 170.237000 141.167633 -0.998056 0.059058 0.019933 -0.058845 -0.998205 0.011136 0.020555 0.009942 0.999739
1732024037157778176.000000 -2305.221436 170.867950 141.557312 -0.998062 0.058968 0.019856 -0.058664 -0.998156 0.015560 0.020737 0.014365 0.999682
1732024037191021824.000000 -2305.081543 171.612534 141.927826 -0.997983 0.060077 0.020497 -0.059661 -0.998012 0.020310 0.021676 0.019046 0.999584
1732024037224262400.000000 -2304.857422 172.576691 142.411453 -0.997898 0.061308 0.021022 -0.060789 -0.997850 0.024495 0.022478 0.023166 0.999479
1732024037257499904.000000 -2304.822021 174.365417 143.609085 -0.997736 0.062483 0.024861 -0.061655 -0.997558 0.032804 0.026850 0.031197 0.999153
1732024037290734080.000000 -2304.302734 176.093018 145.665390 -0.997610 0.064375 0.025117 -0.063721 -0.997629 0.026003 0.026731 0.024341 0.999346
1732024037323965184.000000 -2304.066406 177.994110 148.048523 -0.997587 0.064404 0.025935 -0.063945 -0.997788 0.018158 0.027047 0.016456 0.999499
1732024037357193216.000000 -2303.978760 180.275085 150.809769 -0.997632 0.063807 0.025667 -0.063671 -0.997952 0.006096 0.026003 0.004447 0.999652
1732024037390416896.000000 -2303.896240 183.080612 154.022339 -0.997657 0.063895 0.024437 -0.063937 -0.997953 -0.000959 0.024326 -0.002519 0.999701
1732024037423638016.000000 -2303.968750 186.249344 157.691132 -0.997730 0.063265 0.023066 -0.063361 -0.997985 -0.003478 0.022799 -0.004932 0.999728
1732024037456856576.000000 -2303.713623 190.422287 163.162445 -0.997971 0.061251 0.017408 -0.061374 -0.998093 -0.006629 0.016969 -0.007684 0.999826
1732024037490071808.000000 -2303.700684 195.450821 171.996353 -0.998107 0.060068 0.013215 -0.060280 -0.998049 -0.016270 0.012212 -0.017036 0.999780
1732024037523283712.000000 -2303.556641 196.430069 173.559402 -0.998098 0.060173 0.013375 -0.060387 -0.998044 -0.016200 0.012374 -0.016976 0.999779
1732024037556492544.000000 -2303.156250 199.924149 180.342789 -0.998128 0.059683 0.013323 -0.059994 -0.997902 -0.024327 0.011843 -0.025081 0.999615
1732024037589698048.000000 -2302.803467 202.549438 185.772568 -0.998032 0.061086 0.014129 -0.061484 -0.997667 -0.029684 0.012283 -0.030494 0.999459
1732024037622900736.000000 -2302.362305 204.589600 190.593353 -0.997981 0.061580 0.015538 -0.062064 -0.997531 -0.032868 0.013476 -0.033766 0.999339
1732024037656099840.000000 -2301.654297 206.718384 197.744675 -0.998014 0.060489 0.017588 -0.061173 -0.997270 -0.041361 0.015038 -0.042355 0.998989
1732024037689296128.000000 -2301.409668 208.525452 201.934326 -0.997976 0.060479 0.019641 -0.061253 -0.997258 -0.041516 0.017076 -0.042635 0.998945
1732024037722488832.000000 -2300.916016 210.142715 208.876801 -0.998078 0.059415 0.017614 -0.060286 -0.996725 -0.053902 0.014353 -0.054860 0.998391
1732024037755678720.000000 -2300.838623 210.876053 214.002701 -0.998195 0.056341 0.020819 -0.057419 -0.996810 -0.055437 0.017629 -0.056532 0.998245
1732024037788866816.000000 -2301.149414 210.637009 221.390060 -0.998016 0.060018 0.019029 -0.061015 -0.996504 -0.057071 0.015537 -0.058119 0.998189
1732024037822208768.000000 -2301.192871 211.510681 226.617844 -0.998145 0.058975 0.015130 -0.059736 -0.996638 -0.056076 0.011772 -0.056876 0.998312
1732024037855551488.000000 -2301.383301 211.560760 235.861328 -0.998222 0.057287 0.016437 -0.058124 -0.996737 -0.056003 0.013175 -0.056859 0.998295
1732024037888894464.000000 -2301.592529 211.890396 241.718109 -0.998210 0.058381 0.012948 -0.058998 -0.996800 -0.053928 0.009758 -0.054595 0.998461
1732024037922237952.000000 -2302.213135 211.424194 250.818436 -0.998252 0.058463 0.008705 -0.058836 -0.996932 -0.051632 0.005660 -0.052053 0.998628
1732024037955581440.000000 -2302.593018 211.253937 257.946960 -0.998280 0.058293 0.006306 -0.058531 -0.997094 -0.048770 0.003445 -0.049055 0.998790
1732024037988924672.000000 -2303.015625 210.851776 265.098328 -0.998170 0.060055 0.007105 -0.060303 -0.997276 -0.042482 0.004534 -0.042833 0.999072
1732024038022268672.000000 -2303.236328 210.317307 274.192047 -0.998208 0.059714 0.003962 -0.059830 -0.997246 -0.043832 0.001333 -0.043990 0.999031
1732024038055612928.000000 -2303.636719 209.683914 280.723053 -0.998187 0.060071 0.003702 -0.060174 -0.997293 -0.042256 0.001153 -0.042403 0.999100
1732024038088956928.000000 -2304.336426 209.268097 287.943878 -0.998124 0.061233 0.000151 -0.061190 -0.997325 -0.039975 -0.002297 -0.039909 0.999201
1732024038122301184.000000 -2305.531250 208.633789 297.676941 -0.998023 0.062855 0.000489 -0.062834 -0.997420 -0.034724 -0.001695 -0.034686 0.999397
1732024038155645696.000000 -2306.513672 208.113663 304.786560 -0.997901 0.064753 -0.001041 -0.064696 -0.997482 -0.029049 -0.002919 -0.028921 0.999577
1732024038188990464.000000 -2307.683838 208.155777 312.339325 -0.997821 0.065831 -0.004314 -0.065698 -0.997506 -0.025810 -0.006003 -0.025470 0.999658
1732024038222334976.000000 -2308.986572 208.112350 322.165009 -0.997681 0.067857 -0.005215 -0.067731 -0.997473 -0.021452 -0.006658 -0.021049 0.999756
1732024038255678976.000000 -2309.833252 208.155090 329.716980 -0.997550 0.069660 -0.006382 -0.069522 -0.997386 -0.019701 -0.007737 -0.019209 0.999786
1732024038289024000.000000 -2310.661377 208.035919 337.007721 -0.997454 0.071070 -0.005804 -0.070947 -0.997294 -0.019246 -0.007156 -0.018786 0.999798
1732024038322369280.000000 -2312.062988 208.698578 346.924988 -0.997455 0.071219 -0.003471 -0.071153 -0.997331 -0.016346 -0.004626 -0.016057 0.999860
1732024038355714816.000000 -2312.973633 208.776138 353.993896 -0.997566 0.069731 -0.000806 -0.069705 -0.997404 -0.018090 -0.002066 -0.017990 0.999836
1732024038389060608.000000 -2313.578369 209.244659 361.328918 -0.997747 0.067087 -0.000425 -0.067065 -0.997555 -0.019675 -0.001744 -0.019602 0.999806
1732024038422406144.000000 -2314.172363 209.713150 368.770996 -0.997759 0.066913 -0.000503 -0.066892 -0.997586 -0.018640 -0.001749 -0.018565 0.999826
1732024038455752192.000000 -2314.916016 210.269272 378.930725 -0.997953 0.063920 -0.001739 -0.063871 -0.997747 -0.020518 -0.003047 -0.020365 0.999788
1732024038489098240.000000 -2315.304932 210.797150 386.759338 -0.998005 0.063138 0.000537 -0.063136 -0.997813 -0.019571 -0.000700 -0.019566 0.999808
1732024038522444800.000000 -2315.392090 211.365631 397.475281 -0.998187 0.060180 -0.000157 -0.060166 -0.997996 -0.019589 -0.001336 -0.019544 0.999808
1732024038555791104.000000 -2315.224365 212.066559 405.757080 -0.998259 0.058942 -0.002277 -0.058890 -0.998095 -0.018390 -0.003356 -0.018224 0.999828
1732024038589137920.000000 -2314.751465 212.543060 413.773071 -0.998379 0.056898 -0.001565 -0.056865 -0.998251 -0.016133 -0.002481 -0.016018 0.999869
1732024038622484480.000000 -2313.994141 213.025299 424.235687 -0.998481 0.055083 -0.000798 -0.055068 -0.998392 -0.013436 -0.001537 -0.013372 0.999909
1732024038655831552.000000 -2313.466309 213.378723 432.121338 -0.998519 0.054394 -0.000930 -0.054375 -0.998418 -0.014315 -0.001707 -0.014243 0.999897
1732024038689178368.000000 -2313.083252 213.544586 439.910919 -0.998458 0.055492 -0.001453 -0.055468 -0.998373 -0.013214 -0.002184 -0.013113 0.999912
1732024038722524928.000000 -2312.283203 213.511581 450.069458 -0.998598 0.052902 0.002037 -0.052916 -0.998573 -0.007255 0.001650 -0.007353 0.999972
1732024038755872256.000000 -2311.462158 213.148087 457.679138 -0.998547 0.053883 -0.000069 -0.053881 -0.998515 -0.008085 -0.000505 -0.008070 0.999967
1732024038789219840.000000 -2310.278809 212.593613 467.418243 -0.998558 0.053671 -0.001457 -0.053652 -0.998502 -0.010762 -0.002033 -0.010669 0.999941
1732024038822574592.000000 -2309.157959 212.262360 474.506592 -0.998517 0.054401 -0.002036 -0.054377 -0.998466 -0.010383 -0.002598 -0.010257 0.999944
1732024038855929344.000000 -2308.483398 211.889816 481.158295 -0.998588 0.052999 -0.003649 -0.052952 -0.998525 -0.011985 -0.004279 -0.011775 0.999922
1732024038889284864.000000 -2307.633789 211.649567 488.069794 -0.998632 0.052088 -0.004589 -0.052036 -0.998585 -0.010968 -0.005153 -0.010714 0.999929
1732024038922640640.000000 -2306.454102 211.179657 497.258942 -0.998769 0.049525 -0.002608 -0.049496 -0.998723 -0.010093 -0.003104 -0.009952 0.999946
1732024038955996928.000000 -2305.720459 210.950958 503.836395 -0.998854 0.047804 -0.002533 -0.047784 -0.998830 -0.007435 -0.002885 -0.007305 0.999969
1732024038989353984.000000 -2305.185059 210.703247 510.639374 -0.998957 0.045669 0.000052 -0.045669 -0.998950 -0.003749 -0.000120 -0.003747 0.999993
1732024039022711296.000000 -2304.874023 210.535385 519.965393 -0.999118 0.041974 -0.001343 -0.041977 -0.999116 0.002064 -0.001255 0.002119 0.999997
1732024039056068864.000000 -2304.611084 210.507385 527.337219 -0.999185 0.040274 -0.002872 -0.040291 -0.999167 0.006411 -0.002611 0.006522 0.999975
1732024039089426688.000000 -2304.747559 210.456497 534.919189 -0.999253 0.038417 -0.004287 -0.038463 -0.999198 0.011157 -0.003854 0.011314 0.999929
1732024039122785280.000000 -2305.023926 210.478516 545.131897 -0.999365 0.035542 -0.002396 -0.035576 -0.999231 0.016475 -0.001809 0.016550 0.999861
1732024039156143616.000000 -2305.306152 210.425430 553.019104 -0.999472 0.032263 -0.003865 -0.032327 -0.999317 0.017917 -0.003284 0.018032 0.999832
1732024039189502976.000000 -2305.700928 210.391693 561.092590 -0.999548 0.029930 -0.002917 -0.029983 -0.999348 0.020122 -0.002313 0.020200 0.999793
1732024039222862848.000000 -2306.225098 210.389969 571.966248 -0.999621 0.027493 0.001567 -0.027450 -0.999363 0.022814 0.002194 0.022762 0.999739
1732024039256223232.000000 -2306.577637 210.394379 580.333130 -0.999656 0.025927 0.004054 -0.025828 -0.999408 0.022727 0.004641 0.022615 0.999734
1732024039289583872.000000 -2306.945557 210.486847 588.690796 -0.999654 0.025117 0.007805 -0.024952 -0.999478 0.020499 0.008316 0.020297 0.999759
1732024039322945280.000000 -2307.555908 210.808578 599.669495 -0.999612 0.025072 0.012106 -0.024836 -0.999506 0.019261 0.012583 0.018953 0.999741
1732024039356306944.000000 -2308.195068 211.017883 607.645935 -0.999583 0.025369 0.013797 -0.025086 -0.999479 0.020297 0.014305 0.019942 0.999699
1732024039389669120.000000 -2308.855713 211.566193 615.399414 -0.999552 0.025774 0.015190 -0.025451 -0.999454 0.021080 0.015725 0.020684 0.999662
1732024039423031808.000000 -2309.676025 212.143753 625.395752 -0.999511 0.026453 0.016654 -0.026110 -0.999449 0.020495 0.017187 0.020051 0.999651
1732024039456395008.000000 -2310.206787 212.535034 632.544434 -0.999501 0.026944 0.016485 -0.026591 -0.999419 0.021309 0.017049 0.020860 0.999637
1732024039489758208.000000 -2310.775146 212.809677 639.311218 -0.999482 0.028479 0.014970 -0.028169 -0.999392 0.020537 0.015545 0.020105 0.999677
1732024039523122432.000000 -2311.737793 212.763840 648.265015 -0.999433 0.031937 0.010684 -0.031733 -0.999321 0.018722 0.011274 0.018372 0.999768
1732024039556486656.000000 -2312.296143 212.810974 654.815063 -0.999332 0.034552 0.011881 -0.034341 -0.999256 0.017563 0.012479 0.017143 0.999775
1732024039589851648.000000 -2312.641846 213.004059 661.522705 -0.999274 0.036521 0.010819 -0.036364 -0.999235 0.014388 0.011336 0.013984 0.999838
1732024039623215872.000000 -2313.621582 213.605835 670.096069 -0.999215 0.038461 0.009543 -0.038335 -0.999179 0.013097 0.010039 0.012720 0.999869
1732024039656581632.000000 -2313.818848 214.019470 676.598694 -0.999115 0.041310 0.007952 -0.041226 -0.999095 0.010452 0.008376 0.010115 0.999914
1732024039689947904.000000 -2314.243896 214.392136 682.492371 -0.998971 0.044319 0.009601 -0.044189 -0.998935 0.013307 0.010181 0.012869 0.999865
1732024039723314176.000000 -2314.513184 215.071945 690.153687 -0.998821 0.047589 0.009587 -0.047487 -0.998816 0.010597 0.010080 0.010129 0.999898
1732024039756681472.000000 -2313.956543 214.573105 694.913818 -0.998281 0.056301 0.016258 -0.055993 -0.998254 0.018809 0.017289 0.017867 0.999691
1732024039790048512.000000 -2314.248779 215.051041 701.827515 -0.998052 0.060940 0.013359 -0.060681 -0.997976 0.019014 0.014491 0.018167 0.999730
1732024039823390208.000000 -2314.424072 215.271271 704.942749 -0.997969 0.062717 0.011124 -0.062504 -0.997873 0.018531 0.012262 0.017798 0.999766
1732024039856731648.000000 -2314.861328 215.289062 710.254211 -0.997868 0.064763 0.008120 -0.064613 -0.997756 0.017538 0.009238 0.016976 0.999813
1732024039890073344.000000 -2315.518311 215.290710 713.385925 -0.997690 0.067355 0.008774 -0.067178 -0.997557 0.019172 0.010044 0.018538 0.999778
1732024039923415040.000000 -2316.038086 214.643784 717.045227 -0.997610 0.069033 0.002816 -0.068988 -0.997524 0.013650 0.003752 0.013424 0.999903
1732024039956756480.000000 -2316.224854 214.278061 717.670227 -0.997529 0.070178 0.003183 -0.070130 -0.997449 0.013313 0.004109 0.013057 0.999906
1732024039990097920.000000 -2316.238281 214.003326 717.321045 -0.997489 0.070767 0.002840 -0.070718 -0.997388 0.014714 0.003873 0.014476 0.999888
1732024040023439360.000000 -2316.129639 214.245682 714.563354 -0.997310 0.072628 0.009901 -0.072383 -0.997107 0.023188 0.011557 0.022409 0.999682
1732024040056780032.000000 -2315.721924 213.493301 711.097961 -0.997304 0.072889 0.008475 -0.072707 -0.997151 0.020092 0.009915 0.019422 0.999762
1732024040090121472.000000 -2315.423096 213.080414 707.666748 -0.997255 0.073533 0.008647 -0.073375 -0.997153 0.017376 0.009900 0.016694 0.999812
1732024040123463168.000000 -2315.082275 212.605850 702.687195 -0.997240 0.074074 0.004999 -0.074021 -0.997206 0.010072 0.005731 0.009675 0.999937
1732024040156804608.000000 -2314.765137 212.268524 697.710632 -0.997237 0.074059 0.005831 -0.074007 -0.997220 0.008641 0.006455 0.008185 0.999946
1732024040190146048.000000 -2314.620605 211.898331 692.555359 -0.997159 0.075268 0.003088 -0.075254 -0.997154 0.004488 0.003417 0.004243 0.999985
1732024040223487488.000000 -2314.404053 211.779144 684.183472 -0.996930 0.078068 0.006074 -0.078014 -0.996916 0.008558 0.006724 0.008058 0.999945
1732024040256828928.000000 -2314.213867 211.496658 678.098022 -0.996752 0.080524 0.001019 -0.080518 -0.996737 0.005595 0.001466 0.005495 0.999984
1732024040290170624.000000 -2314.125488 211.193817 671.364380 -0.996602 0.082364 0.000350 -0.082360 -0.996585 0.005918 0.000837 0.005869 0.999982
1732024040323512320.000000 -2314.191162 211.500198 661.378601 -0.996639 0.081787 -0.004556 -0.081800 -0.996646 0.002564 -0.004331 0.002928 0.999986
1732024040356853760.000000 -2313.956543 211.091644 653.978271 -0.996168 0.086970 -0.009239 -0.086986 -0.996209 0.001284 -0.009092 0.002083 0.999956
1732024040390195456.000000 -2313.620117 211.262726 642.736633 -0.995875 0.090107 -0.010704 -0.090157 -0.995919 0.004220 -0.010280 0.005168 0.999934
1732024040423536640.000000 -2313.533203 211.533798 631.091797 -0.995519 0.093485 -0.014203 -0.093548 -0.995607 0.003822 -0.013783 0.005133 0.999892
1732024040456878080.000000 -2313.038330 211.900757 624.776123 -0.995384 0.094979 -0.013776 -0.095052 -0.995461 0.004713 -0.013266 0.006000 0.999894
1732024040490218752.000000 -2312.973389 211.854614 615.035400 -0.995389 0.094386 -0.017075 -0.094460 -0.995522 0.003577 -0.016661 0.005174 0.999848
1732024040523560192.000000 -2312.831543 212.629883 601.834290 -0.995245 0.095536 -0.018974 -0.095606 -0.995415 0.002802 -0.018620 0.004603 0.999816
1732024040556901888.000000 -2312.676758 212.724899 591.678040 -0.995290 0.094861 -0.019998 -0.094912 -0.995484 0.001619 -0.019754 0.003509 0.999799
1732024040590243072.000000 -2312.554688 213.107834 580.898865 -0.995317 0.094637 -0.019701 -0.094659 -0.995510 0.000190 -0.019594 0.002054 0.999806
1732024040623584768.000000 -2312.873291 213.572571 566.367432 -0.995361 0.094015 -0.020439 -0.094050 -0.995567 0.000744 -0.020278 0.002663 0.999791
1732024040656926464.000000 -2312.804932 214.102570 551.537964 -0.995453 0.092936 -0.020898 -0.092899 -0.995672 -0.002727 -0.021061 -0.000773 0.999778
1732024040690267904.000000 -2312.986084 214.891510 536.156860 -0.995547 0.092770 -0.016735 -0.092778 -0.995687 -0.000316 -0.016692 0.001238 0.999860
1732024040723609344.000000 -2313.529785 215.026535 524.358643 -0.995636 0.091514 -0.018260 -0.091520 -0.995803 -0.000498 -0.018229 0.001175 0.999833
1732024040756950528.000000 -2313.936768 215.387878 516.018188 -0.995566 0.091812 -0.020475 -0.091842 -0.995773 0.000525 -0.020340 0.002403 0.999790
1732024040790292224.000000 -2314.439697 215.700455 504.328766 -0.995578 0.091275 -0.022211 -0.091360 -0.995814 0.002867 -0.021857 0.004883 0.999749
1732024040823633408.000000 -2314.725586 215.725296 488.371735 -0.995525 0.091693 -0.022843 -0.091745 -0.995782 0.001243 -0.022633 0.003333 0.999738
1732024040856974336.000000 -2314.861328 215.545273 476.244781 -0.995554 0.091444 -0.022582 -0.091419 -0.995810 -0.002141 -0.022683 -0.000067 0.999743
1732024040890315520.000000 -2314.879639 215.120819 464.459473 -0.995542 0.091102 -0.024406 -0.090948 -0.995829 -0.007347 -0.024973 -0.005094 0.999675
1732024040923655168.000000 -2314.843018 214.972092 451.995453 -0.995375 0.092083 -0.027391 -0.091705 -0.995677 -0.014782 -0.028634 -0.012202 0.999515
1732024040956996352.000000 -2314.556641 213.660583 436.522247 -0.995494 0.090816 -0.027260 -0.090361 -0.995755 -0.017509 -0.028734 -0.014967 0.999475
1732024040990337280.000000 -2314.453125 212.707870 425.397858 -0.995567 0.090067 -0.027082 -0.089564 -0.995795 -0.019244 -0.028701 -0.016733 0.999448
1732024041023678464.000000 -2314.706055 211.177246 411.180359 -0.995561 0.089885 -0.027909 -0.089330 -0.995790 -0.020557 -0.029640 -0.017973 0.999399
1732024041057019136.000000 -2314.986328 209.936111 400.426575 -0.995570 0.089730 -0.028071 -0.089207 -0.995825 -0.019350 -0.029690 -0.016761 0.999419
1732024041090360320.000000 -2315.380615 208.742447 390.022064 -0.995562 0.089268 -0.029791 -0.088763 -0.995893 -0.017865 -0.031263 -0.015142 0.999397
1732024041123701248.000000 -2315.758301 207.241913 375.944794 -0.995841 0.086357 -0.029030 -0.085908 -0.996169 -0.016354 -0.030331 -0.013792 0.999445
1732024041157042176.000000 -2316.417969 206.072098 365.386780 -0.996069 0.084023 -0.028051 -0.083569 -0.996357 -0.016981 -0.029376 -0.014570 0.999462
1732024041190383360.000000 -2317.034180 204.992859 354.768921 -0.996315 0.081808 -0.025768 -0.081486 -0.996585 -0.013320 -0.026770 -0.011171 0.999579
1732024041223724288.000000 -2317.947754 203.301361 340.333252 -0.996569 0.079295 -0.023720 -0.078923 -0.996749 -0.016223 -0.024929 -0.014295 0.999587
1732024041257065216.000000 -2318.797363 201.977493 329.099915 -0.996728 0.078803 -0.017992 -0.078540 -0.996800 -0.014900 -0.019108 -0.013438 0.999727
1732024041290406144.000000 -2319.515625 200.877396 317.712555 -0.996832 0.078379 -0.013555 -0.078203 -0.996852 -0.013052 -0.014535 -0.011950 0.999823
1732024041323747072.000000 -2320.167969 199.246628 302.501617 -0.996898 0.077983 -0.010582 -0.077855 -0.996892 -0.012028 -0.011487 -0.011167 0.999872
1732024041357088000.000000 -2320.690674 198.299438 290.743195 -0.996773 0.079885 -0.007834 -0.079804 -0.996758 -0.010197 -0.008623 -0.009539 0.999917
1732024041390428160.000000 -2320.949463 197.426758 278.915558 -0.996694 0.081074 -0.005371 -0.081028 -0.996677 -0.008322 -0.006028 -0.007860 0.999951
1732024041423768832.000000 -2321.430664 196.522781 263.648315 -0.996627 0.082025 -0.002374 -0.082015 -0.996623 -0.004005 -0.002694 -0.003797 0.999989
1732024041457110016.000000 -2321.721191 196.337036 252.837143 -0.996518 0.083378 0.000904 -0.083380 -0.996514 -0.002841 0.000664 -0.002907 0.999996
1732024041490450688.000000 -2321.164307 196.167175 241.869370 -0.996771 0.080026 0.006583 -0.080030 -0.996792 -0.000262 0.006541 -0.000788 0.999978
1732024041523791616.000000 -2321.714111 195.933640 228.183823 -0.996404 0.084368 0.007773 -0.084356 -0.996434 0.001958 0.007911 0.001295 0.999968
1732024041557132800.000000 -2321.972168 195.768204 218.963562 -0.996254 0.086280 0.005872 -0.086281 -0.996271 0.000033 0.005853 -0.000474 0.999983
1732024041590473472.000000 -2322.056641 195.738342 210.281952 -0.996147 0.087558 0.005020 -0.087577 -0.996151 -0.003625 0.004683 -0.004051 0.999981
1732024041623814400.000000 -2321.947266 195.709839 199.470703 -0.996183 0.087244 0.002656 -0.087263 -0.996151 -0.008234 0.001927 -0.008434 0.999963
1732024041657155072.000000 -2321.771240 196.251999 191.954620 -0.996294 0.085937 0.003644 -0.085961 -0.996275 -0.006899 0.003038 -0.007187 0.999970
1732024041690496256.000000 -2321.389404 196.977753 184.497940 -0.996322 0.085659 0.002289 -0.085677 -0.996279 -0.009401 0.001476 -0.009562 0.999953
1732024041723836928.000000 -2320.744141 197.781921 176.001373 -0.996525 0.083206 0.003898 -0.083231 -0.996507 -0.006747 0.003323 -0.007048 0.999970
1732024041757177856.000000 -2320.230713 198.021606 170.160370 -0.996666 0.081371 0.006006 -0.081434 -0.996617 -0.011097 0.005082 -0.011549 0.999920
1732024041790518528.000000 -2319.621582 198.377090 164.968796 -0.996739 0.080430 0.006440 -0.080519 -0.996641 -0.014936 0.005217 -0.015406 0.999868
1732024041823858688.000000 -2318.990234 198.640472 159.023453 -0.996759 0.079949 0.008969 -0.080068 -0.996693 -0.013826 0.007834 -0.014499 0.999864
1732024041857199872.000000 -2318.504883 199.052124 155.270752 -0.996749 0.080173 0.008005 -0.080274 -0.996686 -0.013180 0.006922 -0.013780 0.999881
1732024041890541056.000000 -2318.351562 199.652008 152.297989 -0.996612 0.081892 0.007672 -0.081981 -0.996559 -0.012180 0.006649 -0.012767 0.999896
1732024041923882240.000000 -2317.907471 200.362106 148.946716 -0.996557 0.082547 0.007809 -0.082615 -0.996543 -0.008734 0.007061 -0.009349 0.999931
1732024041957223424.000000 -2317.709961 201.149506 147.171341 -0.996462 0.083884 0.005248 -0.083927 -0.996436 -0.008514 0.004515 -0.008924 0.999950
1732024041990564608.000000 -2317.461670 201.783264 145.795959 -0.996424 0.084367 0.004613 -0.084392 -0.996418 -0.005360 0.004144 -0.005730 0.999975
1732024042023905792.000000 -2317.266846 202.356186 144.443588 -0.996382 0.084627 0.007827 -0.084591 -0.996404 0.004844 0.008209 0.004164 0.999958
1732024042057246976.000000 -2317.249023 202.698685 144.050934 -0.996361 0.084831 0.008236 -0.084780 -0.996379 0.006393 0.008749 0.005671 0.999946
1732024042090587904.000000 -2317.276367 202.933868 143.999054 -0.996403 0.084349 0.008145 -0.084290 -0.996414 0.007392 0.008739 0.006679 0.999940
1732024042123929344.000000 -2317.431885 202.944717 144.841385 -0.996430 0.083951 0.008897 -0.083905 -0.996459 0.005449 0.009323 0.004683 0.999946
1732024042157270272.000000 -2317.522705 202.905518 146.864838 -0.996495 0.083218 0.008546 -0.083241 -0.996527 -0.002387 0.008318 -0.003090 0.999961
1732024042190611456.000000 -2317.656250 202.914551 149.158615 -0.996588 0.082000 0.009374 -0.082055 -0.996612 -0.005609 0.008883 -0.006359 0.999940
1732024042223952640.000000 -2317.903076 203.661331 154.517487 -0.996670 0.080973 0.009595 -0.081041 -0.996687 -0.006904 0.009004 -0.007659 0.999930
1732024042257292800.000000 -2317.909668 204.093811 159.573242 -0.996801 0.079311 0.009840 -0.079377 -0.996823 -0.006517 0.009292 -0.007277 0.999930
1732024042290633984.000000 -2317.972412 204.501480 165.809540 -0.996852 0.078459 0.011396 -0.078522 -0.996899 -0.005193 0.010953 -0.006072 0.999922
1732024042323974912.000000 -2318.155762 205.472717 175.726028 -0.996879 0.077503 0.015021 -0.077540 -0.996987 -0.001919 0.014827 -0.003077 0.999885
1732024042357316096.000000 -2318.336426 206.225052 183.869965 -0.996958 0.076371 0.015569 -0.076393 -0.997077 -0.000796 0.015462 -0.001983 0.999878
1732024042390657024.000000 -2318.601074 206.718491 192.768417 -0.997072 0.074996 0.014947 -0.075019 -0.997182 -0.000949 0.014834 -0.002067 0.999888
1732024042423998464.000000 -2319.109131 207.379166 205.281113 -0.997179 0.073537 0.015031 -0.073578 -0.997287 -0.002154 0.014832 -0.003254 0.999885
1732024042457339392.000000 -2319.466309 208.011932 215.174805 -0.997251 0.072557 0.015048 -0.072590 -0.997361 -0.001631 0.014890 -0.002719 0.999885
1732024042490680576.000000 -2319.883301 208.389908 225.149033 -0.997350 0.071306 0.014442 -0.071303 -0.997454 0.000731 0.014457 -0.000301 0.999895
1732024042524021504.000000 -2320.457275 208.664963 238.870621 -0.997430 0.070330 0.013656 -0.070335 -0.997523 0.000129 0.013631 -0.000832 0.999907
1732024042557362432.000000 -2320.952881 208.752838 249.605042 -0.997444 0.069807 0.015274 -0.069801 -0.997561 0.000931 0.015301 -0.000138 0.999883
1732024042590703616.000000 -2321.126221 209.189285 260.297424 -0.997534 0.068698 0.014346 -0.068753 -0.997628 -0.003358 0.014081 -0.004336 0.999891
1732024042624044544.000000 -2321.990723 209.133331 275.399048 -0.997221 0.073311 0.013276 -0.073311 -0.997309 0.000505 0.013277 -0.000470 0.999912
1732024042657385728.000000 -2322.106445 209.080917 286.274780 -0.997155 0.074345 0.012412 -0.074338 -0.997233 0.000987 0.012451 0.000061 0.999922
1732024042690726656.000000 -2322.527832 209.163406 297.682648 -0.996936 0.077277 0.012098 -0.077265 -0.997010 0.001444 0.012174 0.000505 0.999926
1732024042724067072.000000 -2322.813477 208.893372 312.694580 -0.996657 0.080872 0.011584 -0.080825 -0.996718 0.004428 0.011904 0.003477 0.999923
1732024042757408000.000000 -2323.081299 208.832977 323.599121 -0.996431 0.083845 0.009785 -0.083790 -0.996466 0.005906 0.010246 0.005065 0.999935
1732024042790749184.000000 -2323.354248 208.793732 334.733643 -0.996043 0.088226 0.010730 -0.088160 -0.996085 0.006465 0.011258 0.005493 0.999922
1732024042824090368.000000 -2323.615234 208.530212 348.766083 -0.995594 0.093224 0.010090 -0.093150 -0.995624 0.007525 0.010747 0.006552 0.999921
1732024042857431808.000000 -2323.312012 208.435501 359.119324 -0.995053 0.099067 0.007371 -0.099014 -0.995059 0.007286 0.008056 0.006520 0.999946
1732024042890773504.000000 -2322.922119 208.602951 369.044922 -0.994585 0.103378 0.010640 -0.103283 -0.994610 0.009132 0.011526 0.007984 0.999902
1732024042924114688.000000 -2322.872070 208.255417 382.201172 -0.994028 0.108737 0.009178 -0.108689 -0.994060 0.005659 0.009739 0.004628 0.999942
1732024042957456384.000000 -2322.849365 208.236069 391.978180 -0.993656 0.112071 0.009327 -0.112044 -0.993698 0.003292 0.009637 0.002226 0.999951
1732024042990797824.000000 -2322.914551 208.154678 401.550201 -0.993426 0.114152 0.008606 -0.114153 -0.993463 0.000408 0.008596 -0.000577 0.999963
1732024043024139264.000000 -2323.135986 208.229065 414.190033 -0.993366 0.114712 0.008100 -0.114751 -0.993384 -0.004547 0.007525 -0.005447 0.999957
1732024043057480448.000000 -2323.282227 208.291565 423.626801 -0.993370 0.114530 0.009941 -0.114581 -0.993403 -0.004660 0.009341 -0.005768 0.999940
1732024043090821888.000000 -2323.638672 208.551590 433.312866 -0.993618 0.112499 0.008140 -0.112558 -0.993619 -0.007174 0.007281 -0.008044 0.999941
1732024043124163328.000000 -2324.175537 208.870682 445.897705 -0.994000 0.109105 0.007794 -0.109147 -0.994012 -0.005150 0.007186 -0.005970 0.999956
1732024043157503744.000000 -2324.659912 209.340118 455.247589 -0.994236 0.106993 0.006821 -0.107019 -0.994250 -0.003610 0.006395 -0.004319 0.999970
1732024043190845184.000000 -2325.214600 209.430435 464.594086 -0.994401 0.105503 0.005924 -0.105502 -0.994419 0.000448 0.005938 -0.000179 0.999982
1732024043224186880.000000 -2326.090576 209.411285 477.223755 -0.994635 0.103389 0.003589 -0.103367 -0.994626 0.005843 0.004174 0.005441 0.999977
1732024043257528320.000000 -2326.560791 209.528717 486.303436 -0.994880 0.101010 0.003296 -0.100987 -0.994866 0.006522 0.003938 0.006155 0.999973
1732024043290869760.000000 -2326.905518 209.497498 495.208008 -0.995035 0.099462 0.003569 -0.099442 -0.995029 0.005401 0.004088 0.005020 0.999979
1732024043324211200.000000 -2327.468506 209.814850 507.255066 -0.995501 0.094741 0.001376 -0.094740 -0.995502 0.000821 0.001447 0.000687 0.999999
1732024043357552640.000000 -2327.802246 209.887665 515.859802 -0.995745 0.092145 0.000784 -0.092147 -0.995741 -0.002891 0.000514 -0.002951 0.999996
1732024043390894080.000000 -2328.218262 210.237549 524.366577 -0.996031 0.088999 -0.000701 -0.088993 -0.996011 -0.006551 -0.001282 -0.006463 0.999978
1732024043424235520.000000 -2328.835449 210.815674 535.980286 -0.996274 0.086220 -0.002173 -0.086197 -0.996235 -0.009227 -0.002960 -0.009005 0.999955
1732024043457576960.000000 -2329.274902 211.260757 544.810608 -0.996321 0.085566 -0.004760 -0.085509 -0.996276 -0.011085 -0.005690 -0.010638 0.999927
1732024043490918400.000000 -2329.683105 211.874405 553.603210 -0.996430 0.084309 -0.004279 -0.084264 -0.996396 -0.009694 -0.005081 -0.009299 0.999944
1732024043524259840.000000 -2330.069336 212.326950 566.306213 -0.996678 0.081435 -0.001259 -0.081421 -0.996639 -0.008984 -0.001986 -0.008852 0.999959
1732024043557601536.000000 -2330.219482 213.319061 575.942871 -0.996735 0.080718 0.001859 -0.080726 -0.996725 -0.004718 0.001472 -0.004853 0.999987
1732024043590941696.000000 -2330.964111 213.728119 586.009827 -0.996947 0.078075 -0.000433 -0.078070 -0.996926 -0.006669 -0.000952 -0.006615 0.999978
1732024043624283392.000000 -2331.392090 215.066284 599.487122 -0.997132 0.075675 0.000370 -0.075675 -0.997113 -0.006270 -0.000105 -0.006280 0.999980
1732024043657624832.000000 -2331.600342 216.111435 609.450012 -0.997321 0.073140 0.001038 -0.073146 -0.997296 -0.007125 0.000514 -0.007182 0.999974
1732024043690966016.000000 -2331.911133 217.047913 619.527283 -0.997401 0.072022 0.001840 -0.072036 -0.997365 -0.008648 0.001212 -0.008758 0.999961
1732024043724307456.000000 -2332.204102 218.842255 632.749329 -0.997457 0.071241 0.002111 -0.071259 -0.997401 -0.010679 0.001345 -0.010802 0.999941
1732024043757649152.000000 -2332.153320 220.137390 642.341370 -0.997494 0.070726 0.002062 -0.070750 -0.997377 -0.015259 0.000977 -0.015367 0.999881
1732024043790990592.000000 -2332.180664 221.339935 651.822937 -0.997550 0.069952 0.000414 -0.069949 -0.997406 -0.016982 -0.000775 -0.016970 0.999856
1732024043824332032.000000 -2332.330322 223.135498 664.554199 -0.997529 0.070248 -0.001411 -0.070198 -0.997274 -0.022734 -0.003004 -0.022579 0.999741
1732024043857673728.000000 -2332.200439 224.512253 673.615906 -0.997472 0.071055 -0.000615 -0.071015 -0.997136 -0.026023 -0.002463 -0.025914 0.999661
1732024043891014912.000000 -2331.995605 225.632996 682.286194 -0.997554 0.069904 -0.000033 -0.069873 -0.997128 -0.029231 -0.002077 -0.029157 0.999573
1732024043924356352.000000 -2331.642822 227.161697 693.398560 -0.997616 0.069002 0.001264 -0.069008 -0.997121 -0.031433 -0.000908 -0.031445 0.999505
1732024043957698048.000000 -2331.437256 228.027740 701.354797 -0.997640 0.068649 0.001510 -0.068661 -0.997059 -0.034054 -0.000832 -0.034078 0.999419
1732024043991039488.000000 -2331.197266 229.072113 709.131348 -0.997609 0.069006 0.003829 -0.069099 -0.996952 -0.036211 0.001319 -0.036389 0.999337
1732024044024380928.000000 -2330.560791 229.743637 718.967712 -0.997711 0.067356 0.005961 -0.067542 -0.996908 -0.040161 0.003238 -0.040472 0.999175
1732024044057721344.000000 -2330.382324 230.088608 725.887695 -0.997697 0.067465 0.007027 -0.067698 -0.996861 -0.041047 0.004236 -0.041428 0.999133
1732024044091063040.000000 -2330.257080 230.622772 732.573486 -0.997669 0.067714 0.008405 -0.068009 -0.996803 -0.041928 0.005539 -0.042402 0.999085
1732024044124404480.000000 -2330.093750 230.164642 741.735901 -0.997689 0.067346 0.009000 -0.067689 -0.996660 -0.045689 0.005893 -0.046192 0.998915
1732024044157745920.000000 -2330.228027 230.059723 747.673157 -0.997776 0.066090 0.008621 -0.066412 -0.996782 -0.044885 0.005627 -0.045357 0.998955
1732024044191087360.000000 -2330.300781 230.197052 753.356018 -0.997686 0.067566 0.007576 -0.067845 -0.996624 -0.046238 0.004426 -0.046645 0.998902
1732024044224428544.000000 -2330.186279 230.004532 760.414673 -0.997719 0.066939 0.008658 -0.067257 -0.996769 -0.043908 0.005691 -0.044390 0.998998
1732024044257770240.000000 -2330.202637 229.637787 765.643860 -0.997750 0.066613 0.007532 -0.066866 -0.996935 -0.040617 0.004803 -0.041029 0.999146
1732024044291111936.000000 -2329.953369 229.136627 770.480164 -0.997838 0.064798 0.010958 -0.065109 -0.997399 -0.030918 0.008926 -0.031565 0.999462
1732024044324453120.000000 -2329.489746 228.900803 775.188721 -0.997849 0.064403 0.012205 -0.064689 -0.997599 -0.024725 0.010583 -0.025461 0.999620
1732024044357794816.000000 -2328.814453 227.735046 777.189758 -0.997342 0.069967 0.020327 -0.070307 -0.997389 -0.016522 0.019118 -0.017907 0.999657
1732024044391136256.000000 -2328.659424 227.456573 778.892883 -0.997219 0.071414 0.021329 -0.071748 -0.997305 -0.015343 0.020176 -0.016831 0.999655
1732024044424477696.000000 -2328.279541 227.101883 779.942993 -0.997184 0.072690 0.018449 -0.072999 -0.997193 -0.016665 0.017186 -0.017964 0.999691
1732024044457819136.000000 -2327.823486 226.936966 779.097656 -0.997036 0.074104 0.020672 -0.074389 -0.997140 -0.013369 0.019622 -0.014867 0.999697
1732024044491159552.000000 -2327.307861 226.693375 777.608398 -0.996975 0.075937 0.016564 -0.076152 -0.997015 -0.012722 0.015548 -0.013945 0.999782
1732024044524500992.000000 -2326.864502 226.466599 773.529724 -0.996816 0.078244 0.015364 -0.078448 -0.996832 -0.013120 0.014289 -0.014283 0.999796
1732024044557842432.000000 -2326.598633 226.297516 769.654480 -0.996716 0.079939 0.012905 -0.080182 -0.996588 -0.019559 0.011298 -0.020529 0.999725
1732024044591184128.000000 -2326.103760 226.083420 764.458557 -0.996614 0.081593 0.010192 -0.081848 -0.996255 -0.027860 0.007881 -0.028600 0.999560
1732024044624525312.000000 -2325.552490 226.054199 756.741699 -0.996520 0.083097 0.006551 -0.083263 -0.996027 -0.031568 0.003902 -0.032003 0.999480
1732024044657867008.000000 -2325.079590 225.964905 750.366272 -0.996500 0.083566 0.002199 -0.083592 -0.995926 -0.033816 -0.000636 -0.033881 0.999426
1732024044691208704.000000 -2324.750977 225.952194 743.080261 -0.996415 0.084580 0.001763 -0.084594 -0.995917 -0.031520 -0.000910 -0.031556 0.999502
1732024044724549888.000000 -2324.291992 226.880951 731.219299 -0.996271 0.085967 0.007351 -0.086104 -0.996065 -0.021002 0.005517 -0.021556 0.999752
1732024044757891328.000000 -2324.765625 227.338165 723.708130 -0.996621 0.082103 -0.002348 -0.082006 -0.996241 -0.027918 -0.004631 -0.027631 0.999607
1732024044791233024.000000 -2324.687256 226.841507 715.588379 -0.996637 0.081677 -0.006561 -0.081437 -0.996197 -0.030965 -0.009065 -0.030326 0.999499
1732024044824574208.000000 -2324.711182 226.705566 704.578735 -0.996575 0.082503 -0.005569 -0.082258 -0.995992 -0.035127 -0.008445 -0.034548 0.999367
1732024044857915904.000000 -2324.542725 226.630859 695.856995 -0.996517 0.083193 -0.005703 -0.082936 -0.995902 -0.036064 -0.008680 -0.035466 0.999333
1732024044891257088.000000 -2324.481689 226.586899 686.956177 -0.996387 0.084495 -0.008573 -0.084169 -0.995902 -0.033099 -0.011334 -0.032258 0.999415
1732024044924597504.000000 -2324.685791 226.735703 674.831848 -0.996022 0.088525 -0.010182 -0.088205 -0.995695 -0.028495 -0.012660 -0.027484 0.999542
1732024044957938944.000000 -2324.880615 226.856750 665.157959 -0.995915 0.089831 -0.009183 -0.089602 -0.995714 -0.022915 -0.011202 -0.021998 0.999695
1732024044991280384.000000 -2324.873535 227.301666 655.041382 -0.995770 0.091369 -0.009682 -0.091183 -0.995668 -0.018172 -0.011301 -0.017212 0.999788
1732024045024621824.000000 -2324.904785 227.715424 641.451660 -0.995782 0.091318 -0.008888 -0.091210 -0.995761 -0.011904 -0.009938 -0.011043 0.999890
1732024045057963008.000000 -2324.846924 227.960327 630.827454 -0.995775 0.091221 -0.010512 -0.091086 -0.995762 -0.012676 -0.011624 -0.011665 0.999864
