1732023802326476800.000000 -2247.643555 -84.817459 140.538162 0.999227 -0.038204 0.009273 0.038227 0.999266 -0.002296 -0.009178 0.002649 0.999954
1732023802359818496.000000 -2247.580078 -84.708221 140.421692 0.999285 -0.037083 0.007385 0.037095 0.999311 -0.001548 -0.007322 0.001821 0.999972
1732023802393157376.000000 -2247.667969 -84.808182 140.534592 0.999222 -0.038329 0.009302 0.038349 0.999262 -0.002030 -0.009217 0.002385 0.999955
1732023802426494464.000000 -2247.593994 -84.803192 140.529465 0.999255 -0.037595 0.008699 0.037615 0.999290 -0.002073 -0.008614 0.002399 0.999960
1732023802459828736.000000 -2247.145996 -84.685051 140.373535 0.999355 -0.035111 0.007506 0.035126 0.999381 -0.001862 -0.007436 0.002125 0.999970
1732023802493161216.000000 -2246.946289 -84.689766 140.412109 0.999387 -0.034295 0.006965 0.034314 0.999408 -0.002489 -0.006876 0.002727 0.999973
1732023802559818240.000000 -2246.950195 -84.659683 140.390015 0.999393 -0.034064 0.007305 0.034079 0.999417 -0.001969 -0.007233 0.002217 0.999971
1732023802593143552.000000 -2246.948242 -84.654312 140.414322 0.999390 -0.034150 0.007326 0.034166 0.999414 -0.002012 -0.007253 0.002261 0.999971
1732023802626465792.000000 -2246.957031 -84.612206 140.407669 0.999404 -0.033704 0.007453 0.033722 0.999429 -0.002317 -0.007371 0.002566 0.999970
1732023802659786240.000000 -2246.956055 -84.701134 140.363358 0.999388 -0.034253 0.007055 0.034271 0.999410 -0.002347 -0.006970 0.002588 0.999972
1732023802693104384.000000 -2246.912842 -84.650421 140.347137 0.999393 -0.034095 0.007197 0.034111 0.999416 -0.002128 -0.007120 0.002372 0.999972
1732023802726419712.000000 -2246.864502 -84.646454 140.396271 0.999397 -0.033873 0.007603 0.033891 0.999423 -0.002192 -0.007525 0.002448 0.999969
1732023802759731968.000000 -2246.760498 -84.551155 140.430817 0.999406 -0.033455 0.008298 0.033477 0.999436 -0.002533 -0.008209 0.002809 0.999962
1732023802793042688.000000 -2246.860107 -84.556549 140.470261 0.999400 -0.033698 0.007946 0.033722 0.999427 -0.002930 -0.007842 0.003196 0.999964
1732023802826351360.000000 -2247.014160 -84.572441 140.514374 0.999380 -0.034332 0.007746 0.034355 0.999406 -0.002814 -0.007645 0.003078 0.999966
1732023802859657472.000000 -2247.391113 -84.464340 140.924927 0.999355 -0.034934 0.008265 0.034977 0.999375 -0.005034 -0.008084 0.005320 0.999953
1732023802892961280.000000 -2247.709473 -84.699440 141.063202 0.999303 -0.036448 0.008027 0.036501 0.999312 -0.006646 -0.007779 0.006934 0.999946
1732023802926262272.000000 -2247.784668 -84.473923 141.427612 0.999280 -0.036617 0.009932 0.036693 0.999298 -0.007594 -0.009647 0.007953 0.999922
1732023802959561472.000000 -2247.940918 -83.811737 142.169632 0.999263 -0.035913 0.013520 0.036039 0.999308 -0.009218 -0.013180 0.009698 0.999866
1732023802992858112.000000 -2248.142822 -83.933388 142.569839 0.999219 -0.037106 0.013556 0.037277 0.999226 -0.012564 -0.013080 0.013059 0.999829
1732023803026153472.000000 -2248.550049 -83.251160 143.640518 0.999193 -0.037294 0.014913 0.037533 0.999166 -0.016082 -0.014301 0.016629 0.999759
1732023803059432192.000000 -2248.768066 -82.612091 144.872314 0.999162 -0.037375 0.016703 0.037693 0.999105 -0.019198 -0.015970 0.019811 0.999676
1732023803092707328.000000 -2248.960693 -82.458092 146.097702 0.999113 -0.039392 0.014895 0.039641 0.999072 -0.016850 -0.014217 0.017425 0.999747
1732023803125978880.000000 -2249.240723 -82.850967 147.754196 0.999041 -0.042424 0.010843 0.042500 0.999073 -0.006858 -0.010542 0.007312 0.999918
1732023803159247616.000000 -2249.606445 -82.997101 149.603058 0.998948 -0.045158 0.008012 0.045142 0.998978 0.002183 -0.008102 -0.001819 0.999966
1732023803192511488.000000 -2250.363770 -83.353348 151.736374 0.998779 -0.048899 0.006963 0.048817 0.998742 0.011470 -0.007515 -0.011116 0.999910
1732023803225773056.000000 -2250.570557 -83.208603 155.047638 0.998650 -0.051882 0.002343 0.051844 0.998557 0.013990 -0.003065 -0.013850 0.999899
1732023803259031296.000000 -2251.290771 -83.686409 162.324234 0.998638 -0.052068 -0.003193 0.052089 0.998619 0.006824 0.002834 -0.006982 0.999972
1732023803292285952.000000 -2251.521240 -83.969154 165.859634 0.998642 -0.051904 -0.004393 0.051920 0.998644 0.003702 0.004195 -0.003925 0.999983
1732023803325537536.000000 -2251.807373 -84.268867 172.132294 0.998708 -0.050602 -0.004638 0.050605 0.998719 0.000601 0.004601 -0.000835 0.999989
1732023803358785280.000000 -2252.315186 -84.766006 178.961288 0.998679 -0.051389 -0.000657 0.051391 0.998674 0.003133 0.000496 -0.003163 0.999995
1732023803392029440.000000 -2252.387207 -85.033081 187.328522 0.998850 -0.047905 -0.002106 0.047900 0.998849 -0.002391 0.002218 0.002287 0.999995
1732023803425270784.000000 -2252.398926 -85.953392 199.745605 0.999135 -0.041390 -0.003996 0.041354 0.999107 -0.008692 0.004352 0.008519 0.999954
1732023803458508288.000000 -2252.362793 -86.139824 209.329437 0.999290 -0.037596 -0.002570 0.037565 0.999231 -0.011245 0.002991 0.011141 0.999933
1732023803491742720.000000 -2252.094727 -86.126045 219.110672 0.999439 -0.033439 -0.001919 0.033411 0.999358 -0.012933 0.002350 0.012862 0.999915
1732023803524973312.000000 -2251.518555 -86.079887 231.902756 0.999520 -0.030920 -0.001699 0.030903 0.999482 -0.009034 0.001978 0.008977 0.999958
1732023803558201088.000000 -2251.303955 -85.855034 241.751587 0.999659 -0.026077 0.001236 0.026088 0.999608 -0.010185 -0.000970 0.010214 0.999947
1732023803591425024.000000 -2250.695068 -85.353310 251.492279 0.999698 -0.024557 0.001145 0.024564 0.999678 -0.006307 -0.000989 0.006333 0.999979
1732023803624645376.000000 -nan -nan -nan -nan -nan -nan -nan -nan -nan -nan -nan -nan
1732023803657861632.000000 -2249.129639 -84.271095 272.657959 0.999636 -0.020139 0.017959 0.020002 0.999770 0.007795 -0.018112 -0.007433 0.999808
1732023803691075584.000000 -2248.659424 -84.136063 282.945709 0.999693 -0.017378 0.017649 0.017354 0.999848 0.001541 -0.017674 -0.001234 0.999843
1732023803724285696.000000 -2248.273682 -84.322716 296.548767 0.999685 -0.013692 0.021033 0.013706 0.999906 -0.000519 -0.021024 0.000807 0.999779
1732023803757492736.000000 -2248.085693 -84.718529 306.962494 0.999690 -0.012065 0.021760 0.012023 0.999926 0.002058 -0.021783 -0.001795 0.999761
1732023803790696192.000000 -2248.027100 -85.681755 317.350708 0.999758 -0.010206 0.019470 0.010182 0.999947 0.001340 -0.019482 -0.001142 0.999810
1732023803823896064.000000 -2247.723877 -87.170174 331.087616 0.999807 -0.006575 0.018503 0.006485 0.999967 0.004916 -0.018535 -0.004795 0.999817
1732023803857093120.000000 -2248.056885 -88.971512 342.210632 0.999984 -0.005005 0.002708 0.005016 0.999980 -0.003853 -0.002688 0.003866 0.999989
1732023803890286080.000000 -2247.933105 -90.281258 352.050171 0.999988 -0.004534 0.001628 0.004537 0.999987 -0.002375 -0.001618 0.002382 0.999996
1732023803923476224.000000 -2247.803467 -92.112511 365.527557 0.999982 -0.005264 -0.002819 0.005247 0.999968 -0.006061 0.002851 0.006046 0.999978
1732023803956662528.000000 -2247.960693 -92.857216 376.163666 0.999983 -0.004831 -0.003364 0.004798 0.999939 -0.009961 0.003412 0.009945 0.999945
1732023803989845504.000000 -2247.756592 -94.273773 385.969055 0.999963 -0.007971 -0.003242 0.007943 0.999932 -0.008571 0.003310 0.008545 0.999958
1732023804023026688.000000 -2247.745605 -96.002388 399.630859 0.999946 -0.009671 -0.003761 0.009626 0.999881 -0.012038 0.003877 0.012001 0.999920
1732023804056367616.000000 -2247.472900 -97.518448 409.810547 0.999943 -0.009073 -0.005591 0.008999 0.999874 -0.013039 0.005709 0.012988 0.999899
1732023804089707520.000000 -2247.112061 -98.518364 419.715546 0.999952 -0.009315 -0.003117 0.009281 0.999900 -0.010661 0.003216 0.010631 0.999938
1732023804123048192.000000 -2246.420166 -100.286369 432.712311 0.999957 -0.007561 -0.005451 0.007514 0.999935 -0.008564 0.005516 0.008522 0.999948
1732023804156389120.000000 -2246.069092 -101.076553 442.386017 0.999974 -0.005988 -0.004106 0.005954 0.999947 -0.008383 0.004156 0.008358 0.999956
1732023804189730048.000000 -2245.188965 -101.998878 451.517517 0.999976 -0.005311 -0.004516 0.005280 0.999962 -0.006893 0.004553 0.006869 0.999966
1732023804223070976.000000 -2244.586426 -102.067154 463.960358 0.999994 -0.002217 0.002584 0.002234 0.999976 -0.006543 -0.002570 0.006549 0.999975
1732023804256411904.000000 -2243.772461 -102.477066 473.060120 0.999988 -0.000424 0.004788 0.000455 0.999980 -0.006305 -0.004785 0.006307 0.999969
1732023804289752832.000000 -2242.918701 -102.938713 481.778015 0.999991 -0.000077 0.004271 0.000099 0.999987 -0.005153 -0.004270 0.005153 0.999978
1732023804323093760.000000 -2241.960693 -102.472847 493.623901 0.999980 0.001622 0.006147 -0.001606 0.999996 -0.002532 -0.006151 0.002522 0.999978
1732023804356434432.000000 -2241.360596 -102.337234 502.033112 0.999983 0.001334 0.005626 -0.001323 0.999997 -0.002010 -0.005629 0.002003 0.999982
1732023804389775360.000000 -2240.639404 -102.024521 510.046448 0.999987 -0.000674 0.005027 0.000673 1.000000 0.000274 -0.005027 -0.000271 0.999987
1732023804423116032.000000 -2240.000244 -100.929634 520.536682 0.999983 -0.002500 0.005318 0.002499 0.999997 0.000240 -0.005319 -0.000226 0.999986
1732023804456456960.000000 -2239.660400 -99.742996 528.357483 0.999960 -0.002160 0.008679 0.002149 0.999997 0.001311 -0.008682 -0.001292 0.999961
1732023804489797376.000000 -2239.023438 -99.046532 535.979248 0.999963 -0.004188 0.007500 0.004170 0.999988 0.002384 -0.007510 -0.002353 0.999969
1732023804523137280.000000 -2238.404785 -98.489220 546.380615 0.999967 -0.003878 0.007184 0.003855 0.999988 0.003174 -0.007196 -0.003146 0.999969
1732023804556477952.000000 -2238.261719 -97.604469 554.682312 0.999948 -0.002441 0.009866 0.002402 0.999989 0.003956 -0.009876 -0.003932 0.999943
1732023804589818880.000000 -2237.861572 -97.278763 562.838501 0.999951 -0.004021 0.009041 0.003972 0.999977 0.005460 -0.009063 -0.005424 0.999944
1732023804623159296.000000 -2237.689941 -95.697151 574.624451 0.999918 -0.002569 0.012559 0.002451 0.999953 0.009355 -0.012582 -0.009323 0.999877
1732023804656500224.000000 -2237.658203 -95.500046 583.315125 0.999914 -0.002085 0.012946 0.001949 0.999942 0.010563 -0.012968 -0.010537 0.999860
1732023804689841152.000000 -2237.531250 -94.949638 591.967529 0.999906 0.000512 0.013701 -0.000715 0.999890 0.014800 -0.013692 -0.014808 0.999797
1732023804723181824.000000 -2236.999268 -94.533928 603.310120 0.999892 0.003672 0.014237 -0.003962 0.999784 0.020394 -0.014159 -0.020448 0.999691
1732023804756522496.000000 -2236.914795 -93.654091 612.023926 0.999858 0.005659 0.015840 -0.006045 0.999683 0.024431 -0.015697 -0.024523 0.999576
1732023804789863424.000000 -2236.871582 -93.049431 620.213989 0.999825 0.006360 0.017589 -0.006869 0.999554 0.029061 -0.017397 -0.029177 0.999423
1732023804823203840.000000 -2236.739258 -92.727379 631.378662 0.999828 0.010355 0.015390 -0.010843 0.999430 0.031957 -0.015050 -0.032119 0.999371
1732023804856544768.000000 -2236.826904 -92.447227 639.574524 0.999824 0.012440 0.014043 -0.012912 0.999336 0.034078 -0.013610 -0.034254 0.999321
1732023804889885184.000000 -2236.906494 -92.204582 647.622559 0.999794 0.013505 0.015172 -0.014047 0.999247 0.036169 -0.014672 -0.036375 0.999231
1732023804923225856.000000 -2237.100342 -91.836029 658.254211 0.999729 0.017470 0.015372 -0.018036 0.999133 0.037519 -0.014703 -0.037786 0.999178
1732023804956566528.000000 -2237.231689 -91.934723 665.587646 0.999686 0.018945 0.016420 -0.019584 0.999021 0.039659 -0.015653 -0.039968 0.999078
1732023804989906432.000000 -2237.486328 -92.079109 672.614441 0.999652 0.020306 0.016822 -0.020992 0.998911 0.041656 -0.015958 -0.041994 0.998990
1732023805023246848.000000 -2237.660645 -92.653885 681.298218 0.999700 0.019813 0.014370 -0.020356 0.999046 0.038636 -0.013591 -0.038917 0.999150
1732023805056588288.000000 -2237.837891 -92.242714 687.413513 0.999659 0.020669 0.015937 -0.021258 0.999063 0.037701 -0.015142 -0.038027 0.999162
1732023805089929472.000000 -2237.710938 -91.974960 692.752380 0.999650 0.020908 0.016179 -0.021521 0.999018 0.038720 -0.015354 -0.039055 0.999119
1732023805123270656.000000 -2237.626221 -92.145241 699.158630 0.999661 0.019332 0.017421 -0.020005 0.999026 0.039326 -0.016643 -0.039662 0.999075
1732023805156612096.000000 -2237.706299 -92.584366 703.641846 0.999685 0.017788 0.017717 -0.018434 0.999146 0.036989 -0.017044 -0.037303 0.999159
1732023805189953280.000000 -2237.528809 -92.639755 707.144531 0.999659 0.016411 0.020313 -0.017140 0.999196 0.036240 -0.019702 -0.036576 0.999137
1732023805223294976.000000 -2236.935059 -92.771568 710.567627 0.999588 0.017294 0.022914 -0.018110 0.999193 0.035855 -0.022276 -0.036255 0.999094
1732023805256636416.000000 -2236.676025 -92.987007 712.431763 0.999527 0.015715 0.026431 -0.016653 0.999225 0.035660 -0.025850 -0.036083 0.999014
1732023805289977600.000000 -2236.241699 -92.775719 713.050598 0.999441 0.014159 0.030295 -0.015178 0.999318 0.033654 -0.029798 -0.034095 0.998974
1732023805323319040.000000 -2235.544434 -92.929398 712.318848 0.999388 0.014028 0.032048 -0.014941 0.999484 0.028421 -0.031632 -0.028882 0.999082
1732023805356660224.000000 -2235.146484 -92.615997 710.451233 0.999354 0.012592 0.033649 -0.013565 0.999492 0.028855 -0.033268 -0.029293 0.999017
1732023805390001408.000000 -2234.670166 -92.581192 707.741211 0.999377 0.012080 0.033173 -0.013012 0.999522 0.028033 -0.032818 -0.028447 0.999056
1732023805423341824.000000 -2234.145996 -92.637169 702.649292 0.999400 0.011708 0.032581 -0.012647 0.999506 0.028762 -0.032228 -0.029157 0.999055
1732023805456683520.000000 -2233.645020 -92.448402 696.093506 0.999438 0.010597 0.031799 -0.011504 0.999529 0.028454 -0.031482 -0.028804 0.999089
1732023805490024704.000000 -2233.472900 -92.465828 692.671997 0.999507 0.010945 0.029410 -0.011760 0.999548 0.027678 -0.029094 -0.028010 0.999184
1732023805523365888.000000 -2233.232422 -92.371483 684.586914 0.999622 0.010100 0.025567 -0.010724 0.999645 0.024398 -0.025312 -0.024663 0.999375
1732023805556707584.000000 -2233.134521 -92.211052 677.620239 0.999698 0.009187 0.022802 -0.009772 0.999622 0.025697 -0.022558 -0.025912 0.999410
1732023805590048768.000000 -2233.446777 -92.109337 670.593384 0.999723 0.010394 0.021108 -0.010875 0.999680 0.022818 -0.020864 -0.023041 0.999517
1732023805623390208.000000 -2234.010010 -92.015617 660.273010 0.999777 0.010333 0.018431 -0.010774 0.999654 0.023993 -0.018177 -0.024186 0.999542
1732023805656731904.000000 -2234.332520 -92.240288 651.787170 0.999847 0.010145 0.014269 -0.010508 0.999618 0.025558 -0.014004 -0.025704 0.999572
1732023805690073088.000000 -2235.093994 -92.675232 642.751465 0.999921 0.008618 0.009156 -0.008857 0.999612 0.026405 -0.008925 -0.026484 0.999609
1732023805723414528.000000 -2236.072754 -93.625626 630.322510 0.999948 0.009284 0.004131 -0.009388 0.999621 0.025897 -0.003889 -0.025934 0.999656
1732023805756755712.000000 -2236.874756 -94.160881 620.226685 0.999974 0.006994 0.001457 -0.007029 0.999662 0.025033 -0.001281 -0.025043 0.999686
1732023805790097152.000000 -2237.372314 -95.416313 609.902039 0.999973 0.005638 -0.004732 -0.005524 0.999699 0.023909 0.004866 -0.023882 0.999703
1732023805823438592.000000 -2238.857666 -96.083046 595.906799 0.999963 0.003328 -0.007910 -0.003149 0.999741 0.022547 0.007983 -0.022522 0.999714
1732023805856779008.000000 -2239.508789 -97.509460 584.660095 0.999941 0.000565 -0.010879 -0.000358 0.999819 0.019004 0.010888 -0.018999 0.999760
1732023805890120704.000000 -2240.162109 -98.414932 573.765625 0.999924 -0.001866 -0.012146 0.002042 0.999893 0.014506 0.012118 -0.014530 0.999821
1732023805923461888.000000 -2241.033203 -98.847672 558.801086 0.999880 -0.005337 -0.014562 0.005533 0.999894 0.013454 0.014488 -0.013533 0.999803
1732023805956803584.000000 -2241.371582 -100.225365 547.145020 0.999841 -0.006061 -0.016742 0.006250 0.999917 0.011243 0.016673 -0.011346 0.999797
1732023805990144768.000000 -2241.735352 -102.032761 532.054443 0.999738 -0.008760 -0.021138 0.008940 0.999925 0.008422 0.021063 -0.008608 0.999741
1732023806023486464.000000 -2241.876221 -103.602371 520.472778 0.999676 -0.009719 -0.023538 0.009871 0.999931 0.006367 0.023474 -0.006597 0.999703
1732023806056827648.000000 -2242.048340 -104.498360 508.871277 0.999655 -0.011092 -0.023820 0.011265 0.999911 0.007143 0.023738 -0.007409 0.999691
1732023806090168320.000000 -2242.069580 -105.520042 497.028442 0.999641 -0.010636 -0.024575 0.010829 0.999912 0.007716 0.024491 -0.007979 0.999668
1732023806123509504.000000 -2242.040527 -106.630127 481.552490 0.999628 -0.009558 -0.025532 0.009738 0.999929 0.006932 0.025464 -0.007178 0.999650
1732023806156850176.000000 -2241.794434 -107.525513 465.679108 0.999565 -0.008781 -0.028141 0.009009 0.999928 0.007983 0.028069 -0.008233 0.999572
1732023806190191360.000000 -2241.438232 -108.040802 453.726868 0.999524 -0.008477 -0.029662 0.008697 0.999936 0.007302 0.029599 -0.007556 0.999533
1732023806223532288.000000 -2241.290039 -108.407524 442.004517 0.999479 -0.006350 -0.031641 0.006515 0.999966 0.005121 0.031608 -0.005324 0.999486
1732023806256873216.000000 -2240.949219 -108.701530 430.148163 0.999523 -0.004735 -0.030524 0.004877 0.999978 0.004562 0.030502 -0.004709 0.999524
1732023806290214144.000000 -2240.755859 -109.482384 418.531830 0.999431 -0.001038 -0.033702 0.001097 0.999998 0.001749 0.033701 -0.001785 0.999430
1732023806323554048.000000 -2240.576172 -109.877335 402.218201 0.999484 -0.000737 -0.032107 0.000841 0.999995 0.003202 0.032104 -0.003227 0.999479
1732023806356894976.000000 -2240.404297 -110.411606 390.376251 0.999439 0.000773 -0.033473 -0.000791 1.000000 -0.000522 0.033473 0.000548 0.999439
1732023806390235904.000000 -2240.410400 -110.902634 379.062683 0.999398 0.003945 -0.034461 -0.004158 0.999973 -0.006108 0.034436 0.006248 0.999387
1732023806423576832.000000 -2240.521973 -111.417068 363.683167 0.999464 0.003983 -0.032499 -0.004335 0.999933 -0.010759 0.032454 0.010894 0.999414
1732023806456917760.000000 -2240.783447 -111.959190 352.546204 0.999489 0.005137 -0.031547 -0.005539 0.999904 -0.012675 0.031479 0.012843 0.999422
1732023806490258944.000000 -2241.013184 -112.391060 341.406616 0.999600 0.007327 -0.027321 -0.007656 0.999899 -0.011954 0.027231 0.012159 0.999555
1732023806523599616.000000 -2241.514404 -112.580528 326.836365 0.999660 0.010287 -0.023961 -0.010679 0.999810 -0.016323 0.023789 0.016573 0.999580
1732023806556940800.000000 -2241.920410 -112.674393 316.163025 0.999649 0.010482 -0.024314 -0.010990 0.999722 -0.020882 0.024088 0.021142 0.999486
1732023806590281728.000000 -2242.050537 -113.057854 305.273651 0.999634 0.009330 -0.025393 -0.009972 0.999631 -0.025278 0.025147 0.025521 0.999358
1732023806623622656.000000 -2242.690430 -113.009377 291.794464 0.999610 0.011382 -0.025504 -0.012226 0.999375 -0.033158 0.025111 0.033457 0.999125
1732023806656963584.000000 -2242.924316 -112.874832 281.642639 0.999558 0.012429 -0.027022 -0.013395 0.999267 -0.035864 0.026556 0.036210 0.998991
1732023806690304512.000000 -2243.211670 -113.060242 271.568237 0.999555 0.011413 -0.027574 -0.012443 0.999220 -0.037487 0.027125 0.037813 0.998917
1732023806723645440.000000 -2243.583984 -113.870544 258.436951 0.999505 0.008331 -0.030349 -0.009452 0.999271 -0.036994 0.030019 0.037263 0.998855
1732023806756985344.000000 -2244.098145 -113.448807 249.573303 0.999460 0.011462 -0.030802 -0.012664 0.999155 -0.039090 0.030328 0.039459 0.998761
1732023806790326272.000000 -2244.398926 -113.246330 240.634109 0.999528 0.010596 -0.028842 -0.011674 0.999229 -0.037478 0.028423 0.037797 0.998881
1732023806823667200.000000 -2244.709473 -113.821640 228.918427 0.999472 0.009417 -0.031083 -0.010524 0.999308 -0.035662 0.030726 0.035971 0.998880
1732023806857007872.000000 -2245.124268 -113.729034 221.133942 0.999453 0.011576 -0.030988 -0.012671 0.999295 -0.035346 0.030557 0.035720 0.998895
1732023806890349056.000000 -2245.718018 -113.574432 214.156784 0.999323 0.017119 -0.032577 -0.018324 0.999145 -0.037073 0.031914 0.037645 0.998781
1732023806923689984.000000 -2246.136963 -113.451294 204.740021 0.999372 0.017375 -0.030896 -0.018464 0.999206 -0.035298 0.030259 0.035847 0.998899
1732023806957030912.000000 -2246.453613 -113.044159 198.520355 0.999352 0.019980 -0.029956 -0.021095 0.999078 -0.037390 0.029182 0.037998 0.998852
1732023806990371840.000000 -2246.615234 -113.444847 192.212479 0.999390 0.016743 -0.030645 -0.017747 0.999305 -0.032793 0.030074 0.033317 0.998992
1732023807023712768.000000 -2247.232910 -112.077896 185.827469 0.999455 0.021264 -0.025261 -0.022243 0.998987 -0.039125 0.024403 0.039665 0.998915
1732023807057054208.000000 -2247.434082 -111.520515 180.876602 0.999579 0.019684 -0.021310 -0.020496 0.999046 -0.038563 0.020530 0.038984 0.999029
1732023807090395392.000000 -2247.619873 -110.869476 176.484756 0.999629 0.018246 -0.020224 -0.019027 0.999052 -0.039148 0.019491 0.039518 0.999029
1732023807123736832.000000 -2247.592773 -110.048882 171.141342 0.999672 0.016060 -0.019942 -0.016828 0.999099 -0.038954 0.019299 0.039277 0.999042
1732023807157078272.000000 -2247.328125 -109.296150 167.229630 0.999758 0.013906 -0.017039 -0.014553 0.999154 -0.038459 0.016490 0.038697 0.999115
1732023807190418432.000000 -2247.049561 -108.704765 163.530075 0.999825 0.011064 -0.015082 -0.011628 0.999216 -0.037849 0.014652 0.038017 0.999170
1732023807223759872.000000 -2246.448975 -107.834747 159.411713 0.999829 0.007152 -0.017069 -0.007777 0.999292 -0.036798 0.016793 0.036924 0.999177
1732023807257101056.000000 -2245.885986 -107.389473 156.580124 0.999838 0.005997 -0.016999 -0.006638 0.999258 -0.037937 0.016759 0.038044 0.999136
1732023807290442496.000000 -2245.056885 -107.798279 153.503189 0.999764 -0.001375 -0.021686 0.000625 0.999403 -0.034552 0.021720 0.034530 0.999168
1732023807323783680.000000 -2244.619385 -106.680099 151.133896 0.999874 0.000688 -0.015880 -0.001331 0.999177 -0.040536 0.015839 0.040552 0.999052
1732023807357125120.000000 -2243.994873 -107.690231 149.057022 0.999711 -0.006580 -0.023139 0.005705 0.999273 -0.037691 0.023370 0.037548 0.999022
1732023807390466560.000000 -2243.933105 -106.557274 148.085068 0.999942 -0.003246 -0.010290 0.002932 0.999534 -0.030395 0.010384 0.030363 0.999485
1732023807423807744.000000 -2244.023682 -106.485664 147.817551 0.999957 -0.003392 -0.008648 0.003155 0.999622 -0.027318 0.008737 0.027290 0.999589
1732023807457149184.000000 -2243.889404 -106.577423 147.817459 0.999954 -0.004296 -0.008604 0.004069 0.999647 -0.026247 0.008713 0.026210 0.999618
1732023807490490368.000000 -2243.763916 -107.195801 148.496872 0.999930 -0.003394 -0.011373 0.003047 0.999535 -0.030339 0.011471 0.030302 0.999475
1732023807523831808.000000 -2243.676270 -107.719452 149.336838 0.999945 -0.004237 -0.009626 0.003925 0.999473 -0.032234 0.009758 0.032194 0.999434
1732023807557172992.000000 -2243.702881 -108.640495 151.727921 0.999917 -0.005959 -0.011410 0.005575 0.999426 -0.033417 0.011602 0.033350 0.999376
1732023807590514432.000000 -2243.698975 -109.508072 154.006439 0.999941 -0.006040 -0.009023 0.005733 0.999414 -0.033743 0.009222 0.033689 0.999390
1732023807623856128.000000 -2243.473145 -110.303368 157.803757 0.999922 -0.009890 -0.007597 0.009657 0.999498 -0.030187 0.007892 0.030111 0.999515
1732023807657196288.000000 -2243.115723 -112.005569 160.826584 0.999838 -0.014290 -0.010918 0.014007 0.999577 -0.025503 0.011278 0.025346 0.999615
1732023807690537728.000000 -2243.425293 -111.732574 165.470627 0.999933 -0.010801 -0.004186 0.010693 0.999632 -0.024913 0.004453 0.024867 0.999681
1732023807723878912.000000 -2243.036865 -113.215286 169.488663 0.999846 -0.016066 -0.006998 0.015935 0.999703 -0.018423 0.007292 0.018308 0.999806
1732023807757220608.000000 -2243.508301 -113.320992 177.349472 0.999937 -0.010577 -0.003701 0.010501 0.999743 -0.020092 0.003912 0.020052 0.999791
1732023807790561792.000000 -2243.451172 -114.240654 183.014313 0.999894 -0.013046 -0.006399 0.012936 0.999772 -0.016995 0.006619 0.016911 0.999835
1732023807823902976.000000 -2243.560059 -114.765198 192.037613 0.999915 -0.012793 -0.002542 0.012751 0.999794 -0.015806 0.002744 0.015772 0.999872
1732023807857244416.000000 -2243.757568 -115.102478 199.643951 0.999943 -0.010688 -0.000067 0.010686 0.999824 -0.015405 0.000232 0.015403 0.999881
1732023807890585856.000000 -2243.695312 -115.876892 207.403107 0.999966 -0.008076 0.001705 0.008097 0.999883 -0.012979 -0.001600 0.012993 0.999914
1732023807923927296.000000 -2243.804688 -117.007599 218.387024 0.999965 -0.007281 0.004174 0.007314 0.999942 -0.007952 -0.004116 0.007982 0.999960
1732023807957268480.000000 -2243.441650 -119.361931 226.535568 0.999931 -0.011324 -0.002983 0.011314 0.999930 -0.003422 0.003021 0.003388 0.999990
1732023807990610176.000000 -2243.767334 -119.836441 235.912827 0.999980 -0.006259 -0.000606 0.006255 0.999954 -0.007335 0.000651 0.007331 0.999973
1732023808023951616.000000 -2243.988525 -120.759720 248.637497 0.999986 -0.001565 -0.005097 0.001485 0.999877 -0.015610 0.005121 0.015602 0.999865
1732023808057293312.000000 -2243.825439 -122.693451 257.262177 0.999899 -0.007702 -0.011939 0.007524 0.999861 -0.014861 0.012052 0.014770 0.999818
1732023808090634496.000000 -2244.452148 -121.777161 267.103729 0.999976 -0.003691 -0.005867 0.003576 0.999803 -0.019528 0.005938 0.019506 0.999792
1732023808123976960.000000 -2244.413330 -124.219696 279.025024 0.999845 -0.010536 -0.014137 0.010291 0.999798 -0.017272 0.014316 0.017124 0.999751
1732023808157318912.000000 -2244.576172 -124.902290 288.352570 0.999814 -0.012232 -0.014884 0.011985 0.999791 -0.016577 0.015083 0.016396 0.999752
1732023808190660864.000000 -2244.926514 -124.411888 298.225830 0.999907 -0.010784 -0.008323 0.010636 0.999787 -0.017666 0.008512 0.017576 0.999809
1732023808224003072.000000 -2245.100586 -125.575737 311.426300 0.999877 -0.012130 -0.009905 0.011937 0.999741 -0.019356 0.010137 0.019235 0.999764
1732023808257345280.000000 -2245.016357 -126.264000 321.294250 0.999869 -0.013475 -0.008969 0.013318 0.999761 -0.017336 0.009200 0.017214 0.999810
1732023808290687232.000000 -2244.678711 -127.119339 330.954712 0.999858 -0.014555 -0.008452 0.014444 0.999810 -0.013097 0.008641 0.012973 0.999879
1732023808324029696.000000 -2244.355225 -127.518173 343.765350 0.999855 -0.016672 -0.003534 0.016652 0.999845 -0.005726 0.003629 0.005666 0.999977
1732023808357371648.000000 -2243.879395 -127.644638 353.214905 0.999886 -0.015102 -0.000172 0.015101 0.999873 -0.005068 0.000248 0.005064 0.999987
1732023808390713856.000000 -2243.447510 -127.651245 362.440430 0.999894 -0.014091 0.003663 0.014103 0.999895 -0.003286 -0.003616 0.003337 0.999988
1732023808424056064.000000 -2242.721436 -127.353302 374.059570 0.999875 -0.013999 0.007395 0.013994 0.999902 0.000720 -0.007404 -0.000616 0.999972
1732023808457398272.000000 -2242.136963 -126.792030 382.437531 0.999841 -0.014478 0.010455 0.014434 0.999887 0.004261 -0.010515 -0.004109 0.999936
1732023808490740224.000000 -2241.517334 -126.126289 390.609375 0.999804 -0.015040 0.012908 0.014971 0.999873 0.005457 -0.012988 -0.005263 0.999902
1732023808524081408.000000 -2240.276611 -125.295242 401.493805 0.999859 -0.012805 0.010904 0.012746 0.999904 0.005434 -0.010973 -0.005294 0.999926
1732023808557423872.000000 -2239.454102 -124.025620 409.238739 0.999804 -0.013738 0.014264 0.013615 0.999870 0.008646 -0.014381 -0.008450 0.999861
1732023808590766080.000000 -2238.820557 -123.246597 417.389221 0.999864 -0.011786 0.011514 0.011685 0.999893 0.008775 -0.011616 -0.008640 0.999895
1732023808624108032.000000 -2238.191162 -121.375298 427.862793 0.999834 -0.012105 0.013615 0.011905 0.999821 0.014714 -0.013791 -0.014549 0.999799
1732023808657450496.000000 -2237.606934 -120.542053 435.263367 0.999847 -0.013033 0.011703 0.012869 0.999819 0.014013 -0.011884 -0.013860 0.999833
1732023808690792704.000000 -2237.404785 -119.588989 443.007172 0.999853 -0.013296 0.010849 0.013124 0.999789 0.015803 -0.011057 -0.015658 0.999816
1732023808724135168.000000 -2236.809814 -118.369217 453.546051 0.999855 -0.014894 0.008200 0.014775 0.999787 0.014394 -0.008413 -0.014270 0.999863
1732023808757477376.000000 -2235.967041 -117.113464 460.543610 0.999693 -0.015296 0.019479 0.014750 0.999503 0.027854 -0.019895 -0.027558 0.999422
1732023808790819584.000000 -2236.447021 -116.194389 469.565979 0.999836 -0.017467 0.004793 0.017376 0.999682 0.018299 -0.005111 -0.018212 0.999821
1732023808824162048.000000 -2236.237061 -115.380043 480.056152 0.999751 -0.022288 0.000653 0.022268 0.999503 0.022335 -0.001150 -0.022315 0.999750
1732023808857504256.000000 -2236.243164 -114.614372 487.980286 0.999661 -0.025896 -0.002543 0.025952 0.999347 0.025125 0.001891 -0.025182 0.999681
1732023808890846464.000000 -2236.584229 -114.234734 496.053741 0.999596 -0.028182 -0.003577 0.028272 0.999206 0.028078 0.002783 -0.028167 0.999599
1732023808924188928.000000 -2235.957764 -112.915176 506.268341 0.999510 -0.030185 0.008252 0.029814 0.998679 0.041858 -0.009504 -0.041591 0.999090
1732023808957530880.000000 -2236.038086 -112.432999 514.906982 0.999464 -0.031168 0.010025 0.030714 0.998621 0.042575 -0.011339 -0.042245 0.999043
1732023808990872320.000000 -2236.066650 -112.219589 523.233704 0.999475 -0.029593 0.013216 0.028984 0.998605 0.044136 -0.014504 -0.043729 0.998938
1732023809024215040.000000 -2236.438477 -111.938744 534.598999 0.999404 -0.030495 0.016162 0.029704 0.998448 0.047107 -0.017574 -0.046599 0.998759
1732023809057556992.000000 -2236.547119 -112.029617 542.936707 0.999369 -0.030366 0.018422 0.029484 0.998487 0.046415 -0.019804 -0.045842 0.998752
1732023809090899200.000000 -2237.072998 -113.352898 551.890137 0.999540 -0.029491 0.007105 0.029218 0.998931 0.035832 -0.008154 -0.035608 0.999333
1732023809124241408.000000 -2236.877197 -114.259628 562.532166 0.999583 -0.027031 0.010136 0.026658 0.999021 0.035295 -0.011080 -0.035010 0.999326
1732023809157583360.000000 -2236.199951 -114.001411 569.198486 0.999419 -0.024789 0.023384 0.023584 0.998448 0.050460 -0.024598 -0.049879 0.998452
1732023809190925824.000000 -2236.200195 -114.388275 576.914917 0.999426 -0.023813 0.024097 0.022558 0.998440 0.051082 -0.025275 -0.050509 0.998404
1732023809224268032.000000 -2236.068604 -114.906036 586.582214 0.999496 -0.021702 0.023175 0.020477 0.998445 0.051851 -0.024265 -0.051351 0.998386
1732023809257609984.000000 -2235.887207 -115.145149 593.689148 0.999573 -0.020854 0.020482 0.019770 0.998463 0.051784 -0.021530 -0.051357 0.998448
1732023809290952448.000000 -2235.606445 -115.165535 600.653320 0.999637 -0.018065 0.019987 0.017080 0.998681 0.048413 -0.020835 -0.048055 0.998627
1732023809324294912.000000 -2235.661133 -115.263763 609.665222 0.999639 -0.017352 0.020508 0.016426 0.998875 0.044492 -0.021257 -0.044139 0.998799
1732023809357636864.000000 -2236.446777 -116.031532 617.276428 0.999817 -0.016187 0.010158 0.015864 0.999390 0.031122 -0.010655 -0.030956 0.999464
1732023809390979328.000000 -2235.705322 -115.860863 622.450562 0.999614 -0.013879 0.024067 0.012828 0.998981 0.043280 -0.024643 -0.042954 0.998773
1732023809424320768.000000 -2235.636719 -116.610458 631.051941 0.999600 -0.011129 0.026014 0.010056 0.999107 0.041031 -0.026447 -0.040753 0.998819
1732023809457662720.000000 -2236.544434 -117.296181 638.717834 0.999813 -0.008700 0.017266 0.008208 0.999564 0.028348 -0.017505 -0.028201 0.999449
1732023809491005184.000000 -2236.565186 -117.684380 644.847473 0.999804 -0.007169 0.018434 0.006581 0.999475 0.031714 -0.018651 -0.031587 0.999327
1732023809524347648.000000 -2236.679443 -118.419098 653.375183 0.999866 -0.006332 0.015096 0.005854 0.999487 0.031474 -0.015288 -0.031382 0.999391
1732023809557689600.000000 -2236.379395 -118.715355 659.660767 0.999883 -0.005582 0.014221 0.005112 0.999448 0.032840 -0.014397 -0.032763 0.999359
1732023809591032064.000000 -2236.178223 -118.867851 665.780701 0.999913 -0.005304 0.012116 0.004887 0.999405 0.034154 -0.012290 -0.034092 0.999343
1732023809624374272.000000 -2236.028809 -119.569054 673.947876 0.999943 -0.006586 0.008455 0.006303 0.999433 0.033080 -0.008668 -0.033024 0.999417
1732023809657716480.000000 -2235.842285 -119.290649 679.970215 0.999925 -0.008565 0.008698 0.008266 0.999392 0.033859 -0.008983 -0.033785 0.999389
1732023809691059200.000000 -2235.680420 -119.264854 686.060181 0.999933 -0.009362 0.006837 0.009126 0.999387 0.033809 -0.007150 -0.033744 0.999405
1732023809724401408.000000 -2235.749756 -119.715462 694.162170 0.999919 -0.011785 0.004857 0.011606 0.999312 0.035230 -0.005269 -0.035170 0.999367
1732023809757743616.000000 -2235.514648 -119.775787 699.872742 0.999892 -0.014647 0.001133 0.014592 0.999134 0.038957 -0.001703 -0.038936 0.999240
1732023809791086080.000000 -2235.734375 -120.548134 705.594910 0.999833 -0.018259 -0.001077 0.018287 0.999073 0.038974 0.000364 -0.038987 0.999240
1732023809824428544.000000 -2235.760010 -120.623764 712.962097 0.999784 -0.020588 -0.002749 0.020680 0.999010 0.039390 0.001936 -0.039438 0.999220
1732023809857769728.000000 -2236.104004 -121.030167 718.795898 0.999746 -0.021608 -0.006426 0.021823 0.999134 0.035429 0.005655 -0.035560 0.999352
1732023809891112448.000000 -2236.238281 -120.471367 723.876099 0.999771 -0.021036 -0.003857 0.021164 0.999102 0.036700 0.003082 -0.036774 0.999319
1732023809924454656.000000 -nan -nan -nan -nan -nan -nan -nan -nan -nan -nan -nan -nan
1732023809957797120.000000 -nan -nan -nan -nan -nan -nan -nan -nan -nan -nan -nan -nan
1732023809991139584.000000 -2235.651367 -120.701729 737.312988 0.999578 -0.027483 0.009388 0.027005 0.998498 0.047659 -0.010683 -0.047386 0.998820
1732023810024482048.000000 -2235.727783 -120.621994 742.036377 0.999530 -0.028424 0.011462 0.027872 0.998566 0.045713 -0.012745 -0.045372 0.998889
1732023810057823744.000000 -2235.762695 -120.285683 745.246094 0.999568 -0.026996 0.011608 0.026502 0.998814 0.040856 -0.012698 -0.040531 0.999098
1732023810091165440.000000 -2235.861572 -119.810593 747.891357 0.999596 -0.025542 0.012477 0.025058 0.998981 0.037529 -0.013423 -0.037201 0.999218
1732023810124507136.000000 -nan -nan -nan -nan -nan -nan -nan -nan -nan -nan -nan -nan
1732023810157848832.000000 -2236.132324 -120.243858 750.284058 0.999489 -0.028896 0.013659 0.028302 0.998723 0.041849 -0.014851 -0.041441 0.999031
1732023810191190784.000000 -2236.314209 -120.077415 750.418762 0.999494 -0.028869 0.013389 0.028294 0.998746 0.041298 -0.014565 -0.040898 0.999057
1732023810224532480.000000 -2236.580811 -119.311356 749.239990 0.999592 -0.025708 0.012452 0.025187 0.998868 0.040347 -0.013476 -0.040017 0.999108
1732023810257873920.000000 -2236.798096 -119.820564 746.368286 0.999559 -0.027578 0.010993 0.027038 0.998548 0.046599 -0.012262 -0.046281 0.998853
1732023810291215872.000000 -2237.270996 -119.571564 741.764709 0.999592 -0.026999 0.009267 0.026531 0.998525 0.047363 -0.010533 -0.047098 0.998835
1732023810324556544.000000 -2237.764648 -119.249176 737.804565 0.999639 -0.025336 0.008925 0.024911 0.998681 0.044907 -0.010051 -0.044668 0.998951
1732023810357898240.000000 -2238.478516 -118.311554 733.798584 0.999726 -0.022280 0.007158 0.021997 0.999057 0.037446 -0.007986 -0.037279 0.999273
1732023810391240192.000000 -2239.150635 -118.919914 727.703918 0.999682 -0.024551 0.005753 0.024297 0.998874 0.040743 -0.006747 -0.040590 0.999153
1732023810424581888.000000 -2240.105957 -118.752251 719.470886 0.999760 -0.021366 0.004792 0.021153 0.998943 0.040821 -0.005659 -0.040709 0.999155
1732023810457923584.000000 -2241.431152 -120.067886 713.367065 0.999713 -0.021912 -0.009698 0.022204 0.999268 0.031144 0.009008 -0.031351 0.999468
1732023810491265536.000000 -2241.674561 -120.149673 705.652954 0.999717 -0.021023 -0.011090 0.021374 0.999243 0.032508 0.010398 -0.032736 0.999410
1732023810524607232.000000 -2242.563477 -118.883514 695.455933 0.999860 -0.012850 -0.010696 0.013177 0.999431 0.031039 0.010291 -0.031175 0.999461
1732023810557949184.000000 -2242.857178 -118.608116 686.982849 0.999858 -0.012453 -0.011355 0.012771 0.999515 0.028394 0.010996 -0.028535 0.999532
1732023810591290368.000000 -2243.345947 -118.004341 678.258789 0.999850 -0.012072 -0.012414 0.012412 0.999540 0.027686 0.012074 -0.027836 0.999540
1732023810624632320.000000 -2243.797119 -117.027458 666.608521 0.999798 -0.013825 -0.014563 0.014167 0.999620 0.023654 0.014230 -0.023856 0.999614
1732023810657974272.000000 -2243.731445 -116.341286 657.363525 0.999717 -0.017798 -0.015767 0.018156 0.999574 0.022857 0.015353 -0.023137 0.999614
1732023810691315968.000000 -2243.131592 -116.461067 647.887451 0.999553 -0.021774 -0.020492 0.022202 0.999536 0.020874 0.020028 -0.021320 0.999572
1732023810724657664.000000 -2242.712646 -115.824318 635.187683 0.999440 -0.024898 -0.022353 0.025428 0.999394 0.023752 0.021748 -0.024307 0.999468
1732023810757998592.000000 -2242.362549 -115.149055 625.250183 0.999381 -0.028436 -0.020694 0.028998 0.999205 0.027371 0.019899 -0.027954 0.999411
1732023810791340288.000000 -2242.006104 -114.902130 615.455750 0.999306 -0.030568 -0.021301 0.031161 0.999119 0.028097 0.020423 -0.028741 0.999378
1732023810824682240.000000 -2241.559082 -114.480759 601.975708 0.999216 -0.033220 -0.021527 0.033887 0.998932 0.031411 0.020460 -0.032116 0.999275
1732023810858023936.000000 -2241.552490 -113.986275 592.128418 0.999181 -0.034063 -0.021847 0.034714 0.998942 0.030147 0.020797 -0.030881 0.999307
1732023810891365888.000000 -2241.205811 -113.571739 582.501526 0.999132 -0.035053 -0.022492 0.035642 0.999018 0.026322 0.021547 -0.027100 0.999400
1732023810924707584.000000 -2240.448486 -112.994789 569.916504 0.999055 -0.037280 -0.022358 0.037736 0.999081 0.020309 0.021581 -0.021133 0.999544
1732023810958049280.000000 -2240.135498 -112.773773 560.601440 0.998939 -0.038828 -0.024747 0.039255 0.999084 0.017027 0.024064 -0.017981 0.999549
1732023810991391232.000000 -2239.892334 -112.279556 551.338257 0.998817 -0.039922 -0.027762 0.040381 0.999054 0.016165 0.027090 -0.017267 0.999484
1732023811024732928.000000 -2239.655029 -111.882072 538.627808 0.998768 -0.041135 -0.027744 0.041806 0.998836 0.024071 0.026722 -0.025201 0.999325
1732023811058074880.000000 -2239.949951 -111.322754 528.704163 0.998741 -0.043186 -0.025538 0.043999 0.998514 0.032150 0.024112 -0.033233 0.999157
1732023811091417088.000000 -2240.144287 -111.405678 518.609375 0.998671 -0.044536 -0.025957 0.045432 0.998353 0.035024 0.024354 -0.036157 0.999049
1732023811124759040.000000 -2240.717285 -110.492371 505.967804 0.998882 -0.041329 -0.022949 0.042168 0.998412 0.037346 0.021369 -0.038272 0.999039
1732023811158100992.000000 -2241.126465 -110.349297 496.202545 0.998808 -0.041519 -0.025667 0.042447 0.998423 0.036731 0.024102 -0.037777 0.998996
1732023811191442176.000000 -2241.473877 -109.731926 486.599030 0.998951 -0.039382 -0.023353 0.040223 0.998515 0.036729 0.021872 -0.037630 0.999052
1732023811224784128.000000 -2242.196777 -108.802063 473.482269 0.999195 -0.034765 -0.020009 0.035492 0.998678 0.037194 0.018689 -0.037874 0.999108
1732023811258126592.000000 -2242.664795 -108.628433 463.145020 0.999354 -0.031242 -0.017742 0.031921 0.998713 0.039404 0.016488 -0.039945 0.999066
1732023811291468544.000000 -2242.886230 -108.719604 452.333344 0.999474 -0.027363 -0.017415 0.028041 0.998809 0.039936 0.016302 -0.040403 0.999050
1732023811324810496.000000 -2243.314209 -108.146812 438.346558 0.999719 -0.020309 -0.012192 0.020765 0.999040 0.038560 0.011398 -0.038803 0.999182
1732023811358152704.000000 -2243.273926 -107.674904 428.083679 0.999839 -0.015766 -0.008549 0.016038 0.999336 0.032711 0.008027 -0.032843 0.999428
1732023811391494656.000000 -2243.133545 -107.406631 418.165680 0.999910 -0.010470 -0.008445 0.010674 0.999641 0.024559 0.008185 -0.024647 0.999663
1732023811424836864.000000 -2242.921387 -107.345894 405.112549 0.999900 -0.006305 -0.012672 0.006562 0.999772 0.020310 0.012541 -0.020392 0.999713
1732023811458179072.000000 -2242.798584 -107.280556 395.261810 0.999862 -0.006542 -0.015291 0.006918 0.999671 0.024687 0.015125 -0.024789 0.999578
