1732024194139653376.000000 -2339.747314 166.480133 141.036346 -0.999576 0.022356 0.018668 -0.022169 -0.999702 0.010190 0.018890 0.009771 0.999774
1732024194172994560.000000 -2339.748047 166.442871 141.059921 -0.999576 0.022372 0.018632 -0.022188 -0.999703 0.010033 0.018851 0.009616 0.999776
1732024194206333696.000000 -2339.741943 166.437042 141.055847 -0.999570 0.022368 0.018937 -0.022178 -0.999703 0.010141 0.019158 0.009716 0.999769
1732024194239670272.000000 -2339.766846 166.447067 141.067154 -0.999575 0.022293 0.018808 -0.022102 -0.999702 0.010324 0.019032 0.009904 0.999770
1732024194273004288.000000 -2339.764648 166.446289 141.069977 -0.999566 0.022534 0.018951 -0.022343 -0.999698 0.010255 0.019176 0.009827 0.999768
1732024194306336000.000000 -2339.588623 165.595657 140.471527 -0.999750 0.018105 0.013119 -0.017941 -0.999761 0.012489 0.013342 0.012250 0.999836
1732024194339665408.000000 -2339.703125 166.287918 140.918655 -0.999611 0.021757 0.017447 -0.021566 -0.999706 0.011075 0.017683 0.010694 0.999786
1732024194372992512.000000 -2339.701172 166.273453 140.918762 -0.999604 0.021753 0.017836 -0.021557 -0.999706 0.011090 0.018072 0.010701 0.999779
1732024194406317312.000000 -2339.636963 166.310547 140.963150 -0.999618 0.021552 0.017322 -0.021370 -0.999715 0.010639 0.017546 0.010265 0.999793
1732024194439639296.000000 -2339.643066 166.527405 140.867462 -0.999594 0.022312 0.017723 -0.022120 -0.999695 0.010964 0.017962 0.010568 0.999783
1732024194472959232.000000 -2339.487061 166.297943 140.926559 -0.999593 0.022189 0.017957 -0.021990 -0.999696 0.011181 0.018199 0.010782 0.999776
1732024194506276608.000000 -2339.500977 166.277161 140.927490 -0.999591 0.022243 0.017979 -0.022046 -0.999695 0.011092 0.018221 0.010691 0.999777
1732024194539590912.000000 -2339.524902 166.330582 140.965775 -0.999578 0.022769 0.018018 -0.022578 -0.999688 0.010718 0.018257 0.010307 0.999780
1732024194572903680.000000 -2339.542236 166.195724 140.930481 -0.999596 0.022457 0.017440 -0.022276 -0.999697 0.010505 0.017671 0.010112 0.999793
1732024194606213888.000000 -2339.584717 166.144165 140.918488 -0.999591 0.022387 0.017816 -0.022199 -0.999697 0.010667 0.018050 0.010267 0.999784
1732024194639521792.000000 -2339.634033 166.116257 140.988113 -0.999601 0.022593 0.016965 -0.022428 -0.999700 0.009865 0.017183 0.009481 0.999807
1732024194672827392.000000 -2339.798340 166.270111 140.817291 -0.999586 0.021492 0.019108 -0.021260 -0.999699 0.012283 0.019367 0.011872 0.999742
1732024194739431424.000000 -2339.510010 166.333450 141.121826 -0.999623 0.022319 0.015969 -0.022170 -0.999709 0.009482 0.016176 0.009124 0.999828
1732024194772730112.000000 -2339.477051 166.246429 141.189438 -0.999628 0.022449 0.015490 -0.022315 -0.999713 0.008758 0.015682 0.008409 0.999842
1732024194806027264.000000 -2339.450195 166.260300 141.237717 -0.999617 0.022336 0.016369 -0.022196 -0.999716 0.008687 0.016559 0.008321 0.999828
1732024194839305984.000000 -2339.376709 166.251648 141.351746 -0.999604 0.022377 0.017059 -0.022236 -0.999717 0.008418 0.017243 0.008035 0.999819
1732024194872581376.000000 -2339.271240 166.284653 141.509445 -0.999584 0.022759 0.017696 -0.022619 -0.999712 0.008075 0.017875 0.007671 0.999811
1732024194905853440.000000 -2339.208496 166.321198 141.669342 -0.999567 0.022987 0.018374 -0.022852 -0.999710 0.007548 0.018542 0.007124 0.999803
1732024194939122176.000000 -2339.153076 166.349228 142.119415 -0.999527 0.023355 0.019988 -0.023208 -0.999702 0.007544 0.020159 0.007076 0.999772
1732024194972386048.000000 -2339.172852 166.687469 143.316101 -0.999517 0.022642 0.021267 -0.022577 -0.999740 0.003299 0.021336 0.002817 0.999768
1732024195005647360.000000 -2338.987061 167.383560 144.942657 -0.999527 0.022649 0.020802 -0.022650 -0.999743 0.000207 0.020802 -0.000264 0.999784
1732024195038905600.000000 -2339.274902 168.156021 147.331299 -0.999452 0.025574 0.021031 -0.025613 -0.999671 -0.001573 0.020984 -0.002111 0.999778
1732024195072160000.000000 -2339.256592 169.054123 150.155441 -0.999437 0.026967 0.019968 -0.026983 -0.999636 -0.000568 0.019946 -0.001107 0.999800
1732024195105410816.000000 -2339.167725 170.478271 153.834564 -0.999362 0.030126 0.019206 -0.030098 -0.999545 0.001733 0.019250 0.001154 0.999814
1732024195138658560.000000 -2339.174805 171.933121 159.880951 -0.999138 0.036772 0.019271 -0.036757 -0.999324 0.001128 0.019300 0.000419 0.999814
1732024195171902464.000000 -2339.141846 173.361710 169.344696 -0.998799 0.046421 0.015689 -0.046520 -0.998899 -0.006024 0.015392 -0.006747 0.999859
1732024195205143040.000000 -2339.320801 174.058716 173.447235 -0.998632 0.050071 0.015049 -0.050209 -0.998699 -0.008950 0.014581 -0.009694 0.999847
1732024195238380032.000000 -2339.793457 174.827011 179.949127 -0.998361 0.054999 0.015854 -0.055162 -0.998427 -0.010070 0.015275 -0.010928 0.999824
1732024195271613440.000000 -2340.382080 175.874405 187.216537 -0.998131 0.059683 0.013112 -0.059902 -0.998060 -0.016989 0.012073 -0.017743 0.999770
1732024195304843520.000000 -2341.467773 176.788635 194.712494 -0.997907 0.063030 0.014483 -0.063245 -0.997887 -0.014875 0.013515 -0.015760 0.999784
1732024195338070016.000000 -2342.065430 178.628494 205.006729 -0.997736 0.065325 0.016000 -0.065554 -0.997748 -0.014231 0.015035 -0.015248 0.999771
1732024195371293184.000000 -2342.589111 179.933548 213.329224 -0.997666 0.065960 0.017667 -0.066205 -0.997713 -0.013657 0.016726 -0.014795 0.999751
1732024195404512512.000000 -2343.259277 181.022812 222.033630 -0.997560 0.067496 0.017831 -0.067762 -0.997593 -0.014748 0.016792 -0.015920 0.999732
1732024195437727744.000000 -2344.142822 182.648422 234.090424 -0.997552 0.066494 0.021642 -0.066795 -0.997676 -0.013478 0.020695 -0.014891 0.999675
1732024195470939904.000000 -2344.516602 184.110275 243.234985 -0.997648 0.065086 0.021492 -0.065414 -0.997747 -0.014932 0.020472 -0.016302 0.999658
1732024195504148992.000000 -2344.713379 185.557053 252.879745 -0.997718 0.063851 0.021953 -0.064249 -0.997772 -0.017953 0.020757 -0.019323 0.999598
1732024195537354496.000000 -2344.954346 187.223969 266.111115 -0.997955 0.060160 0.021617 -0.060635 -0.997916 -0.022049 0.020245 -0.023314 0.999523
1732024195570556416.000000 -2344.855957 188.498535 276.192047 -0.998216 0.055569 0.021834 -0.056062 -0.998170 -0.022683 0.020534 -0.023867 0.999504
1732024195603755008.000000 -2344.626709 189.946198 286.401672 -0.998389 0.052299 0.021986 -0.052810 -0.998332 -0.023343 0.020728 -0.024467 0.999486
1732024195636950016.000000 -2343.684326 191.248810 299.986603 -0.998704 0.046665 0.020303 -0.047055 -0.998708 -0.019202 0.019381 -0.020133 0.999609
1732024195670141696.000000 -2343.186768 192.211914 310.137146 -0.998895 0.042894 0.019192 -0.043233 -0.998909 -0.017640 0.018414 -0.018451 0.999660
1732024195703329536.000000 -2342.235352 193.070435 320.382416 -0.999034 0.040266 0.017609 -0.040495 -0.999097 -0.012830 0.017077 -0.013530 0.999763
1732024195736514048.000000 -2341.095703 193.939102 333.764984 -0.999231 0.036524 0.014284 -0.036621 -0.999308 -0.006528 0.014035 -0.007046 0.999877
1732024195769694976.000000 -2340.404541 194.635193 343.678772 -0.999354 0.034416 0.010373 -0.034454 -0.999400 -0.003567 0.010244 -0.003923 0.999940
1732024195802874368.000000 -2339.536377 195.780579 353.359680 -0.999475 0.031983 0.005153 -0.032007 -0.999476 -0.004746 0.004998 -0.004909 0.999975
1732024195836212480.000000 -2338.505371 196.289978 366.074768 -0.999506 0.031407 -0.001348 -0.031392 -0.999458 -0.009935 -0.001659 -0.009888 0.999950
1732024195869549568.000000 -2337.866455 196.881882 375.388306 -0.999561 0.029496 -0.002737 -0.029477 -0.999543 -0.006691 -0.002933 -0.006607 0.999974
1732024195902887936.000000 -2337.447510 197.720642 384.195465 -0.999622 0.026720 -0.006495 -0.026677 -0.999623 -0.006521 -0.006667 -0.006345 0.999958
1732024195936225792.000000 -2336.820801 198.769211 395.971558 -0.999684 0.023115 -0.009878 -0.023060 -0.999718 -0.005658 -0.010006 -0.005428 0.999935
1732024195969563904.000000 -2336.369385 199.448364 404.662476 -0.999753 0.019625 -0.010416 -0.019566 -0.999792 -0.005765 -0.010527 -0.005559 0.999929
1732024196002901760.000000 -2336.086670 200.436203 413.339142 -0.999792 0.016976 -0.011283 -0.016938 -0.999851 -0.003449 -0.011340 -0.003257 0.999930
1732024196036239872.000000 -2336.031738 201.505646 425.421509 -0.999829 0.013480 -0.012637 -0.013512 -0.999906 0.002478 -0.012603 0.002648 0.999917
1732024196069577728.000000 -2336.089355 202.361206 434.531982 -0.999847 0.012965 -0.011700 -0.013034 -0.999898 0.005826 -0.011623 0.005977 0.999915
1732024196102915584.000000 -2335.739014 203.295166 447.432495 -0.999887 0.012010 -0.009058 -0.012079 -0.999898 0.007659 -0.008965 0.007767 0.999930
1732024196136253184.000000 -2335.443604 204.155884 456.844330 -0.999900 0.012213 -0.007078 -0.012275 -0.999886 0.008810 -0.006970 0.008896 0.999936
1732024196169591040.000000 -2335.292725 205.170166 467.129974 -0.999880 0.012087 -0.009659 -0.012127 -0.999918 0.004075 -0.009609 0.004192 0.999945
1732024196202928640.000000 -2335.192383 206.628799 480.494232 -0.999881 0.012337 -0.009228 -0.012385 -0.999910 0.005202 -0.009163 0.005315 0.999944
1732024196236266240.000000 -2335.167236 207.664337 490.706909 -0.999871 0.012692 -0.009831 -0.012724 -0.999914 0.003196 -0.009790 0.003320 0.999947
1732024196269603584.000000 -2335.179932 208.770187 501.285553 -0.999879 0.011569 -0.010442 -0.011611 -0.999925 0.003968 -0.010396 0.004089 0.999938
1732024196302940160.000000 -2335.224854 209.931824 511.765533 -0.999850 0.008697 -0.014989 -0.008725 -0.999960 0.001805 -0.014973 0.001936 0.999886
1732024196336277760.000000 -2335.305908 211.359756 526.141907 -0.999880 0.005883 -0.014361 -0.005900 -0.999982 0.001210 -0.014353 0.001294 0.999896
1732024196369614848.000000 -2335.458008 212.484039 537.356567 -0.999897 0.002399 -0.014184 -0.002430 -0.999995 0.002214 -0.014179 0.002249 0.999897
1732024196402952192.000000 -2335.454834 213.396851 548.503540 -0.999898 0.000398 -0.014269 -0.000455 -0.999992 0.003958 -0.014267 0.003964 0.999890
1732024196436289280.000000 -2335.626953 214.414703 563.385193 -0.999917 -0.000354 -0.012859 0.000265 -0.999976 0.006916 -0.012861 0.006912 0.999893
1732024196469626624.000000 -2336.022461 214.869263 574.838257 -0.999929 0.000870 -0.011876 -0.000928 -0.999988 0.004883 -0.011872 0.004894 0.999918
1732024196502963456.000000 -2336.748047 215.483109 590.118591 -0.999933 0.005282 -0.010325 -0.005286 -0.999986 0.000335 -0.010323 0.000389 0.999947
1732024196536300800.000000 -2337.341553 216.012894 601.444885 -0.999933 0.007555 -0.008736 -0.007521 -0.999964 -0.003864 -0.008765 -0.003798 0.999954
1732024196569637888.000000 -2338.267090 216.564240 612.936829 -0.999905 0.010884 -0.008423 -0.010817 -0.999910 -0.007939 -0.008509 -0.007847 0.999933
1732024196602974976.000000 -2339.379150 217.943161 628.384338 -0.999858 0.016077 -0.004992 -0.016035 -0.999837 -0.008242 -0.005123 -0.008161 0.999954
1732024196636311808.000000 -2339.812012 219.245300 639.617126 -0.999822 0.018890 0.000148 -0.018890 -0.999794 -0.007405 0.000008 -0.007407 0.999973
1732024196669648640.000000 -2340.281006 220.590240 650.827271 -0.999742 0.022363 0.004039 -0.022388 -0.999729 -0.006329 0.003896 -0.006418 0.999972
1732024196702985216.000000 -2341.599609 222.175354 665.513428 -0.999623 0.027001 0.004950 -0.027032 -0.999615 -0.006326 0.004778 -0.006457 0.999968
1732024196736322304.000000 -2342.816650 223.703430 675.841492 -0.999552 0.028997 0.007465 -0.029053 -0.999549 -0.007576 0.007242 -0.007790 0.999943
1732024196769658112.000000 -2343.608398 225.214127 686.035645 -0.999480 0.031793 0.005286 -0.031833 -0.999463 -0.007784 0.005035 -0.007948 0.999956
1732024196802994688.000000 -2344.896973 226.954880 699.237854 -0.999306 0.037250 -0.000925 -0.037242 -0.999279 -0.007376 -0.001199 -0.007337 0.999972
1732024196836339200.000000 -2345.627197 228.127518 708.385498 -0.999139 0.041346 -0.003421 -0.041330 -0.999134 -0.004728 -0.003614 -0.004583 0.999983
1732024196869683968.000000 -2346.501221 229.612808 717.354370 -0.998936 0.045832 -0.005167 -0.045818 -0.998946 -0.002872 -0.005293 -0.002632 0.999983
1732024196903028480.000000 -2347.588623 231.250519 728.905945 -0.998723 0.049804 -0.008461 -0.049787 -0.998757 -0.002224 -0.008561 -0.001800 0.999962
1732024196936373248.000000 -2348.042480 232.493927 736.915344 -0.998632 0.051708 -0.007711 -0.051698 -0.998662 -0.001382 -0.007772 -0.000981 0.999969
1732024196969718016.000000 -2348.579102 233.076797 743.855957 -0.998140 0.060885 0.003031 -0.060851 -0.998093 0.010328 0.003654 0.010124 0.999942
1732024197003062784.000000 -2349.358887 234.426941 753.070251 -0.997822 0.065680 0.006107 -0.065616 -0.997795 0.010020 0.006751 0.009598 0.999931
1732024197036407808.000000 -2350.928223 235.948380 758.960144 -0.998154 0.060478 0.005620 -0.060423 -0.998128 0.009479 0.006183 0.009122 0.999939
1732024197069752576.000000 -2350.458740 235.651917 763.523865 -0.997418 0.071043 0.010529 -0.070888 -0.997380 0.014446 0.011528 0.013662 0.999840
1732024197103097344.000000 -2351.496582 236.238052 768.207581 -0.997239 0.074055 0.005447 -0.074013 -0.997229 0.007533 0.005990 0.007109 0.999957
1732024197136442624.000000 -2352.314209 236.318558 770.344177 -0.997023 0.077101 0.000736 -0.077097 -0.997014 0.004262 0.001062 0.004193 0.999991
1732024197169787648.000000 -2353.239258 236.134888 771.141724 -0.996752 0.080367 -0.005224 -0.080381 -0.996761 0.002560 -0.005001 0.002972 0.999983
1732024197203131648.000000 -2354.056396 235.726105 770.203491 -0.996557 0.082374 -0.009392 -0.082432 -0.996579 0.005990 -0.008866 0.006743 0.999938
1732024197236476928.000000 -2354.704102 234.999542 767.900940 -0.996402 0.084033 -0.011009 -0.084149 -0.996398 0.010500 -0.010087 0.011389 0.999884
1732024197269822208.000000 -2355.081787 234.344254 764.271118 -0.996358 0.084653 -0.010270 -0.084841 -0.996205 0.019453 -0.008584 0.020253 0.999758
1732024197303167232.000000 -2355.560547 232.904541 757.493347 -0.996344 0.085078 -0.007814 -0.085284 -0.995858 0.031508 -0.005100 0.032059 0.999473
1732024197336512512.000000 -2356.143066 231.660767 751.410095 -0.996339 0.085186 -0.007170 -0.085396 -0.995647 0.037348 -0.003957 0.037823 0.999277
1732024197369858048.000000 -2356.689941 230.686829 744.596191 -0.996311 0.085225 -0.010094 -0.085544 -0.995641 0.037172 -0.006882 0.037898 0.999258
1732024197403203328.000000 -2357.167480 229.111969 734.516052 -0.996277 0.085164 -0.013366 -0.085608 -0.995634 0.037193 -0.010140 0.038198 0.999219
1732024197436548608.000000 -2357.281494 227.746170 726.259888 -0.996145 0.086212 -0.016188 -0.086737 -0.995609 0.035195 -0.013083 0.036464 0.999249
1732024197469894144.000000 -2357.193359 226.275665 717.298401 -0.996007 0.087692 -0.016733 -0.088248 -0.995446 0.036045 -0.013496 0.037378 0.999210
1732024197503239936.000000 -2357.297607 224.284424 704.827881 -0.995527 0.091567 -0.023261 -0.092319 -0.995161 0.033642 -0.020068 0.035639 0.999163
1732024197536585216.000000 -2357.366699 223.319763 694.706055 -0.994946 0.094277 -0.034547 -0.095071 -0.995225 0.022101 -0.032299 0.025274 0.999159
1732024197569931008.000000 -2357.223877 221.938431 684.103333 -0.994800 0.095633 -0.035040 -0.096701 -0.994856 0.030165 -0.031975 0.033397 0.998931
1732024197603276544.000000 -2357.450439 220.249603 668.603271 -0.994729 0.098262 -0.029314 -0.099557 -0.993941 0.046579 -0.024559 0.049252 0.998484
1732024197636621312.000000 -2357.764648 218.952118 656.978577 -0.994554 0.101055 -0.025494 -0.102278 -0.993377 0.052366 -0.020033 0.054689 0.998302
1732024197669967104.000000 -2358.098145 217.420990 645.191895 -0.994392 0.103480 -0.021831 -0.104559 -0.992937 0.056059 -0.015876 0.058027 0.998189
1732024197703312896.000000 -2358.275391 215.780029 629.191711 -0.994438 0.102743 -0.023174 -0.103824 -0.993254 0.051652 -0.017711 0.053771 0.998396
1732024197736658688.000000 -2358.516846 214.585571 616.770203 -0.994534 0.102052 -0.022063 -0.102986 -0.993599 0.046417 -0.017185 0.048435 0.998678
1732024197770004480.000000 -2358.823730 213.557419 604.160156 -0.994691 0.101338 -0.017928 -0.102065 -0.993719 0.045874 -0.013166 0.047460 0.998786
1732024197803350528.000000 -2359.555908 212.976974 588.258179 -0.995261 0.094185 -0.024162 -0.095049 -0.994765 0.037516 -0.020502 0.039635 0.999004
1732024197836692736.000000 -2359.427979 212.179291 575.081482 -0.995538 0.091400 -0.023467 -0.092231 -0.995042 0.037205 -0.019950 0.039204 0.999032
1732024197870035712.000000 -2359.379150 211.591034 561.499268 -0.995769 0.089780 -0.019603 -0.090503 -0.995100 0.039811 -0.015932 0.041417 0.999015
1732024197903378176.000000 -2359.274658 211.107681 548.396790 -0.996044 0.086759 -0.019208 -0.087459 -0.995393 0.039278 -0.015712 0.040802 0.999044
1732024197936720896.000000 -2359.149658 210.284332 530.792175 -0.996389 0.083470 -0.015533 -0.084001 -0.995764 0.037383 -0.012347 0.038553 0.999180
1732024197970063360.000000 -2359.056396 209.536209 517.412659 -0.996659 0.080116 -0.015911 -0.080604 -0.996206 0.032826 -0.013221 0.033999 0.999334
1732024198003406080.000000 -2359.233154 208.785278 499.657379 -0.996862 0.077076 -0.018062 -0.077624 -0.996470 0.031955 -0.015535 0.033256 0.999326
1732024198036748544.000000 -2359.199219 207.794144 486.022522 -0.996971 0.075498 -0.018701 -0.076072 -0.996584 0.032138 -0.016211 0.033463 0.999308
1732024198070091264.000000 -2359.125732 206.887985 472.330902 -0.997195 0.072629 -0.018077 -0.073202 -0.996760 0.033332 -0.015597 0.034562 0.999281
1732024198103432960.000000 -2358.822998 205.154709 453.872192 -0.997523 0.069036 -0.013474 -0.069432 -0.997089 0.031514 -0.011260 0.032372 0.999412
1732024198136775680.000000 -2358.460449 203.726151 439.602997 -0.997605 0.068112 -0.012057 -0.068439 -0.997228 0.029185 -0.010036 0.029941 0.999501
1732024198170118144.000000 -2357.804688 201.942673 425.367279 -0.997670 0.067505 -0.009891 -0.067753 -0.997329 0.027292 -0.008023 0.027898 0.999579
1732024198203460864.000000 -2356.991943 199.475357 406.342072 -0.997840 0.065273 -0.007396 -0.065433 -0.997568 0.024018 -0.005810 0.024450 0.999684
1732024198236803584.000000 -2356.802979 197.525238 392.120667 -0.997880 0.064749 -0.006627 -0.064881 -0.997646 0.022209 -0.005174 0.022592 0.999731
1732024198270146304.000000 -2356.524658 195.953293 378.039337 -0.997780 0.065704 -0.010908 -0.065884 -0.997680 0.017116 -0.009758 0.017797 0.999794
1732024198303488768.000000 -2355.765869 194.311920 359.599579 -0.997646 0.067241 -0.013435 -0.067449 -0.997601 0.015607 -0.012353 0.016476 0.999788
1732024198336831488.000000 -2355.120850 193.141663 346.468628 -0.997577 0.067961 -0.014862 -0.068140 -0.997606 0.011843 -0.014022 0.012827 0.999819
1732024198370174208.000000 -2354.241211 191.751740 333.720123 -0.997525 0.068103 -0.017482 -0.068257 -0.997633 0.008348 -0.016872 0.009521 0.999812
1732024198403516672.000000 -2353.484619 190.602982 317.267944 -0.997302 0.071124 -0.018171 -0.071274 -0.997427 0.007743 -0.017574 0.009017 0.999805
1732024198436859648.000000 -2353.061523 189.932999 305.366394 -0.997127 0.073709 -0.017442 -0.073887 -0.997218 0.009816 -0.016670 0.011076 0.999800
1732024198470202112.000000 -2352.423096 188.971527 293.711273 -0.996919 0.075912 -0.019726 -0.076129 -0.997043 0.010475 -0.018873 0.011945 0.999751
1732024198503545088.000000 -2351.552734 187.965363 279.029907 -0.996737 0.078352 -0.019383 -0.078526 -0.996877 0.008394 -0.018665 0.009888 0.999777
1732024198536886784.000000 -2350.841064 186.997101 268.308044 -0.996749 0.078661 -0.017455 -0.078797 -0.996864 0.007254 -0.016829 0.008605 0.999821
1732024198570229248.000000 -2350.498047 186.305618 258.320038 -0.996785 0.078488 -0.016125 -0.078580 -0.996895 0.005134 -0.015672 0.006385 0.999857
1732024198603572224.000000 -2349.264160 185.622070 245.443085 -0.997235 0.073261 -0.012431 -0.073255 -0.997313 -0.000869 -0.012462 0.000045 0.999922
1732024198636914688.000000 -2349.219971 184.583893 237.219910 -0.997229 0.073117 -0.013718 -0.073074 -0.997320 -0.003591 -0.013944 -0.002578 0.999899
1732024198670257664.000000 -2349.282959 183.768555 229.387085 -0.997282 0.072312 -0.014150 -0.072268 -0.997379 -0.003609 -0.014374 -0.002577 0.999893
1732024198703600128.000000 -2349.190918 182.633057 222.005127 -0.997569 0.065565 -0.023614 -0.065497 -0.997846 -0.003654 -0.023803 -0.002098 0.999714
1732024198736943104.000000 -2349.149170 181.961624 213.740005 -0.997759 0.062894 -0.022836 -0.062890 -0.998020 -0.000903 -0.022847 0.000535 0.999739
1732024198770285568.000000 -2349.049072 181.221100 208.607529 -0.997931 0.059781 -0.023658 -0.059768 -0.998212 -0.001259 -0.023690 0.000158 0.999719
1732024198803628544.000000 -2349.026123 180.439651 202.948151 -0.998104 0.056360 -0.024729 -0.056359 -0.998410 -0.000756 -0.024732 0.000639 0.999694
1732024198836968704.000000 -2348.894775 180.112350 200.225540 -0.998188 0.056546 -0.020587 -0.056488 -0.998398 -0.003380 -0.020745 -0.002211 0.999782
1732024198870308608.000000 -2348.602783 179.171844 197.908997 -0.998347 0.053166 -0.021812 -0.053096 -0.998582 -0.003771 -0.021982 -0.002607 0.999755
1732024198903648512.000000 -2348.345947 178.677551 197.453110 -0.998423 0.052378 -0.020222 -0.052292 -0.998621 -0.004736 -0.020442 -0.003671 0.999784
1732024198936988672.000000 -2348.349365 178.572845 198.382339 -0.998595 0.049811 -0.018083 -0.049748 -0.998754 -0.003918 -0.018256 -0.003013 0.999829
1732024198970327552.000000 -2348.098877 178.616516 200.518173 -0.998500 0.050910 -0.020154 -0.050877 -0.998703 -0.002130 -0.020236 -0.001102 0.999795
1732024199003667712.000000 -2347.979004 178.836136 204.579437 -0.998496 0.050922 -0.020311 -0.050889 -0.998702 -0.002132 -0.020393 -0.001095 0.999791
1732024199037007616.000000 -2348.088623 179.302307 210.169189 -0.998469 0.052239 -0.018174 -0.052175 -0.998630 -0.004028 -0.018359 -0.003074 0.999827
1732024199070347520.000000 -2348.119873 179.702957 213.622803 -0.998452 0.052484 -0.018409 -0.052382 -0.998609 -0.005971 -0.018696 -0.004998 0.999813
1732024199103687424.000000 -2348.336182 181.226257 221.795135 -0.998351 0.055934 -0.012949 -0.055818 -0.998399 -0.009134 -0.013439 -0.008396 0.999874
1732024199137027328.000000 -2348.640381 182.120636 228.565155 -0.998405 0.055180 -0.011912 -0.055076 -0.998443 -0.008871 -0.012382 -0.008201 0.999890
1732024199170367232.000000 -2349.041504 183.579422 236.285156 -0.998500 0.053685 -0.010744 -0.053550 -0.998487 -0.012459 -0.011396 -0.011865 0.999865
1732024199203706880.000000 -2349.746094 185.884918 247.128448 -0.998599 0.052476 -0.006824 -0.052372 -0.998521 -0.014622 -0.007581 -0.014244 0.999870
1732024199237047040.000000 -2350.247314 187.918549 255.662842 -0.998598 0.052642 -0.005561 -0.052545 -0.998485 -0.016354 -0.006414 -0.016039 0.999851
1732024199270386688.000000 -2351.441162 189.511917 264.935150 -0.998293 0.057865 -0.007883 -0.057760 -0.998247 -0.012911 -0.008617 -0.012434 0.999886
1732024199303726592.000000 -2352.188477 191.955505 276.872650 -0.998301 0.057987 -0.005773 -0.057902 -0.998224 -0.013992 -0.006574 -0.013634 0.999885
1732024199337066240.000000 -2352.902588 193.905289 286.236633 -0.998311 0.057822 -0.005555 -0.057727 -0.998204 -0.016034 -0.006473 -0.015686 0.999856
1732024199370406144.000000 -2353.447998 196.269608 295.999146 -0.998275 0.058632 -0.003090 -0.058574 -0.998148 -0.016409 -0.004046 -0.016200 0.999861
1732024199403745536.000000 -2353.962646 198.416306 308.618866 -0.998330 0.057701 -0.002922 -0.057626 -0.998114 -0.021152 -0.004137 -0.020949 0.999772
1732024199437084416.000000 -2354.075928 200.171875 318.364777 -0.998395 0.056570 -0.002692 -0.056484 -0.998079 -0.025472 -0.004128 -0.025279 0.999672
1732024199470424064.000000 -2354.301270 201.991165 328.394928 -0.998374 0.057009 -0.000165 -0.056984 -0.998014 -0.026847 -0.001695 -0.026794 0.999640
1732024199503763712.000000 -2354.340576 204.096436 341.892426 -0.998379 0.056882 0.002173 -0.056922 -0.997920 -0.030250 0.000447 -0.030324 0.999540
1732024199537103360.000000 -2354.568848 205.763580 352.459808 -0.998401 0.056510 0.001742 -0.056537 -0.997815 -0.034182 -0.000194 -0.034226 0.999414
1732024199570443008.000000 -2354.692627 207.480591 363.541534 -0.998420 0.056191 -0.000346 -0.056142 -0.997774 -0.035983 -0.002367 -0.035907 0.999352
1732024199603782400.000000 -2354.705811 209.426239 378.887360 -0.998356 0.057299 -0.001450 -0.057222 -0.997826 -0.032692 -0.003321 -0.032555 0.999464
1732024199637122048.000000 -2354.665283 211.238770 390.851990 -0.998271 0.058660 -0.003677 -0.058526 -0.997847 -0.029607 -0.005406 -0.029341 0.999555
1732024199670461696.000000 -2354.467529 212.944519 403.111572 -0.998115 0.061060 -0.006179 -0.060890 -0.997838 -0.024729 -0.007675 -0.024307 0.999675
1732024199703801344.000000 -2353.668945 214.888153 419.572357 -0.997788 0.065793 -0.009530 -0.065579 -0.997621 -0.021266 -0.010906 -0.020594 0.999728
1732024199737140736.000000 -2353.270020 216.308258 432.139740 -0.997480 0.069987 -0.011647 -0.069732 -0.997344 -0.021009 -0.013086 -0.020144 0.999711
1732024199770480128.000000 -2352.434814 217.565491 445.028534 -0.997338 0.072090 -0.010953 -0.071936 -0.997312 -0.013921 -0.011927 -0.013096 0.999843
1732024199803819776.000000 -2351.317627 219.564255 461.362549 -0.997143 0.074907 -0.009774 -0.074817 -0.997154 -0.009246 -0.010439 -0.008488 0.999909
1732024199837160704.000000 -2350.368896 221.286118 473.554535 -0.997025 0.076109 -0.012212 -0.076031 -0.997083 -0.006742 -0.012689 -0.005793 0.999903
1732024199870501120.000000 -2349.284424 222.650223 485.946106 -0.997146 0.074819 -0.010139 -0.074799 -0.997196 -0.002354 -0.010287 -0.001589 0.999946
1732024199903842304.000000 -2347.951904 224.997070 501.896729 -0.997273 0.073020 -0.010718 -0.073040 -0.997328 0.001508 -0.010580 0.002287 0.999941
1732024199937183488.000000 -2346.952881 226.424026 514.026978 -0.997401 0.071285 -0.010456 -0.071298 -0.997455 0.000914 -0.010364 0.001657 0.999945
1732024199970524672.000000 -2346.183350 227.660797 526.475769 -0.997475 0.069992 -0.012020 -0.069952 -0.997543 -0.003725 -0.012252 -0.002875 0.999921
1732024200003865600.000000 -2345.318115 229.220047 543.177795 -0.997608 0.067626 -0.014325 -0.067435 -0.997633 -0.013462 -0.015202 -0.012464 0.999807
1732024200037206784.000000 -2344.868408 230.294495 555.472046 -0.997746 0.065220 -0.015818 -0.064874 -0.997662 -0.021477 -0.017182 -0.020403 0.999644
1732024200070547712.000000 -2344.453613 231.485123 567.879578 -0.997752 0.064828 -0.016994 -0.064336 -0.997534 -0.028040 -0.018770 -0.026884 0.999462
1732024200103889152.000000 -2344.349854 232.874832 583.823425 -0.997700 0.064890 -0.019614 -0.064246 -0.997427 -0.031824 -0.021628 -0.030491 0.999301
1732024200137230080.000000 -2344.402588 234.002686 595.328003 -0.997590 0.065768 -0.022104 -0.065014 -0.997330 -0.033263 -0.024233 -0.031746 0.999202
1732024200170571264.000000 -2344.421875 235.207870 606.434387 -0.997563 0.065957 -0.022773 -0.065285 -0.997442 -0.029109 -0.024634 -0.027551 0.999317
1732024200203912448.000000 -2345.396484 236.304916 621.559204 -0.997436 0.065419 -0.029017 -0.064627 -0.997532 -0.027447 -0.030741 -0.025501 0.999202
1732024200237253632.000000 -2346.195312 237.143433 632.384399 -0.997576 0.063942 -0.027434 -0.063390 -0.997778 -0.020526 -0.028686 -0.018738 0.999413
1732024200270594816.000000 -2346.560303 238.293198 643.495544 -0.997773 0.061280 -0.026353 -0.060860 -0.998011 -0.016459 -0.027309 -0.014819 0.999517
1732024200303934720.000000 -2347.866943 239.496231 658.191833 -0.998027 0.057120 -0.026078 -0.056868 -0.998329 -0.010306 -0.026624 -0.008803 0.999607
1732024200337275904.000000 -2348.736328 240.534760 669.214661 -0.998372 0.052095 -0.023247 -0.051964 -0.998630 -0.006175 -0.023536 -0.004957 0.999711
1732024200370616832.000000 -2349.445801 241.457581 680.341370 -0.998658 0.048126 -0.019144 -0.048095 -0.998841 -0.002033 -0.019219 -0.001109 0.999815
1732024200403958016.000000 -2350.471924 242.853928 695.324097 -0.998962 0.042999 -0.015007 -0.043004 -0.999075 0.000054 -0.014991 0.000699 0.999887
1732024200437298944.000000 -2351.280762 244.090347 706.050842 -0.999132 0.039996 -0.011672 -0.040031 -0.999195 0.002810 -0.011551 0.003275 0.999928
1732024200470640128.000000 -2351.914795 245.393753 716.400452 -0.999248 0.037771 -0.008749 -0.037807 -0.999277 0.003973 -0.008593 0.004301 0.999954
1732024200503981312.000000 -2352.233398 247.547455 729.717529 -0.999350 0.035957 -0.002499 -0.035972 -0.999331 0.006526 -0.002263 0.006611 0.999976
1732024200537322240.000000 -2353.508057 248.745377 739.665039 -0.999395 0.034774 -0.000131 -0.034774 -0.999384 0.004761 0.000035 0.004763 0.999989
1732024200570663424.000000 -2353.428467 249.535950 748.249817 -0.999168 0.038628 0.013099 -0.038436 -0.999155 0.014566 0.013651 0.014050 0.999808
1732024200604004352.000000 -2353.668701 251.564484 760.233765 -0.999242 0.036190 0.014363 -0.036023 -0.999282 0.011707 0.014777 0.011181 0.999828
1732024200637345536.000000 -2353.904785 253.168930 768.483521 -0.999211 0.035315 0.018171 -0.035099 -0.999311 0.012064 0.018585 0.011417 0.999762
1732024200670686464.000000 -2354.279297 254.777206 776.603271 -0.999168 0.035698 0.019698 -0.035508 -0.999320 0.009926 0.020039 0.009218 0.999757
1732024200704027648.000000 -2354.534180 256.700134 786.675232 -0.999236 0.034496 0.018362 -0.034396 -0.999392 0.005724 0.018549 0.005088 0.999815
1732024200737368576.000000 -2354.739746 257.929962 793.349792 -0.999225 0.034843 0.018303 -0.034784 -0.999389 0.003519 0.018415 0.002880 0.999826
1732024200770708480.000000 -2354.788574 259.025970 799.035645 -0.999240 0.034819 0.017518 -0.034765 -0.999390 0.003386 0.017625 0.002774 0.999841
1732024200804049408.000000 -2355.153076 260.365967 805.380493 -0.999151 0.037142 0.017834 -0.037047 -0.999298 0.005621 0.018031 0.004956 0.999825
1732024200837389824.000000 -2355.392090 261.102600 809.082703 -0.999150 0.038483 0.014776 -0.038438 -0.999255 0.003320 0.014893 0.002749 0.999885
1732024200870730240.000000 -2355.629639 261.775696 811.186890 -0.999150 0.039012 0.013294 -0.038981 -0.999237 0.002585 0.013385 0.002064 0.999908
1732024200904070400.000000 -2355.956299 262.419037 811.972473 -0.999162 0.039695 0.009973 -0.039690 -0.999212 0.000682 0.009992 0.000285 0.999950
1732024200937410560.000000 -2356.093506 263.086304 810.368103 -0.999181 0.039240 0.009861 -0.039204 -0.999224 0.003871 0.010005 0.003481 0.999944
1732024200970750976.000000 -2356.250488 263.187744 806.846130 -0.999191 0.038755 0.010702 -0.038681 -0.999227 0.007002 0.010965 0.006583 0.999918
1732024201004091136.000000 -2356.186768 263.102173 800.198730 -0.999285 0.036368 0.010317 -0.036300 -0.999318 0.006760 0.010555 0.006380 0.999924
1732024201037431552.000000 -2356.111816 262.624359 793.923157 -0.999377 0.034553 0.007199 -0.034508 -0.999385 0.006281 0.007412 0.006028 0.999954
1732024201070771456.000000 -2356.151367 261.941467 786.141113 -0.999337 0.034741 0.010875 -0.034629 -0.999347 0.010321 0.011226 0.009937 0.999888
1732024201104111872.000000 -2355.702637 260.221741 774.212402 -0.999325 0.035115 0.010826 -0.035000 -0.999331 0.010576 0.011190 0.010190 0.999885
1732024201137451776.000000 -2355.439209 258.906555 764.286682 -0.999232 0.037135 0.012471 -0.036969 -0.999228 0.013266 0.012954 0.012795 0.999834
1732024201170792448.000000 -2354.875244 257.402130 753.469177 -0.999091 0.039818 0.015208 -0.039527 -0.999039 0.018946 0.015948 0.018328 0.999705
1732024201204131328.000000 -2354.324219 255.134781 738.240845 -0.999011 0.041749 0.015305 -0.041342 -0.998806 0.026022 0.016373 0.025363 0.999544
1732024201237471488.000000 -2353.898193 253.511932 726.169434 -0.998958 0.042533 0.016523 -0.042010 -0.998641 0.030838 0.017812 0.030111 0.999388
1732024201270811904.000000 -2353.478760 251.789612 713.279236 -0.998916 0.042545 0.018899 -0.041819 -0.998430 0.037279 0.020455 0.036448 0.999126
1732024201304151808.000000 -2353.022461 249.229065 695.030273 -0.998700 0.044296 0.025221 -0.043066 -0.997948 0.047374 0.027268 0.046227 0.998559
1732024201337491968.000000 -2352.777588 247.201355 680.856384 -0.998614 0.045697 0.026100 -0.044333 -0.997732 0.050650 0.028356 0.049422 0.998375
1732024201370831872.000000 -2352.739990 245.167603 666.403564 -0.998457 0.048544 0.026962 -0.047076 -0.997504 0.052621 0.029449 0.051271 0.998250
1732024201404172288.000000 -2352.722656 242.075790 646.255920 -0.998316 0.050183 0.029100 -0.048585 -0.997399 0.053245 0.031697 0.051741 0.998157
1732024201437512192.000000 -2352.854736 239.934570 631.475830 -0.998264 0.051880 0.027895 -0.050398 -0.997403 0.051458 0.030492 0.049963 0.998286
1732024201470852352.000000 -2352.970703 237.675247 616.801025 -0.998174 0.053124 0.028735 -0.051670 -0.997454 0.049156 0.031273 0.047582 0.998378
1732024201504192256.000000 -2353.156250 234.730469 597.350281 -0.998195 0.052857 0.028519 -0.051563 -0.997684 0.044371 0.030798 0.042821 0.998608
1732024201537532672.000000 -2353.285645 232.549011 582.662720 -0.998195 0.052783 0.028662 -0.051523 -0.997743 0.043055 0.030870 0.041500 0.998662
1732024201570872576.000000 -2353.259766 230.473679 567.798340 -0.998109 0.052769 0.031522 -0.051358 -0.997711 0.043994 0.033771 0.042292 0.998534
1732024201604212736.000000 -2352.994873 228.032761 547.876282 -0.998222 0.051195 0.030532 -0.049788 -0.997737 0.045179 0.032776 0.043579 0.998512
1732024201637551872.000000 -2353.250732 226.869980 532.979370 -0.998789 0.044100 0.021803 -0.043151 -0.998176 0.042223 0.023626 0.041231 0.998870
1732024201670892032.000000 -2352.951416 225.241745 517.445923 -0.998905 0.042295 0.020010 -0.041380 -0.998169 0.044117 0.021839 0.043240 0.998826
1732024201704231680.000000 -2352.432617 223.029160 496.668915 -0.998926 0.042330 0.018841 -0.041388 -0.997997 0.047846 0.020828 0.047014 0.998677
1732024201737571840.000000 -2352.313965 221.642822 481.192596 -0.999014 0.040794 0.017522 -0.039923 -0.998075 0.047458 0.019424 0.046712 0.998720
1732024201770912000.000000 -2352.070312 220.367859 465.738403 -0.999044 0.040266 0.016995 -0.039486 -0.998252 0.043982 0.018736 0.043269 0.998888
1732024201804251648.000000 -2351.693115 218.398743 445.397675 -0.999042 0.039242 0.019367 -0.038407 -0.998389 0.041760 0.020975 0.040977 0.998940
1732024201837592320.000000 -2351.405762 217.123459 430.991364 -0.999000 0.040242 0.019487 -0.039500 -0.998532 0.037053 0.020949 0.036246 0.999123
1732024201870932736.000000 -2351.268311 215.899246 416.440704 -0.999041 0.040349 0.016983 -0.039804 -0.998717 0.031310 0.018224 0.030604 0.999365
1732024201904273408.000000 -2351.041504 214.023682 398.023376 -0.999027 0.040263 0.018015 -0.039787 -0.998868 0.026061 0.019044 0.025318 0.999498
1732024201937613824.000000 -2351.182861 212.754089 384.860352 -0.999025 0.041047 0.016249 -0.040682 -0.998926 0.022191 0.017142 0.021509 0.999622
1732024201970954496.000000 -2351.505127 211.511230 371.975403 -0.999054 0.041908 0.011639 -0.041688 -0.998959 0.018545 0.012404 0.018043 0.999760
1732024202004294912.000000 -2351.920898 210.222214 355.345337 -0.998904 0.045939 0.009016 -0.045764 -0.998778 0.018667 0.009863 0.018233 0.999785
1732024202037635328.000000 -2352.017578 209.287292 343.504852 -0.998744 0.049198 0.009486 -0.049022 -0.998637 0.017903 0.010354 0.017415 0.999795
1732024202070975744.000000 -2352.104004 208.491974 331.940369 -0.998672 0.051370 0.003859 -0.051342 -0.998656 0.007073 0.004217 0.006865 0.999968
1732024202104315392.000000 -2352.956787 207.473679 317.293549 -0.998587 0.053084 0.002550 -0.053063 -0.998563 0.007546 0.002947 0.007400 0.999968
1732024202137655552.000000 -2353.314697 206.822510 306.672180 -0.998431 0.055995 0.000167 -0.055994 -0.998421 0.004437 0.000415 0.004421 0.999990
1732024202170996224.000000 -2354.318115 206.151917 296.325653 -0.998321 0.057844 -0.003098 -0.057862 -0.998305 0.006203 -0.002734 0.006372 0.999976
1732024202204336384.000000 -2355.237549 205.447479 283.191559 -0.998120 0.061115 -0.004653 -0.061141 -0.998113 0.005596 -0.004302 0.005870 0.999974
1732024202237676800.000000 -2356.077148 204.809723 273.732422 -0.998135 0.060625 -0.007180 -0.060635 -0.998159 0.001250 -0.007091 0.001683 0.999973
1732024202271017216.000000 -2356.876953 204.037994 264.657806 -0.998197 0.059612 -0.007026 -0.059587 -0.998216 -0.003732 -0.007236 -0.003307 0.999968
1732024202304357888.000000 -2357.015137 204.079651 252.701233 -0.998658 0.051777 -0.001160 -0.051769 -0.998643 -0.005740 -0.001455 -0.005672 0.999983
1732024202337698048.000000 -2357.467041 203.177856 244.597992 -0.998799 0.048954 -0.002040 -0.048931 -0.998753 -0.009950 -0.002524 -0.009838 0.999948
1732024202371038464.000000 -2357.944824 202.275940 237.156342 -0.998849 0.047954 0.000916 -0.047962 -0.998761 -0.013290 0.000278 -0.013319 0.999911
1732024202404378624.000000 -2358.356201 201.471771 228.118790 -0.998993 0.044823 0.001986 -0.044850 -0.998846 -0.017174 0.001214 -0.017245 0.999851
1732024202437719040.000000 -2358.619629 201.292007 222.224884 -0.999073 0.042947 0.003091 -0.043004 -0.998847 -0.021316 0.002172 -0.021429 0.999768
1732024202471059200.000000 -2358.918457 200.732422 216.677963 -0.999185 0.039911 0.006013 -0.040029 -0.998982 -0.020819 0.005176 -0.021042 0.999765
1732024202504399872.000000 -2359.101807 200.385269 210.468704 -0.999323 0.036046 0.007365 -0.036181 -0.999163 -0.019072 0.006672 -0.019325 0.999791
1732024202537739008.000000 -2359.334717 200.544464 206.886307 -0.999378 0.034014 0.009354 -0.034157 -0.999294 -0.015666 0.008815 -0.015975 0.999834
1732024202571079424.000000 -2359.856445 200.088882 203.559586 -0.999441 0.032071 0.009423 -0.032221 -0.999348 -0.016263 0.008895 -0.016557 0.999823
1732024202604419584.000000 -2360.522217 200.021881 200.402634 -0.999547 0.029142 0.007547 -0.029247 -0.999472 -0.014124 0.007131 -0.014338 0.999872
1732024202637759744.000000 -2361.089600 200.875763 199.808563 -0.999370 0.033677 0.011218 -0.033883 -0.999250 -0.018720 0.010580 -0.019088 0.999762
1732024202671100160.000000 -2361.526855 201.514404 200.057770 -0.999318 0.034925 0.011995 -0.035155 -0.999192 -0.019506 0.011304 -0.019914 0.999738
1732024202704440320.000000 -2362.384277 202.306152 202.214386 -0.999308 0.035627 0.010691 -0.035859 -0.999107 -0.022359 0.009885 -0.022727 0.999693
1732024202737780480.000000 -2363.061768 203.236298 205.623352 -0.999237 0.037708 0.010187 -0.037936 -0.999010 -0.023223 0.009301 -0.023592 0.999678
1732024202771120896.000000 -2363.805664 204.021652 210.059830 -0.999038 0.042293 0.011608 -0.042572 -0.998784 -0.024882 0.010541 -0.025352 0.999623
1732024202804461312.000000 -2364.352539 205.877350 218.639664 -0.998853 0.046525 0.011354 -0.046837 -0.998482 -0.028993 0.009988 -0.029492 0.999515
1732024202837803008.000000 -2364.507080 207.026535 226.133041 -0.998831 0.047067 0.010984 -0.047394 -0.998373 -0.031702 0.009474 -0.032185 0.999437
1732024202871144192.000000 -2364.866943 208.805008 234.878754 -0.998694 0.049896 0.010993 -0.050228 -0.998214 -0.032349 0.009360 -0.032859 0.999416
1732024202904485888.000000 -2365.935303 210.680130 247.897842 -0.998395 0.056241 0.006608 -0.056413 -0.997963 -0.029799 0.004919 -0.030124 0.999534
1732024202937827072.000000 -2366.164062 212.820190 258.355774 -0.998394 0.056596 0.002472 -0.056645 -0.997909 -0.031120 0.000706 -0.031210 0.999513
1732024202971167744.000000 -2366.080078 213.928589 267.871857 -0.998596 0.052839 -0.003690 -0.052735 -0.998315 -0.024197 -0.004962 -0.023968 0.999700
1732024203004509184.000000 -2365.630615 216.835770 282.076355 -0.998589 0.052917 -0.004464 -0.052791 -0.998300 -0.024701 -0.005763 -0.024431 0.999685
1732024203037850880.000000 -2365.209229 218.782944 292.684387 -0.998619 0.052444 -0.003221 -0.052351 -0.998339 -0.024057 -0.004477 -0.023855 0.999705
1732024203071192576.000000 -2364.369629 220.227921 302.968719 -0.998783 0.049084 -0.004830 -0.048932 -0.998419 -0.027654 -0.006180 -0.027384 0.999606
1732024203104534016.000000 -2363.470215 222.324005 316.934845 -0.998944 0.045811 -0.003485 -0.045684 -0.998490 -0.030492 -0.004877 -0.030301 0.999529
1732024203137875456.000000 -2362.804199 223.892654 327.367798 -0.999018 0.044243 -0.002194 -0.044144 -0.998452 -0.033827 -0.003687 -0.033697 0.999425
