1731926631026202880.000000 -2482.626465 110.576614 141.562653 0.999813 -0.016959 0.009241 0.016902 0.999838 0.006179 -0.009345 -0.006022 0.999938 
1731926631059538944.000000 -2482.627441 110.572472 141.569763 0.999816 -0.016883 0.009102 0.016827 0.999839 0.006149 -0.009204 -0.005994 0.999940 
1731926631092872192.000000 -2482.658203 110.980865 141.803055 0.999828 -0.014628 0.011379 0.014573 0.999882 0.004858 -0.011449 -0.004691 0.999923 
1731926631126203136.000000 -2482.634521 110.843079 141.748672 0.999826 -0.015177 0.010825 0.015121 0.999872 0.005218 -0.010903 -0.005054 0.999928 
1731926631159531776.000000 -2482.628174 110.866501 141.741196 0.999825 -0.015225 0.010849 0.015168 0.999871 0.005247 -0.010928 -0.005081 0.999927 
1731926631192858112.000000 -2482.633057 110.840950 141.748398 0.999825 -0.015259 0.010795 0.015205 0.999871 0.005115 -0.010872 -0.004950 0.999929 
1731926631226181888.000000 -2482.633545 110.842484 141.738190 0.999826 -0.015246 0.010794 0.015191 0.999872 0.005110 -0.010870 -0.004945 0.999929 
1731926631259503360.000000 -2482.641113 110.399796 141.429489 0.999834 -0.013115 0.012658 0.013076 0.999910 0.003137 -0.012698 -0.002971 0.999915 
1731926631292822528.000000 -2482.608398 110.137901 141.223618 0.999846 -0.013385 0.011356 0.013382 0.999910 0.000374 -0.011360 -0.000222 0.999935 
1731926631326139136.000000 -2482.634766 110.120148 141.245148 0.999843 -0.013455 0.011562 0.013453 0.999909 0.000246 -0.011564 -0.000091 0.999933 
1731926631359453440.000000 -2482.543457 109.397682 140.754974 0.999863 -0.014020 0.008790 0.014091 0.999868 -0.008065 -0.008676 0.008187 0.999929 
1731926631392764160.000000 -2482.550537 109.397530 140.745956 0.999865 -0.014066 0.008501 0.014136 0.999866 -0.008245 -0.008384 0.008364 0.999930 
1731926631426073856.000000 -2482.532959 109.268166 140.631882 0.999830 -0.017853 0.004710 0.017892 0.999805 -0.008323 -0.004561 0.008406 0.999954 
1731926631459380736.000000 -2482.578857 109.655136 140.865799 0.999855 -0.015572 0.006875 0.015638 0.999830 -0.009772 -0.006721 0.009878 0.999929 
1731926631492685312.000000 -2482.617188 109.868507 140.968491 0.999859 -0.015168 0.007144 0.015237 0.999837 -0.009673 -0.006996 0.009781 0.999928 
1731926631525987584.000000 -2482.659180 110.144279 141.117828 0.999862 -0.014613 0.007877 0.014690 0.999843 -0.009905 -0.007731 0.010019 0.999920 
1731926631559287296.000000 -2482.658936 110.560898 141.388977 0.999845 -0.016581 0.005969 0.016626 0.999833 -0.007649 -0.005841 0.007747 0.999953 
1731926631592584960.000000 -2482.681641 110.860825 141.528107 0.999863 -0.014914 0.007229 0.014979 0.999847 -0.009038 -0.007093 0.009145 0.999933 
1731926631625880064.000000 -2482.696045 110.832130 141.566086 0.999861 -0.014940 0.007343 0.015005 0.999848 -0.008873 -0.007209 0.008982 0.999934 
1731926631659173376.000000 -2482.706543 110.841431 141.561462 0.999861 -0.015036 0.007224 0.015100 0.999848 -0.008772 -0.007091 0.008880 0.999935 
1731926631692454144.000000 -2482.707764 110.416847 141.262589 0.999873 -0.012832 0.009430 0.012933 0.999858 -0.010765 -0.009291 0.010885 0.999898 
1731926631725731328.000000 -2482.728027 110.603508 141.438934 0.999858 -0.011012 0.012714 0.011074 0.999927 -0.004820 -0.012660 0.004960 0.999908 
1731926631759005184.000000 -2482.667725 110.156944 141.120773 0.999877 -0.011564 0.010630 0.011667 0.999885 -0.009677 -0.010517 0.009800 0.999897 
1731926631792275968.000000 -2482.668213 110.564903 141.429413 0.999867 -0.013632 0.008997 0.013697 0.999881 -0.007130 -0.008898 0.007252 0.999934 
1731926631825541888.000000 -2482.667969 110.578506 141.426712 0.999867 -0.013697 0.008850 0.013759 0.999881 -0.006975 -0.008754 0.007096 0.999937 
1731926631858805760.000000 -2482.793457 111.768486 142.211456 0.999831 -0.012061 0.013901 0.012007 0.999920 0.003952 -0.013947 -0.003784 0.999896 
1731926631892066304.000000 -2482.821533 111.776314 142.213547 0.999832 -0.012340 0.013541 0.012297 0.999919 0.003300 -0.013580 -0.003133 0.999903 
1731926631925323264.000000 -2482.814697 111.775940 142.206924 0.999830 -0.011863 0.014124 0.011811 0.999923 0.003781 -0.014168 -0.003613 0.999893 
1731926631958576896.000000 -2482.791016 111.740242 142.219910 0.999833 -0.011558 0.014181 0.011504 0.999926 0.003946 -0.014226 -0.003782 0.999892 
1731926631991827200.000000 -2482.785156 111.795311 142.209900 0.999831 -0.011871 0.014056 0.011819 0.999923 0.003736 -0.014099 -0.003569 0.999894 
1731926632025073920.000000 -2482.710449 111.256737 141.961258 0.999832 -0.012996 0.012908 0.012950 0.999909 0.003677 -0.012955 -0.003510 0.999910 
1731926632058317312.000000 -2482.658691 110.965965 141.807007 0.999827 -0.014671 0.011445 0.014619 0.999882 0.004625 -0.011512 -0.004457 0.999924 
1731926632091557376.000000 -2482.659424 110.976006 141.803879 0.999827 -0.014555 0.011544 0.014500 0.999883 0.004824 -0.011613 -0.004656 0.999922 
1731926632124794368.000000 -2482.649170 110.966995 141.818405 0.999827 -0.014656 0.011491 0.014602 0.999882 0.004777 -0.011560 -0.004608 0.999923 
1731926632158027520.000000 -2482.681396 110.942558 141.806580 0.999829 -0.014568 0.011368 0.014516 0.999884 0.004680 -0.011435 -0.004514 0.999924 
1731926632191257600.000000 -2482.687012 110.813698 141.671951 0.999839 -0.014651 0.010341 0.014633 0.999891 0.001811 -0.010367 -0.001660 0.999945 
1731926632224483840.000000 -2482.684570 110.798691 141.673325 0.999839 -0.014623 0.010445 0.014603 0.999891 0.001992 -0.010473 -0.001839 0.999943 
1731926632257707008.000000 -2482.643555 110.667580 141.595596 0.999838 -0.014918 0.010041 0.014900 0.999887 0.001847 -0.010068 -0.001697 0.999948 
1731926632290925824.000000 -2482.657227 110.651588 141.598618 0.999840 -0.014864 0.009967 0.014847 0.999888 0.001797 -0.009992 -0.001649 0.999949 
1731926632324142336.000000 -2482.624268 110.501266 141.502701 0.999832 -0.012720 0.013218 0.012683 0.999915 0.002916 -0.013254 -0.002748 0.999908 
1731926632357355264.000000 -2482.602783 110.285599 141.371658 0.999822 -0.011541 0.014920 0.011474 0.999924 0.004586 -0.014972 -0.004414 0.999878 
1731926632390564864.000000 -2482.605469 110.307999 141.384766 0.999823 -0.011486 0.014887 0.011420 0.999925 0.004509 -0.014938 -0.004338 0.999879 
1731926632423771392.000000 -2482.581055 109.937988 141.150986 0.999821 -0.013760 0.012946 0.013682 0.999888 0.006097 -0.013029 -0.005919 0.999898 
1731926632456974336.000000 -2482.576416 110.193687 141.320084 0.999821 -0.012178 0.014499 0.012105 0.999914 0.005071 -0.014559 -0.004895 0.999882 
1731926632490173696.000000 -2482.604248 109.770531 141.053909 0.999784 -0.010032 0.018214 0.009873 0.999913 0.008755 -0.018300 -0.008574 0.999796 
1731926632523369472.000000 -2482.578369 110.206093 141.328094 0.999821 -0.012146 0.014520 0.012077 0.999915 0.004864 -0.014578 -0.004688 0.999883 
1731926632556562176.000000 -2482.570557 110.215889 141.322739 0.999822 -0.012125 0.014438 0.012055 0.999915 0.004918 -0.014497 -0.004743 0.999884 
1731926632589751808.000000 -2482.588379 110.216049 141.329529 0.999821 -0.011606 0.014953 0.011540 0.999924 0.004447 -0.015004 -0.004273 0.999878 
1731926632622937600.000000 -2482.573730 110.163132 141.255478 0.999823 -0.011797 0.014652 0.011732 0.999921 0.004466 -0.014704 -0.004293 0.999883 
1731926632656121856.000000 -2482.547119 109.814171 141.060989 0.999823 -0.012489 0.014071 0.012425 0.999912 0.004623 -0.014127 -0.004447 0.999890 
1731926632689466624.000000 -2482.556641 109.714310 141.009598 0.999784 -0.009702 0.018369 0.009553 0.999921 0.008143 -0.018447 -0.007966 0.999798 
1731926632722810624.000000 -2482.584229 110.041595 141.187683 0.999831 -0.013763 0.012207 0.013728 0.999901 0.002948 -0.012246 -0.002780 0.999921 
1731926632756155648.000000 -2482.607422 110.055168 141.220581 0.999847 -0.013111 0.011616 0.013114 0.999914 -0.000154 -0.011613 0.000306 0.999933 
1731926632789500928.000000 -2482.602783 110.732231 141.676331 0.999823 -0.015847 0.010184 0.015791 0.999860 0.005548 -0.010270 -0.005386 0.999933 
1731926632822846208.000000 -2482.607422 110.155357 141.271378 0.999831 -0.016020 0.009010 0.016001 0.999870 0.002210 -0.009044 -0.002065 0.999957 
1731926632856191488.000000 -2482.584473 110.432030 141.440689 0.999824 -0.015894 0.009944 0.015846 0.999862 0.004883 -0.010020 -0.004725 0.999939 
1731926632889536768.000000 -2482.540039 109.938812 141.171494 0.999800 -0.018599 0.007342 0.018548 0.999804 0.006939 -0.007470 -0.006801 0.999949 
1731926632922882304.000000 -2482.536621 109.923836 141.144653 0.999799 -0.018664 0.007317 0.018611 0.999801 0.007139 -0.007449 -0.007001 0.999948 
1731926632956227840.000000 -2482.496826 109.812744 141.061829 0.999782 -0.019982 0.006008 0.019937 0.999773 0.007535 -0.006157 -0.007414 0.999954 
1731926632989573120.000000 -2482.518311 109.731575 141.067902 0.999788 -0.019623 0.006161 0.019575 0.999779 0.007725 -0.006312 -0.007603 0.999951 
1731926633022918912.000000 -2482.491943 109.766342 141.046310 0.999786 -0.019745 0.006121 0.019697 0.999776 0.007702 -0.006272 -0.007579 0.999952 
1731926633056264704.000000 -2482.503418 110.099388 141.304077 0.999797 -0.018844 0.007168 0.018790 0.999794 0.007645 -0.007310 -0.007508 0.999945 
1731926633089610240.000000 -2482.511230 110.090416 141.288834 0.999798 -0.018837 0.007049 0.018783 0.999794 0.007731 -0.007193 -0.007597 0.999945 
1731926633122956032.000000 -2482.509766 110.085693 141.285873 0.999797 -0.018837 0.007117 0.018782 0.999794 0.007731 -0.007262 -0.007596 0.999945 
1731926633156301056.000000 -2482.512207 110.095833 141.279816 0.999797 -0.018853 0.007114 0.018798 0.999794 0.007678 -0.007257 -0.007543 0.999945 
1731926633189646848.000000 -2482.511475 110.102898 141.263046 0.999797 -0.018953 0.006911 0.018901 0.999793 0.007496 -0.007051 -0.007364 0.999948 
1731926633222992896.000000 -2482.566895 110.244202 141.378815 0.999799 -0.018622 0.007395 0.018566 0.999799 0.007521 -0.007533 -0.007382 0.999944 
1731926633256338944.000000 -2482.549561 110.269440 141.383560 0.999799 -0.018618 0.007373 0.018563 0.999800 0.007403 -0.007510 -0.007264 0.999945 
1731926633289684992.000000 -2482.564941 110.258209 141.399597 0.999801 -0.018452 0.007609 0.018393 0.999801 0.007671 -0.007749 -0.007530 0.999942 
1731926633323031296.000000 -2482.550293 110.280670 141.378708 0.999801 -0.018525 0.007374 0.018468 0.999800 0.007686 -0.007515 -0.007549 0.999943 
1731926633356377856.000000 -2482.550049 110.278015 141.389328 0.999801 -0.018533 0.007355 0.018478 0.999801 0.007497 -0.007492 -0.007360 0.999945 
1731926633389723904.000000 -2482.549072 109.996216 141.184326 0.999804 -0.018780 0.006252 0.018750 0.999813 0.004755 -0.006341 -0.004637 0.999969 
1731926633423070464.000000 -2482.594238 110.444199 141.456390 0.999803 -0.018253 0.007821 0.018194 0.999806 0.007556 -0.007957 -0.007413 0.999941 
1731926633456416768.000000 -2482.598389 110.118652 141.258820 0.999809 -0.018410 0.006535 0.018380 0.999820 0.004660 -0.006620 -0.004539 0.999968 
1731926633489763328.000000 -2482.557129 110.263748 141.391037 0.999801 -0.018519 0.007384 0.018464 0.999801 0.007490 -0.007521 -0.007352 0.999945 
1731926633523109888.000000 -2482.562744 109.955368 141.183762 0.999803 -0.018818 0.006251 0.018789 0.999813 0.004594 -0.006337 -0.004476 0.999970 
1731926633556456448.000000 -2482.539062 109.978882 141.173843 0.999804 -0.018875 0.006019 0.018848 0.999812 0.004536 -0.006103 -0.004422 0.999972 
1731926633589803264.000000 -2482.530762 109.982048 141.151886 0.999803 -0.018911 0.006018 0.018884 0.999811 0.004561 -0.006103 -0.004447 0.999972 
1731926633623149056.000000 -2482.547363 109.981766 141.186615 0.999801 -0.018935 0.006210 0.018906 0.999810 0.004678 -0.006297 -0.004559 0.999970 
1731926633656495872.000000 -2482.556396 109.970963 141.190979 0.999803 -0.018897 0.006109 0.018869 0.999811 0.004722 -0.006197 -0.004606 0.999970 
1731926633689836032.000000 -2482.559570 110.265564 141.422852 0.999805 -0.018402 0.007098 0.018352 0.999807 0.007084 -0.007227 -0.006952 0.999950 
1731926633723176192.000000 -2482.576660 110.274841 141.387848 0.999801 -0.018528 0.007430 0.018471 0.999800 0.007641 -0.007570 -0.007503 0.999943 
1731926633756516352.000000 -2482.550781 109.997879 141.174210 0.999803 -0.018863 0.006101 0.018835 0.999812 0.004562 -0.006186 -0.004447 0.999971 
1731926633789856512.000000 -2482.556641 109.981682 141.143066 0.999804 -0.018904 0.005942 0.018877 0.999811 0.004624 -0.006028 -0.004511 0.999972 
1731926633823196416.000000 -2482.572266 109.964333 141.166595 0.999805 -0.018795 0.006058 0.018768 0.999814 0.004501 -0.006141 -0.004386 0.999972 
1731926633856536320.000000 -2482.573975 110.246490 141.391403 0.999802 -0.018536 0.007301 0.018479 0.999800 0.007682 -0.007442 -0.007545 0.999944 
1731926633889876480.000000 -2482.555908 109.980354 141.186676 0.999804 -0.018832 0.006051 0.018804 0.999813 0.004582 -0.006136 -0.004467 0.999971 
1731926633923216384.000000 -2482.575195 110.272659 141.377502 0.999800 -0.018531 0.007528 0.018473 0.999800 0.007709 -0.007669 -0.007569 0.999942 
1731926633956556032.000000 -2482.548096 109.980385 141.185654 0.999803 -0.018858 0.006272 0.018829 0.999812 0.004674 -0.006359 -0.004555 0.999969 
1731926633989895936.000000 -2482.549316 110.002579 141.167175 0.999803 -0.018876 0.006071 0.018848 0.999811 0.004664 -0.006158 -0.004549 0.999971 
1731926634023235840.000000 -2482.538330 109.972267 141.179047 0.999800 -0.019029 0.006187 0.019000 0.999808 0.004804 -0.006277 -0.004685 0.999969 
1731926634056574720.000000 -2482.565674 109.988365 141.170288 0.999803 -0.018912 0.006016 0.018883 0.999810 0.004744 -0.006104 -0.004630 0.999971 
1731926634089914624.000000 -2482.536377 109.959938 141.182877 0.999806 -0.018731 0.006171 0.018701 0.999814 0.004807 -0.006260 -0.004691 0.999969 
1731926634123254272.000000 -2482.421875 109.173576 140.691422 0.999724 -0.023437 0.001580 0.023424 0.999695 0.007804 -0.001763 -0.007765 0.999968 
1731926634156593920.000000 -2482.430176 109.178940 140.664642 0.999726 -0.023363 0.001515 0.023351 0.999698 0.007689 -0.001694 -0.007652 0.999969 
1731926634189933568.000000 -2482.351807 108.762764 140.379944 0.999764 -0.021495 0.003281 0.021475 0.999751 0.005997 -0.003409 -0.005925 0.999977 
1731926634223273472.000000 -2482.750000 108.201942 141.374878 0.999827 -0.018021 -0.004705 0.018021 0.999838 -0.000178 0.004707 0.000093 0.999989 
1731926634256613120.000000 -2482.746582 108.208687 141.367447 0.999823 -0.018186 -0.004842 0.018186 0.999835 -0.000018 0.004841 -0.000070 0.999988 
1731926634289952768.000000 -2482.763672 108.189301 141.357941 0.999824 -0.018184 -0.004663 0.018183 0.999835 -0.000217 0.004666 0.000132 0.999989 
1731926634323291904.000000 -2482.784424 108.184669 141.368668 0.999825 -0.018120 -0.004697 0.018121 0.999836 0.000077 0.004695 -0.000162 0.999989 
1731926634356631552.000000 -2482.756104 108.218323 141.360611 0.999824 -0.018194 -0.004593 0.018194 0.999834 0.000004 0.004592 -0.000087 0.999989 
1731926634389971200.000000 -2482.747314 107.866554 141.152786 0.999811 -0.018423 -0.006251 0.018404 0.999826 -0.003071 0.006307 0.002956 0.999976 
1731926634423310592.000000 -2482.775879 108.185890 141.369797 0.999822 -0.018250 -0.004798 0.018251 0.999833 0.000042 0.004796 -0.000129 0.999988 
1731926634456649984.000000 -2482.754639 107.887909 141.148987 0.999808 -0.018582 -0.006170 0.018565 0.999824 -0.002861 0.006222 0.002746 0.999977 
1731926634489988608.000000 -2482.779297 107.928680 141.192093 0.999810 -0.018512 -0.006110 0.018493 0.999824 -0.003059 0.006165 0.002945 0.999977 
1731926634523327744.000000 -2482.759521 107.937386 141.160583 0.999810 -0.018597 -0.005922 0.018580 0.999823 -0.002969 0.005976 0.002858 0.999978 
1731926634556667392.000000 -2482.796143 107.925247 141.166931 0.999810 -0.018508 -0.006040 0.018489 0.999824 -0.003181 0.006098 0.003068 0.999977 
1731926634590006272.000000 -2482.735352 108.061966 141.365204 0.999824 -0.018004 -0.005316 0.017983 0.999830 -0.004085 0.005388 0.003989 0.999978 
1731926634623345920.000000 -2482.661865 108.527054 141.986130 0.999842 -0.017423 -0.003576 0.017410 0.999842 -0.003608 0.003638 0.003545 0.999987 
1731926634656685056.000000 -2482.706055 108.545868 142.812576 0.999857 -0.016716 -0.002661 0.016694 0.999828 -0.008110 0.002796 0.008065 0.999964 
1731926634690025728.000000 -2482.598145 108.546127 144.507477 0.999886 -0.014706 -0.003358 0.014643 0.999729 -0.018119 0.003624 0.018068 0.999830 
1731926634723366656.000000 -2482.604492 107.398979 146.663437 0.999878 -0.013358 -0.008090 0.012965 0.998824 -0.046723 0.008705 0.046613 0.998875 
1731926634756707328.000000 -2482.734863 106.967705 151.268280 0.999877 -0.012265 -0.009730 0.011678 0.998235 -0.058231 0.010427 0.058111 0.998256 
1731926634790048000.000000 -2482.965088 108.845184 159.245178 0.999991 0.000013 0.004350 0.000224 0.998513 -0.054508 -0.004344 0.054509 0.998504 
1731926634823388928.000000 -2482.691650 106.703606 163.215805 0.999879 -0.015546 -0.000848 0.015522 0.999610 -0.023211 0.001209 0.023195 0.999730 
1731926634856729856.000000 -2482.603760 105.876389 171.685852 0.999773 -0.021092 -0.003000 0.021068 0.999747 -0.007870 0.003165 0.007805 0.999965 
1731926634890070528.000000 -2482.576416 106.075127 174.416565 0.999780 -0.020873 -0.001835 0.020861 0.999761 -0.006496 0.001971 0.006456 0.999977 
1731926634923411200.000000 -2482.280029 105.817520 185.835999 0.999650 -0.025840 -0.005654 0.025763 0.999579 -0.013319 0.005996 0.013169 0.999895 
1731926634956750848.000000 -2481.883789 107.337212 196.912689 0.999647 -0.026266 -0.004000 0.026180 0.999449 -0.020415 0.004534 0.020303 0.999784 
1731926634990091520.000000 -2481.364746 107.660507 208.178070 0.999622 -0.026944 -0.005518 0.026773 0.999221 -0.028995 0.006295 0.028836 0.999564 
1731926635023432192.000000 -2480.800049 106.775192 224.546188 0.999586 -0.027063 -0.009820 0.026583 0.998586 -0.046028 0.011051 0.045748 0.998892 
1731926635056772608.000000 -2480.288330 105.853615 238.601730 0.999504 -0.024945 -0.019208 0.023789 0.998020 -0.058228 0.020623 0.057742 0.998119 
1731926635090113536.000000 -2480.093018 105.591866 253.711029 0.999601 -0.022499 -0.017048 0.021494 0.998142 -0.057008 0.018299 0.056619 0.998228 
1731926635123454208.000000 -2479.873291 105.994186 274.197266 0.999711 -0.024027 -0.001268 0.023960 0.998950 -0.039048 0.002205 0.039006 0.999237 
1731926635156794880.000000 -2479.666992 105.573776 290.795929 0.999749 -0.021556 -0.006098 0.021265 0.998788 -0.044395 0.007048 0.044254 0.998995 
1731926635190135296.000000 -2479.452881 105.324226 306.922424 0.999751 -0.022171 -0.002632 0.022044 0.998914 -0.041051 0.003539 0.040983 0.999154 
1731926635223475968.000000 -2479.606934 106.058006 328.339874 0.999594 -0.025601 0.012483 0.025826 0.999500 -0.018217 -0.012010 0.018532 0.999756 
1731926635256816384.000000 -2479.662354 105.992851 343.266327 0.999522 -0.028068 0.012938 0.028265 0.999484 -0.015249 -0.012504 0.015607 0.999800 
1731926635290157056.000000 -2479.659180 108.648438 359.915009 0.999541 -0.021661 0.021193 0.021781 0.999748 -0.005434 -0.021070 0.005893 0.999761 
1731926635323497472.000000 -2479.998047 108.827835 377.588684 0.999190 -0.031999 0.024410 0.031943 0.999486 0.002682 -0.024484 -0.001900 0.999698 
1731926635356838144.000000 -2480.431396 109.655373 390.797791 0.998969 -0.034404 0.029622 0.034038 0.999339 0.012766 -0.030042 -0.011744 0.999480 
1731926635390177536.000000 -2480.507812 109.678291 403.615875 0.999088 -0.037936 0.019607 0.037878 0.999277 0.003365 -0.019720 -0.002619 0.999802 
1731926635423518208.000000 -2481.189697 110.845413 419.444397 0.998510 -0.047651 0.026601 0.047026 0.998614 0.023649 -0.027691 -0.022363 0.999366 
1731926635456858624.000000 -2481.558594 111.246246 431.107513 0.998429 -0.049789 0.025708 0.049093 0.998428 0.027027 -0.027013 -0.025722 0.999304 
1731926635490199040.000000 -2481.952637 111.470024 442.476471 0.998272 -0.052947 0.025498 0.052111 0.998116 0.032400 -0.027166 -0.031016 0.999150 
1731926635523539456.000000 -2482.398193 111.218468 457.052979 0.998003 -0.058918 0.022767 0.057927 0.997438 0.041970 -0.025182 -0.040567 0.998859 
1731926635556879872.000000 -2482.786621 111.746323 468.359680 0.997865 -0.062340 0.019475 0.061379 0.997028 0.046564 -0.022320 -0.045269 0.998725 
1731926635590220288.000000 -2482.719971 111.735741 479.703156 0.997985 -0.062351 0.011762 0.061802 0.997188 0.042381 -0.014371 -0.041569 0.999032 
1731926635623560960.000000 -2482.765625 111.328903 493.683990 0.998022 -0.062406 0.007645 0.062058 0.997291 0.039485 -0.010088 -0.038933 0.999191 
1731926635656901120.000000 -2482.920166 111.116783 503.824005 0.998234 -0.058957 0.007260 0.058643 0.997566 0.037717 -0.009466 -0.037224 0.999262 
1731926635690242560.000000 -2483.197021 111.110283 513.117004 0.998122 -0.060523 0.009453 0.060082 0.997332 0.041472 -0.011938 -0.040826 0.999095 
1731926635723583488.000000 -2483.323730 110.314247 525.109192 0.998339 -0.057407 0.004855 0.057182 0.997637 0.038089 -0.007030 -0.037748 0.999263 
1731926635756924928.000000 -2483.148926 109.101624 533.828369 0.998541 -0.053944 -0.002367 0.053987 0.998213 0.025622 0.000981 -0.025712 0.999669 
1731926635790265856.000000 -2483.516357 108.159370 541.401123 0.998754 -0.049852 0.002497 0.049765 0.998391 0.027190 -0.003848 -0.027032 0.999627 
1731926635823606272.000000 -2483.577881 107.233582 551.804016 0.998971 -0.045337 0.000834 0.045302 0.998654 0.025244 -0.001977 -0.025181 0.999681 
1731926635856947200.000000 -2483.553711 107.261520 559.372070 0.999144 -0.041266 0.002769 0.041179 0.998801 0.026467 -0.003858 -0.026330 0.999646 
1731926635890288640.000000 -2483.617920 107.061668 566.515076 0.999257 -0.038448 0.002746 0.038369 0.998961 0.024600 -0.003689 -0.024477 0.999694 
1731926635923629824.000000 -2483.471680 106.485115 575.236816 0.999346 -0.035919 0.004063 0.035833 0.999166 0.019598 -0.004764 -0.019439 0.999800 
1731926635956970752.000000 -2483.234131 106.199554 581.387939 0.999385 -0.034668 0.005172 0.034577 0.999261 0.016802 -0.005751 -0.016613 0.999845 
1731926635990312192.000000 -2483.079590 104.796646 586.707458 0.999389 -0.034943 -0.000071 0.034943 0.999389 0.001265 0.000027 -0.001267 0.999999 
1731926636023653120.000000 -2482.869385 105.334587 595.118896 0.999349 -0.035689 0.005323 0.035671 0.999358 0.003464 -0.005443 -0.003272 0.999980 
1731926636056994304.000000 -2482.663330 106.224434 601.001892 0.999391 -0.033699 0.009028 0.033600 0.999375 0.010962 -0.009392 -0.010652 0.999899 
1731926636090335488.000000 -2482.352783 106.131386 606.322693 0.999382 -0.033736 0.009846 0.033584 0.999320 0.015220 -0.010353 -0.014880 0.999836 
1731926636123676416.000000 -2481.657959 106.111015 613.209839 0.999328 -0.033752 0.014317 0.033465 0.999243 0.019821 -0.014975 -0.019328 0.999701 
1731926636157017600.000000 -2481.129150 106.617966 618.693848 0.999278 -0.035021 0.014713 0.034694 0.999158 0.021910 -0.015468 -0.021384 0.999652 
1731926636190358528.000000 -2480.703857 106.886192 623.968994 0.999216 -0.036457 0.015423 0.036107 0.999097 0.022406 -0.016226 -0.021832 0.999630 
1731926636223699712.000000 -2479.966553 107.567230 631.147400 0.999107 -0.038250 0.017952 0.037887 0.999080 0.020098 -0.018705 -0.019400 0.999637 
1731926636257040896.000000 -2479.334961 108.158340 636.445435 0.999048 -0.039113 0.019330 0.038795 0.999110 0.016567 -0.019960 -0.015801 0.999676 
1731926636290381312.000000 -2478.734619 108.975174 641.759460 0.998998 -0.039550 0.020959 0.039264 0.999133 0.013855 -0.021489 -0.013019 0.999684 
1731926636323722240.000000 -2477.830078 109.938591 648.657471 0.998975 -0.038551 0.023738 0.038302 0.999207 0.010846 -0.024137 -0.009926 0.999659 
1731926636357063168.000000 -2477.054199 110.572296 653.707275 0.999036 -0.036939 0.023704 0.036745 0.999288 0.008583 -0.024004 -0.007703 0.999682 
1731926636390404352.000000 -2476.333008 111.060341 658.546692 0.999056 -0.035255 0.025381 0.035040 0.999347 0.008845 -0.025677 -0.007947 0.999639 
1731926636423745280.000000 -2475.706299 111.709618 665.192322 0.999184 -0.032452 0.024048 0.032271 0.999448 0.007884 -0.024291 -0.007102 0.999680 
1731926636457086464.000000 -2475.503174 112.011833 669.921692 0.999247 -0.030272 0.024256 0.030087 0.999515 0.007989 -0.024486 -0.007253 0.999674 
1731926636490427392.000000 -2475.447998 112.601486 674.735474 0.999253 -0.030239 0.024074 0.029990 0.999493 0.010663 -0.024385 -0.009933 0.999653 
1731926636523768576.000000 -2475.574707 112.597725 680.314880 0.999250 -0.026713 0.028032 0.026463 0.999607 0.009242 -0.028268 -0.008494 0.999564 
1731926636557109504.000000 -2475.740479 112.292915 684.082031 0.999199 -0.025848 0.030562 0.025708 0.999657 0.004964 -0.030680 -0.004175 0.999521 
1731926636590450688.000000 -2475.916992 112.754921 687.560730 0.999128 -0.024745 0.033631 0.024582 0.999684 0.005270 -0.033750 -0.004439 0.999420 
1731926636623791616.000000 -2476.340332 114.686440 691.625061 0.998889 -0.024845 0.040034 0.024336 0.999617 0.013164 -0.040346 -0.012175 0.999112 
1731926636657132544.000000 -2476.447021 114.594131 693.502686 0.998784 -0.022347 0.043946 0.021888 0.999701 0.010901 -0.044177 -0.009926 0.998974 
1731926636690473728.000000 -2476.344238 114.465843 694.289551 0.998809 -0.023678 0.042665 0.023359 0.999695 0.007962 -0.042841 -0.006956 0.999058 
1731926636723814144.000000 -2476.121826 115.117638 694.415100 0.998826 -0.025103 0.041423 0.024639 0.999628 0.011676 -0.041701 -0.010642 0.999073 
1731926636757155584.000000 -2475.899658 115.435303 693.281494 0.998861 -0.026677 0.039555 0.026015 0.999514 0.017172 -0.039994 -0.016123 0.999070 
1731926636790496768.000000 -2475.719971 116.563797 691.374817 0.998821 -0.029500 0.038558 0.028341 0.999140 0.030269 -0.039418 -0.029140 0.998798 
1731926636823838208.000000 -2475.291504 115.393723 686.544556 0.998906 -0.030460 0.035478 0.029331 0.999060 0.031921 -0.036417 -0.030846 0.998861 
1731926636857179392.000000 -2475.092285 115.446564 682.489563 0.998955 -0.030963 0.033624 0.029822 0.998980 0.033921 -0.034640 -0.032883 0.998859 
1731926636890520832.000000 -2474.762695 115.445343 677.981506 0.998975 -0.030686 0.033268 0.029611 0.999039 0.032328 -0.034228 -0.031309 0.998923 
1731926636923861760.000000 -2474.263184 115.087906 671.143738 0.999118 -0.028859 0.030510 0.027967 0.999181 0.029252 -0.031329 -0.028373 0.999106 
1731926636957203200.000000 -2473.808105 114.771912 665.211792 0.999206 -0.027632 0.028706 0.026859 0.999275 0.026991 -0.029431 -0.026199 0.999223 
1731926636990544640.000000 -2473.255371 114.258995 658.928345 0.999267 -0.025274 0.028765 0.024626 0.999440 0.022674 -0.029322 -0.021949 0.999329 
1731926637023885824.000000 -2472.679932 114.061127 649.975159 0.999368 -0.021524 0.028286 0.020867 0.999510 0.023351 -0.028774 -0.022746 0.999327 
1731926637057227008.000000 -2471.962891 113.189621 642.386963 0.999410 -0.020208 0.027775 0.019542 0.999519 0.024069 -0.028248 -0.023512 0.999324 
1731926637090568192.000000 -2471.280518 112.146255 634.498352 0.999506 -0.018352 0.025522 0.017705 0.999521 0.025380 -0.025976 -0.024916 0.999352 
1731926637123909376.000000 -2470.458496 109.645813 623.269165 0.999620 -0.018832 0.020122 0.018402 0.999602 0.021369 -0.020517 -0.020991 0.999569 
1731926637157249792.000000 -2469.928467 109.126060 615.373840 0.999628 -0.017492 0.020939 0.016925 0.999493 0.026956 -0.021400 -0.026591 0.999417 
1731926637190590976.000000 -2469.471680 107.641258 607.312561 0.999675 -0.017463 0.018584 0.017019 0.999572 0.023807 -0.018992 -0.023483 0.999544 
1731926637223932160.000000 -2469.144287 106.023666 596.989319 0.999681 -0.019329 0.016279 0.019027 0.999648 0.018496 -0.016631 -0.018180 0.999696 
1731926637257273344.000000 -2468.967041 104.437538 589.131287 0.999699 -0.021444 0.011961 0.021282 0.999682 0.013502 -0.012247 -0.013243 0.999837 
1731926637290614528.000000 -2468.797119 103.123451 581.581665 0.999670 -0.022802 0.011832 0.022665 0.999676 0.011578 -0.012092 -0.011306 0.999863 
1731926637323955712.000000 -2468.487061 101.010178 571.272461 0.999631 -0.024861 0.010932 0.024775 0.999662 0.007931 -0.011125 -0.007657 0.999909 
1731926637357296896.000000 -2468.111084 99.799934 563.417969 0.999611 -0.025897 0.010359 0.025818 0.999637 0.007674 -0.010554 -0.007403 0.999917 
1731926637390638080.000000 -2467.641602 98.665947 555.456299 0.999600 -0.026991 0.008502 0.026936 0.999616 0.006517 -0.008675 -0.006286 0.999943 
1731926637423979520.000000 -2466.586182 97.492393 544.304871 0.999495 -0.031267 0.005700 0.031200 0.999447 0.011511 -0.006057 -0.011327 0.999918 
1731926637457320704.000000 -2465.999512 96.708412 535.794250 0.999559 -0.029187 0.005436 0.029131 0.999524 0.010171 -0.005730 -0.010008 0.999933 
1731926637490661888.000000 -2465.341553 96.406998 527.488342 0.999540 -0.029975 0.004522 0.029928 0.999501 0.010104 -0.004823 -0.009964 0.999939 
1731926637524003072.000000 -2464.256836 96.495499 516.637268 0.999522 -0.030790 0.002927 0.030764 0.999490 0.008580 -0.003190 -0.008485 0.999959 
1731926637557344256.000000 -2463.509766 95.789360 508.711029 0.999550 -0.029804 0.003401 0.029799 0.999555 0.001318 -0.003438 -0.001217 0.999993 
1731926637590685440.000000 -2462.861816 95.866188 501.454193 0.999558 -0.029488 0.003715 0.029498 0.999561 -0.002647 -0.003635 0.002756 0.999990 
1731926637624025600.000000 -2462.011963 96.192261 492.061249 0.999577 -0.028231 0.006959 0.028232 0.999601 -0.000030 -0.006955 0.000227 0.999976 
1731926637657366784.000000 -2461.349854 96.718529 485.517944 0.999562 -0.029194 0.004801 0.029192 0.999574 0.000402 -0.004810 -0.000262 0.999988 
1731926637690708224.000000 -2460.688232 95.631546 478.245148 0.999542 -0.030239 0.001266 0.030244 0.999533 -0.004381 -0.001132 0.004417 0.999990 
1731926637724049408.000000 -2460.233643 96.074509 469.770203 0.999543 -0.030205 0.001052 0.030209 0.999536 -0.003845 -0.000936 0.003875 0.999992 
1731926637757390848.000000 -2459.896729 96.966545 463.967560 0.999660 -0.025038 0.007243 0.025023 0.999685 0.002125 -0.007293 -0.001943 0.999972 
1731926637790732032.000000 -2459.696045 97.467690 458.092499 0.999675 -0.024759 0.006054 0.024756 0.999693 0.000557 -0.006066 -0.000407 0.999982 
1731926637824073216.000000 -2459.637451 98.144966 449.827026 0.999625 -0.027212 0.002933 0.027201 0.999624 0.003517 -0.003028 -0.003436 0.999990 
1731926637857414400.000000 -2459.539062 97.578209 442.839966 0.999652 -0.026277 0.002394 0.026270 0.999651 0.002885 -0.002469 -0.002821 0.999993 
1731926637890755840.000000 -2459.439209 98.229950 436.811462 0.999638 -0.026095 -0.006500 0.026095 0.999659 -0.000128 0.006501 -0.000042 0.999979 
1731926637924097536.000000 -2459.943359 98.621330 426.913513 0.999620 -0.027576 0.000430 0.027572 0.999589 0.007840 -0.000646 -0.007825 0.999969 
1731926637957438720.000000 -2459.950439 98.962555 420.248535 0.999641 -0.026019 -0.006425 0.026029 0.999660 0.001511 0.006383 -0.001678 0.999978 
1731926637990780160.000000 -2460.302979 99.026512 412.066620 0.999626 -0.027323 -0.000961 0.027327 0.999616 0.004511 0.000838 -0.004535 0.999989 
1731926638024121088.000000 -2460.204590 98.813293 402.086273 0.999655 -0.025115 -0.007650 0.025048 0.999648 -0.008707 0.007866 0.008512 0.999933 
1731926638057461504.000000 -2460.336182 98.710968 394.001953 0.999704 -0.023523 -0.006264 0.023446 0.999652 -0.012092 0.006547 0.011941 0.999907 
1731926638090802688.000000 -2460.605957 99.393921 385.644592 0.999654 -0.026300 0.000068 0.026300 0.999636 -0.006072 0.000092 0.006072 0.999982 
1731926638124144128.000000 -2460.725830 100.580528 375.054413 0.999694 -0.024294 0.004657 0.024293 0.999705 0.000206 -0.004661 -0.000093 0.999989 
1731926638157485568.000000 -2460.596680 100.630287 366.825500 0.999703 -0.023971 0.004324 0.023967 0.999712 0.000969 -0.004346 -0.000865 0.999990 
1731926638190826752.000000 -2460.250488 100.580101 359.129150 0.999847 -0.017359 0.002235 0.017374 0.999826 -0.006772 -0.002117 0.006810 0.999975 
1731926638224167936.000000 -2459.985596 99.680717 346.933716 0.999720 -0.023555 0.002055 0.023550 0.999720 0.002326 -0.002109 -0.002277 0.999995 
1731926638257509120.000000 -2459.580078 100.083199 338.882019 0.999807 -0.018029 0.007782 0.017944 0.999780 0.010855 -0.007976 -0.010713 0.999911 
1731926638290850560.000000 -2459.109131 99.094208 329.827637 0.999788 -0.020303 0.003422 0.020248 0.999678 0.015265 -0.003731 -0.015193 0.999878 
1731926638324192000.000000 -2458.388672 98.904739 318.455414 0.999886 -0.015091 0.000290 0.015085 0.999794 0.013585 -0.000495 -0.013579 0.999908 
1731926638357533184.000000 -2458.032959 96.840294 308.291931 0.999868 -0.014420 -0.007544 0.014397 0.999891 -0.003165 0.007588 0.003056 0.999967 
1731926638390874624.000000 -2457.697754 97.065979 299.015686 0.999889 -0.014630 0.002757 0.014620 0.999887 0.003620 -0.002810 -0.003579 0.999990 
1731926638424215552.000000 -2458.120361 98.681198 288.283112 0.999912 0.000148 0.013256 0.000020 0.999919 -0.012701 -0.013257 0.012700 0.999831 
1731926638524238592.000000 -2456.982178 94.233620 260.600311 0.999951 -0.009778 -0.001428 0.009726 0.999416 -0.032745 0.001747 0.032730 0.999463 
1731926638557579776.000000 -2457.056396 93.060684 253.013000 0.999965 -0.008229 -0.001511 0.008172 0.999360 -0.034814 0.001797 0.034801 0.999393 
1731926638590920960.000000 -2457.347412 93.482941 246.313354 0.999882 -0.009929 0.011697 0.010117 0.999818 -0.016184 -0.011534 0.016300 0.999801 
1731926638624262400.000000 -2457.363037 93.156410 238.177856 0.999873 -0.010271 0.012158 0.010412 0.999879 -0.011598 -0.012038 0.011723 0.999859 
1731926638657603584.000000 -2457.122803 91.927795 232.576874 0.999943 -0.010642 0.000607 0.010654 0.999644 -0.024451 -0.000346 0.024456 0.999701 
1731926638690945280.000000 -2457.108398 91.773788 227.196121 0.999884 -0.014611 -0.004278 0.014516 0.999662 -0.021571 0.004592 0.021506 0.999758 
1731926638724287232.000000 -2457.056885 91.033226 220.048111 0.999888 -0.014417 -0.004038 0.014332 0.999690 -0.020338 0.004329 0.020278 0.999785 
1731926638757629184.000000 -2457.207520 91.194374 215.654953 0.999856 -0.015738 -0.006405 0.015614 0.999700 -0.018874 0.006700 0.018771 0.999801 
1731926638790971136.000000 -2457.541016 91.620537 210.630875 0.999852 -0.017163 0.001164 0.017173 0.999813 -0.008869 -0.001012 0.008888 0.999960 
1731926638824312832.000000 -2457.733643 91.379936 204.429413 0.999873 -0.015592 0.003400 0.015623 0.999834 -0.009338 -0.003254 0.009390 0.999951 
1731926638857654784.000000 -2458.095947 92.902161 200.513657 0.999902 -0.004983 0.013093 0.005171 0.999883 -0.014400 -0.013019 0.014467 0.999811 
1731926638890996736.000000 -2457.748535 90.402191 195.144699 0.999928 -0.011789 -0.002035 0.011763 0.999851 -0.012601 0.002183 0.012576 0.999919 
1731926638924338688.000000 -2457.987305 89.826988 188.675735 0.999914 -0.012730 0.003305 0.012764 0.999864 -0.010447 -0.003172 0.010488 0.999940 
1731926638957679616.000000 -2457.770996 89.755974 185.634460 0.999954 -0.009391 -0.001804 0.009348 0.999700 -0.022643 0.002016 0.022625 0.999742 
1731926638991021312.000000 -2457.695068 89.419807 181.967667 0.999968 -0.007940 0.000900 0.007962 0.999602 -0.027051 -0.000685 0.027057 0.999634 
1731926639024363264.000000 -2457.993896 89.008728 176.903290 0.999922 -0.009595 0.008001 0.009783 0.999671 -0.023724 -0.007771 0.023800 0.999687 
1731926639057705216.000000 -2458.014404 88.338882 173.599869 0.999923 -0.009493 0.007988 0.009683 0.999663 -0.024096 -0.007757 0.024171 0.999678 
1731926639091046912.000000 -2457.756836 87.170692 171.270416 0.999981 -0.005332 -0.003191 0.005217 0.999371 -0.035074 0.003376 0.035056 0.999380 
1731926639124388864.000000 -2457.653320 86.781075 167.416702 0.999972 -0.006788 -0.003249 0.006663 0.999296 -0.036921 0.003498 0.036899 0.999313 
1731926639157730816.000000 -2457.441406 86.950951 165.603409 0.999988 -0.004744 -0.001288 0.004698 0.999413 -0.033948 0.001448 0.033941 0.999423 
1731926639191072768.000000 -2457.156006 85.285950 162.979050 0.999934 -0.005044 -0.010288 0.004466 0.998451 -0.055467 0.010552 0.055417 0.998407 
1731926639224414464.000000 -2456.995605 84.610504 161.496429 0.999947 -0.003068 -0.009853 0.002473 0.998206 -0.059820 0.010019 0.059792 0.998161 
1731926639257756672.000000 -2456.970947 84.175560 160.781540 0.999959 -0.002040 -0.008808 0.001498 0.998129 -0.061120 0.008916 0.061105 0.998092 
1731926639291098368.000000 -2457.121582 83.886925 160.286179 0.999995 -0.002482 0.002171 0.002584 0.998833 -0.048228 -0.002049 0.048234 0.998834 
1731926639324440320.000000 -2457.116455 83.054169 160.640747 0.999999 -0.000666 0.001123 0.000721 0.998785 -0.049283 -0.001089 0.049284 0.998784 
1731926639357782272.000000 -2457.158936 82.715462 161.856613 1.000000 -0.000463 -0.000110 0.000456 0.998598 -0.052929 0.000135 0.052929 0.998598 
1731926639391122944.000000 -2457.020264 82.392250 164.015533 0.999963 0.001933 -0.008403 -0.002469 0.997929 -0.064277 0.008261 0.064295 0.997897 
1731926639424465152.000000 -2456.930664 82.883987 167.690460 0.999966 0.001919 -0.008039 -0.002455 0.997741 -0.067131 0.007892 0.067149 0.997712 
1731926639457806848.000000 -2457.011230 83.744240 171.983032 1.000000 0.000003 -0.000298 -0.000020 0.998435 -0.055922 0.000298 0.055922 0.998435 
1731926639491149056.000000 -2456.860840 83.803207 176.018753 0.999942 0.000988 -0.010687 -0.001675 0.997921 -0.064428 0.010601 0.064442 0.997865 
1731926639524490752.000000 -2457.214844 85.445114 180.439545 0.999994 -0.002897 -0.001871 0.002801 0.998782 -0.049252 0.002011 0.049246 0.998785 
1731926639557832704.000000 -2457.045654 85.933456 185.577866 0.999915 -0.003640 -0.012518 0.002896 0.998258 -0.058934 0.012710 0.058893 0.998183 
1731926639591174656.000000 -2457.039795 86.870674 190.742050 0.999875 -0.006929 -0.014181 0.006096 0.998301 -0.057955 0.014558 0.057862 0.998218 
1731926639624516608.000000 -2457.454590 88.931618 198.449539 0.999919 -0.011146 -0.006107 0.010872 0.999005 -0.043247 0.006583 0.043177 0.999046 
1731926639657858304.000000 -2457.419434 89.904984 204.445374 0.999869 -0.009982 -0.012771 0.009328 0.998691 -0.050286 0.013257 0.050160 0.998653 
1731926639691200000.000000 -2457.822021 91.666908 210.877136 0.999908 -0.013048 -0.003679 0.012896 0.999171 -0.038608 0.004180 0.038558 0.999248 
1731926639724541440.000000 -2458.023682 93.360535 219.224121 0.999894 -0.014415 -0.001878 0.014340 0.999276 -0.035245 0.002385 0.035215 0.999377 
1731926639757882880.000000 -2457.825928 93.884254 225.995514 0.999835 -0.014123 -0.011457 0.013584 0.998858 -0.045796 0.012090 0.045633 0.998885 
1731926639791224576.000000 -2457.770508 95.518578 232.909409 0.999880 -0.013601 -0.007442 0.013248 0.998878 -0.045472 0.008052 0.045368 0.998938 
1731926639824564992.000000 -2457.867432 97.065506 241.891693 0.999861 -0.016438 -0.002820 0.016304 0.998971 -0.042333 0.003513 0.042281 0.999100 
1731926639857906432.000000 -2457.631592 98.112747 249.709091 0.999856 -0.013830 -0.009826 0.013287 0.998493 -0.053255 0.010548 0.053117 0.998533 
1731926639891247872.000000 -2457.741455 99.200104 256.949371 0.999878 -0.015536 -0.001566 0.015451 0.998897 -0.044339 0.002253 0.044309 0.999015 
1731926639924589312.000000 -2457.640381 99.904900 267.513641 0.999874 -0.015706 -0.002333 0.015592 0.998963 -0.042766 0.003002 0.042724 0.999082 
1731926639957930752.000000 -2457.577881 99.763878 275.554779 0.999883 -0.015120 -0.002350 0.015001 0.998897 -0.044505 0.003020 0.044464 0.999006 
1731926639991272192.000000 -2457.657227 100.373276 287.547119 0.999903 -0.010790 -0.008834 0.010277 0.998369 -0.056153 0.009426 0.056056 0.998383 
1731926640024613888.000000 -2457.707520 100.694565 296.396667 0.999939 -0.008932 -0.006460 0.008555 0.998381 -0.056238 0.006952 0.056179 0.998397 
1731926640057955072.000000 -2457.974609 100.541664 304.743835 0.999936 -0.009894 0.005521 0.010131 0.998948 -0.044716 -0.005073 0.044769 0.998984 
1731926640091296768.000000 -2458.053467 101.370773 317.307159 0.999872 -0.008024 0.013832 0.008518 0.999315 -0.036021 -0.013533 0.036134 0.999255 
1731926640124638208.000000 -2458.044434 101.992287 326.522217 0.999811 -0.006497 0.018340 0.006969 0.999643 -0.025803 -0.018165 0.025926 0.999499 
