1732024406758178560.000000 -2324.907471 1189.519043 135.130417 0.078678 0.996830 0.011787 -0.996835 0.078532 0.012390 0.011425 -0.012725 0.999854 
1732024406791521280.000000 -2324.832031 1189.316162 134.962036 0.079102 0.996765 0.014243 -0.996773 0.078891 0.014791 0.013619 -0.015367 0.999789 
1732024406824861696.000000 -2324.817871 1189.301758 134.956772 0.079007 0.996773 0.014227 -0.996783 0.078799 0.014666 0.013498 -0.015340 0.999791 
1732024406858200064.000000 -2324.877197 1189.433838 135.075104 0.078818 0.996807 0.012795 -0.996814 0.078648 0.013260 0.012211 -0.013800 0.999830 
1732024406891535872.000000 -2324.939209 1189.558838 135.168243 0.078247 0.996852 0.012818 -0.996869 0.078088 0.012431 0.011391 -0.013751 0.999841 
1732024406924869120.000000 -2324.870361 1189.414429 135.031433 0.078322 0.996815 0.014992 -0.996843 0.078110 0.014231 0.013015 -0.016060 0.999786 
1732024406958200320.000000 -2324.832031 1189.299438 134.964233 0.078973 0.996774 0.014294 -0.996786 0.078764 0.014591 0.013418 -0.015401 0.999791 
1732024406991528704.000000 -2324.856934 1189.430786 135.061707 0.078757 0.996810 0.012887 -0.996818 0.078585 0.013348 0.012293 -0.013898 0.999828 
1732024407024855296.000000 -2324.869629 1189.425781 135.085190 0.078763 0.996811 0.012836 -0.996818 0.078593 0.013287 0.012235 -0.013842 0.999829 
1732024407058179072.000000 -2324.857178 1189.421143 135.052811 0.078905 0.996799 0.012882 -0.996805 0.078732 0.013418 0.012361 -0.013900 0.999827 
1732024407091501056.000000 -2324.784912 1189.120850 134.799667 0.079571 0.996695 0.016388 -0.996709 0.079295 0.016859 0.015504 -0.017675 0.999724 
1732024407124820224.000000 -2324.869141 1189.432129 135.072525 0.078910 0.996800 0.012763 -0.996806 0.078740 0.013323 0.012276 -0.013773 0.999830 
1732024407158137344.000000 -2324.869141 1189.422119 135.064545 0.078923 0.996799 0.012769 -0.996802 0.078750 0.013542 0.012494 -0.013797 0.999827 
1732024407191451136.000000 -2324.824463 1189.305176 134.960831 0.078999 0.996771 0.014394 -0.996784 0.078789 0.014652 0.013471 -0.015505 0.999789 
1732024407224763136.000000 -2324.866211 1189.447876 135.084778 0.078777 0.996808 0.012934 -0.996818 0.078606 0.013252 0.012193 -0.013937 0.999829 
1732024407258073088.000000 -2324.863770 1189.439087 135.080933 0.078862 0.996803 0.012854 -0.996810 0.078691 0.013326 0.012272 -0.013864 0.999829 
1732024407291380736.000000 -2324.858154 1189.440308 135.062210 0.078781 0.996809 0.012882 -0.996817 0.078610 0.013280 0.012225 -0.013887 0.999829 
1732024407324686080.000000 -2324.864990 1189.435059 135.096527 0.078786 0.996808 0.012880 -0.996817 0.078616 0.013261 0.012207 -0.013883 0.999829 
1732024407357988864.000000 -2324.857422 1189.432861 135.065842 0.078766 0.996810 0.012883 -0.996819 0.078596 0.013236 0.012182 -0.013885 0.999829 
1732024407391289344.000000 -2324.898682 1189.489990 135.139069 0.078865 0.996810 0.012248 -0.996815 0.078708 0.012813 0.011808 -0.013219 0.999843 
1732024407424587776.000000 -2324.871582 1189.449097 135.073669 0.078801 0.996809 0.012777 -0.996816 0.078631 0.013253 0.012206 -0.013781 0.999831 
1732024407457884416.000000 -2324.841553 1189.325317 134.980682 0.079112 0.996763 0.014313 -0.996775 0.078902 0.014657 0.013480 -0.015427 0.999790 
1732024407491165440.000000 -2324.846436 1189.425049 135.067871 0.078825 0.996805 0.012874 -0.996813 0.078653 0.013324 0.012268 -0.013883 0.999828 
1732024407524442880.000000 -2324.875977 1189.428833 135.095016 0.078782 0.996809 0.012863 -0.996817 0.078612 0.013247 0.012193 -0.013866 0.999830 
1732024407557716992.000000 -2324.867676 1189.394165 135.044632 0.078902 0.996794 0.013311 -0.996803 0.078720 0.013689 0.012598 -0.014349 0.999818 
1732024407590988032.000000 -2324.869141 1189.431152 135.095078 0.078832 0.996807 0.012732 -0.996813 0.078664 0.013226 0.012183 -0.013734 0.999831 
1732024407624255488.000000 -2324.880615 1189.425415 135.074905 0.078833 0.996805 0.012853 -0.996811 0.078660 0.013421 0.012367 -0.013870 0.999827 
1732024407657518336.000000 -2324.858398 1189.441772 135.070816 0.078901 0.996800 0.012807 -0.996808 0.078732 0.013225 0.012174 -0.013810 0.999831 
1732024407690778624.000000 -2324.862549 1189.399414 135.046860 0.078949 0.996791 0.013224 -0.996798 0.078767 0.013729 0.012643 -0.014265 0.999818 
1732024407724036096.000000 -2324.853027 1189.412842 135.074188 0.078766 0.996811 0.012788 -0.996819 0.078597 0.013232 0.012185 -0.013789 0.999831 
1732024407757289728.000000 -2324.877930 1189.427490 135.094223 0.078831 0.996804 0.012950 -0.996812 0.078659 0.013336 0.012275 -0.013960 0.999827 
1732024407790540032.000000 -2324.707275 1189.515137 135.452988 0.078845 0.996755 0.016226 -0.996815 0.078633 0.013328 0.012009 -0.017226 0.999780 
1732024407823787008.000000 -2324.764160 1189.651855 135.582993 0.078485 0.996803 0.014965 -0.996857 0.078309 0.012024 0.010813 -0.015862 0.999816 
1732024407857030656.000000 -2324.644531 1189.257935 135.241180 0.079491 0.996668 0.018299 -0.996736 0.079210 0.015592 0.014090 -0.019478 0.999711 
1732024407890270464.000000 -2324.639404 1189.365723 135.448822 0.078998 0.996679 0.019760 -0.996789 0.078715 0.014709 0.013105 -0.020858 0.999697 
1732024407923507456.000000 -2324.941895 1190.082764 135.461716 0.078019 0.996764 0.019340 -0.996870 0.077749 0.014335 0.012785 -0.020398 0.999710 
1732024407956740608.000000 -2324.949463 1190.056152 135.381363 0.078032 0.996749 0.020060 -0.996859 0.077736 0.015114 0.013506 -0.021176 0.999685 
1732024407989970432.000000 -2324.935303 1189.864502 135.195847 0.079070 0.996671 0.019883 -0.996758 0.078747 0.016522 0.014902 -0.021125 0.999666 
1732024408023196672.000000 -2324.950439 1189.896606 135.210526 0.078991 0.996678 0.019815 -0.996769 0.078677 0.016195 0.014582 -0.021030 0.999672 
1732024408056419840.000000 -2324.961182 1189.742188 135.103119 0.079564 0.996629 0.020023 -0.996709 0.079225 0.017186 0.015542 -0.021324 0.999652 
1732024408089638656.000000 -2324.980713 1189.868774 135.075363 0.078892 0.996683 0.019960 -0.996759 0.078550 0.017362 0.015736 -0.021265 0.999650 
1732024408122854656.000000 -2324.708984 1189.568970 135.493240 0.078480 0.996789 0.015889 -0.996850 0.078283 0.012688 0.011403 -0.016835 0.999793 
1732024408156067584.000000 -2324.705566 1189.362915 135.360901 0.078684 0.996716 0.019124 -0.996807 0.078400 0.015147 0.013598 -0.020255 0.999702 
1732024408189277184.000000 -2324.593994 1189.145508 135.118881 0.079961 0.996640 0.017753 -0.996690 0.079678 0.016127 0.014658 -0.018984 0.999712 
1732024408222483200.000000 -2324.570068 1189.069214 135.062546 0.080417 0.996607 0.017512 -0.996647 0.080128 0.016585 0.015125 -0.018787 0.999709 
1732024408255685888.000000 -2324.560791 1189.016724 135.044464 0.080614 0.996600 0.017033 -0.996631 0.080334 0.016533 0.015108 -0.018308 0.999718 
1732024408288884992.000000 -2324.683350 1189.625366 135.651962 0.078471 0.996759 0.017690 -0.996856 0.078259 0.012412 0.010988 -0.018608 0.999766 
1732024408322080768.000000 -2324.713379 1189.623413 135.671753 0.078347 0.996768 0.017773 -0.996867 0.078137 0.012248 0.010819 -0.018677 0.999767 
1732024408355273216.000000 -2324.760498 1189.669678 135.752701 0.078070 0.996778 0.018380 -0.996893 0.077858 0.011944 0.010475 -0.019256 0.999760 
1732024408388462336.000000 -2324.798096 1189.689331 135.880188 0.077974 0.996776 0.018913 -0.996905 0.077765 0.011543 0.010035 -0.019754 0.999754 
1732024408421647872.000000 -2324.726318 1189.616333 135.881226 0.078134 0.996765 0.018845 -0.996888 0.077917 0.011981 0.010474 -0.019722 0.999751 
1732024408454831360.000000 -2324.750488 1189.598511 136.053787 0.078103 0.996755 0.019499 -0.996895 0.077888 0.011536 0.009980 -0.020339 0.999743 
1732024408488175104.000000 -2325.085449 1189.981079 136.937363 0.077246 0.996858 0.017542 -0.997007 0.077176 0.004589 0.003221 -0.017844 0.999836 
1732024408521517568.000000 -2325.133301 1189.079712 137.218994 0.079341 0.996562 0.023864 -0.996842 0.079241 0.005105 0.003196 -0.024194 0.999702 
1732024408554861312.000000 -2325.709961 1189.979614 140.161850 0.078090 0.996774 0.018524 -0.996814 0.078369 -0.014850 -0.016254 -0.017305 0.999718 
1732024408588205056.000000 -2325.716553 1190.318237 142.715836 0.077185 0.996862 0.017567 -0.996549 0.077677 -0.029273 -0.030546 -0.015247 0.999417 
1732024408621548800.000000 -2324.948242 1190.012695 145.630173 0.077385 0.996720 0.023682 -0.996259 0.078222 -0.036724 -0.038456 -0.020752 0.999045 
1732024408654892800.000000 -2323.133789 1191.207153 151.698746 0.074636 0.997077 0.016361 -0.995925 0.075363 -0.049532 -0.050620 -0.012597 0.998639 
1732024408688236544.000000 -2319.187500 1191.113037 160.646454 0.074174 0.996969 0.023467 -0.996398 0.075060 -0.039461 -0.041103 -0.020456 0.998946 
1732024408721580032.000000 -2318.715576 1191.524780 163.139008 0.074117 0.997085 0.018112 -0.996323 0.074819 -0.041740 -0.042974 -0.014951 0.998964 
1732024408754923776.000000 -2315.717529 1191.825073 173.460831 0.074452 0.997048 0.018789 -0.996389 0.075147 -0.039511 -0.040807 -0.015779 0.999042 
1732024408788267776.000000 -2313.551514 1192.256836 182.325043 0.074056 0.997079 0.018694 -0.996453 0.074735 -0.038679 -0.039963 -0.015763 0.999077 
1732024408821611520.000000 -2311.489258 1192.568726 191.948700 0.073186 0.997145 0.018574 -0.996357 0.073920 -0.042519 -0.043771 -0.015395 0.998923 
1732024408854955776.000000 -2308.934082 1192.709106 205.080902 0.073126 0.997170 0.017439 -0.996067 0.073899 -0.048872 -0.050022 -0.013796 0.998653 
1732024408888299776.000000 -2307.142090 1193.156494 215.676926 0.073279 0.997169 0.016837 -0.995866 0.074071 -0.052571 -0.053669 -0.012915 0.998475 
1732024408921643520.000000 -2305.457764 1193.621216 226.327652 0.071672 0.997261 0.018253 -0.995947 0.072550 -0.053161 -0.054339 -0.014369 0.998419 
1732024408954987520.000000 -2303.169922 1193.688843 240.375443 0.071685 0.997268 0.017799 -0.995928 0.072544 -0.053529 -0.054674 -0.013890 0.998408 
1732024408988330496.000000 -2301.707520 1193.879150 251.006424 0.071337 0.997291 0.017913 -0.995939 0.072206 -0.053776 -0.054923 -0.014004 0.998392 
1732024409021674752.000000 -2300.393066 1193.878784 261.612030 0.070587 0.997325 0.018966 -0.996005 0.071511 -0.053481 -0.054694 -0.015115 0.998389 
1732024409055019008.000000 -2298.865723 1194.247681 275.868195 0.070485 0.997390 0.015663 -0.996130 0.071205 -0.051528 -0.052509 -0.011970 0.998549 
1732024409088363008.000000 -2297.562500 1193.956665 285.775513 0.069594 0.997400 0.018708 -0.996468 0.070388 -0.045803 -0.047001 -0.015454 0.998775 
1732024409121707008.000000 -2296.794189 1194.854004 296.715790 0.067281 0.997687 0.009697 -0.996436 0.067686 -0.050332 -0.050872 -0.006276 0.998685 
1732024409155051008.000000 -2295.391846 1195.187012 310.020966 0.062839 0.997965 0.010796 -0.996829 0.063289 -0.048226 -0.048811 -0.007731 0.998778 
1732024409188395264.000000 -2294.338623 1196.013062 320.267578 0.058973 0.998245 0.005377 -0.996991 0.059168 -0.050081 -0.050311 -0.002408 0.998731 
1732024409221739520.000000 -2293.383545 1196.631592 330.106567 0.054553 0.998499 0.004936 -0.997390 0.054725 -0.047108 -0.047307 -0.002353 0.998878 
1732024409255083776.000000 -2291.822510 1197.157349 342.315094 0.048854 0.998785 0.006513 -0.997984 0.049078 -0.040236 -0.040507 -0.004534 0.999169 
1732024409288428032.000000 -2291.001709 1198.066406 351.487061 0.044400 0.998998 0.005688 -0.998346 0.044577 -0.036295 -0.036513 -0.004067 0.999325 
1732024409321772544.000000 -2290.166260 1199.763428 360.740295 0.038435 0.999244 0.005873 -0.998671 0.038613 -0.034131 -0.034332 -0.004554 0.999400 
1732024409355116800.000000 -2289.160889 1201.374390 372.144012 0.033807 0.999424 0.003054 -0.999044 0.033878 -0.027647 -0.027734 -0.002116 0.999613 
1732024409388460800.000000 -2288.299805 1202.962891 380.598358 0.028764 0.999575 0.004800 -0.999329 0.028865 -0.022535 -0.022664 -0.004149 0.999735 
1732024409421804544.000000 -2287.756104 1204.797119 389.081116 0.022485 0.999734 0.005188 -0.999518 0.022591 -0.021275 -0.021386 -0.004707 0.999760 
1732024409455149056.000000 -2287.071045 1206.742065 399.933105 0.019585 0.999807 0.001693 -0.999670 0.019610 -0.016599 -0.016629 -0.001367 0.999861 
1732024409488488704.000000 -2286.478516 1208.616089 408.102051 0.017276 0.999850 0.001333 -0.999759 0.017292 -0.013495 -0.013516 -0.001100 0.999908 
1732024409521828352.000000 -2286.097900 1210.646851 416.366180 0.013458 0.999907 0.002239 -0.999844 0.013482 -0.011450 -0.011479 -0.002084 0.999932 
1732024409555168000.000000 -2285.593018 1213.190674 427.167999 0.011954 0.999928 0.000752 -0.999886 0.011960 -0.009266 -0.009275 -0.000641 0.999957 
1732024409588507648.000000 -2285.368896 1215.215332 435.609711 0.010066 0.999949 0.001264 -0.999923 0.010075 -0.007201 -0.007214 -0.001191 0.999973 
1732024409621847040.000000 -2284.501709 1216.603394 443.431122 0.013078 0.999914 -0.000455 -0.999914 0.013077 -0.000755 -0.000749 0.000465 1.000000 
1732024409655186944.000000 -2284.511230 1219.732300 455.532013 0.010682 0.999943 0.000766 -0.999938 0.010684 -0.003117 -0.003125 -0.000733 0.999995 
1732024409688526080.000000 -2283.961426 1221.287476 464.153534 0.013302 0.999911 -0.001217 -0.999911 0.013301 -0.001133 -0.001117 0.001232 0.999999 
1732024409721865728.000000 -2283.777344 1222.754761 472.924469 0.015069 0.999882 -0.003019 -0.999886 0.015070 0.000036 0.000082 0.003018 0.999995 
1732024409755205120.000000 -2283.321289 1224.696289 484.488739 0.019590 0.999784 -0.006909 -0.999802 0.019613 0.003282 0.003417 0.006844 0.999971 
1732024409788544512.000000 -2283.123291 1225.787720 493.445251 0.022754 0.999717 -0.006997 -0.999730 0.022787 0.004639 0.004797 0.006889 0.999965 
1732024409821883904.000000 -2282.850586 1226.574219 502.114258 0.027383 0.999582 -0.009324 -0.999596 0.027452 0.007322 0.007575 0.009120 0.999930 
1732024409855222272.000000 -2282.596680 1227.476318 513.921448 0.032098 0.999417 -0.011649 -0.999437 0.032208 0.009414 0.009783 0.011340 0.999888 
1732024409888561152.000000 -2282.435059 1228.089355 523.304260 0.035400 0.999326 -0.009739 -0.999295 0.035517 0.012177 0.012515 0.009301 0.999878 
1732024409921900800.000000 -2282.245850 1228.503784 532.645264 0.037438 0.999266 -0.008073 -0.999214 0.037539 0.012761 0.013054 0.007589 0.999886 
1732024409955239680.000000 -2282.125488 1229.083984 545.098267 0.039121 0.999186 -0.009872 -0.999142 0.039250 0.013201 0.013578 0.009347 0.999864 
1732024409988578816.000000 -2282.175049 1229.477295 554.936584 0.039411 0.999208 -0.005520 -0.999116 0.039487 0.014412 0.014619 0.004947 0.999881 
1732024410021917952.000000 -2282.062012 1229.579712 564.276306 0.040522 0.999174 -0.002988 -0.999069 0.040562 0.014694 0.014803 0.002390 0.999888 
1732024410055257088.000000 -2281.808594 1229.397339 576.358643 0.041691 0.999128 -0.002110 -0.999006 0.041719 0.015678 0.015752 0.001454 0.999875 
1732024410088596224.000000 -2281.700195 1229.610962 585.714905 0.040632 0.999172 -0.001937 -0.999065 0.040656 0.014733 0.014800 0.001336 0.999890 
1732024410121935104.000000 -2281.401611 1229.556030 594.788513 0.040424 0.999183 -0.000440 -0.999081 0.040426 0.014250 0.014256 -0.000136 0.999898 
1732024410155273984.000000 -2280.201660 1228.860840 606.436768 0.044096 0.999009 0.006036 -0.998870 0.043981 0.018025 0.017742 -0.006824 0.999819 
1732024410188613120.000000 -2280.315186 1229.986206 616.024048 0.037762 0.999262 0.007008 -0.999212 0.037673 0.012467 0.012194 -0.007474 0.999898 
1732024410221951744.000000 -2279.420166 1230.010620 624.383911 0.037479 0.999275 0.006666 -0.999186 0.037375 0.015206 0.014946 -0.007231 0.999862 
1732024410255290624.000000 -2278.451172 1230.185059 635.801392 0.032548 0.999436 0.008201 -0.999381 0.032435 0.013605 0.013332 -0.008639 0.999874 
1732024410288629504.000000 -2277.457520 1230.327148 644.318359 0.030166 0.999511 0.008211 -0.999460 0.030056 0.013263 0.013010 -0.008607 0.999878 
1732024410321967104.000000 -2276.709961 1230.664917 652.748413 0.027525 0.999601 0.006265 -0.999537 0.027441 0.013112 0.012935 -0.006623 0.999894 
1732024410355305984.000000 -2275.419922 1230.362915 663.375610 0.025984 0.999659 0.002678 -0.999575 0.025947 0.013277 0.013203 -0.003022 0.999908 
1732024410388644352.000000 -2274.681885 1230.176147 671.664429 0.024332 0.999702 0.002008 -0.999641 0.024308 0.011264 0.011212 -0.002281 0.999935 
1732024410421983232.000000 -2273.756104 1229.876099 679.572388 0.023909 0.999714 -0.000039 -0.999662 0.023908 0.010198 0.010196 -0.000205 0.999948 
1732024410455321600.000000 -2272.692383 1229.264893 690.587952 0.023335 0.999728 0.000323 -0.999689 0.023331 0.008769 0.008759 -0.000528 0.999961 
1732024410488662528.000000 -2271.938965 1229.165405 698.706543 0.021187 0.999773 -0.002308 -0.999746 0.021204 0.007633 0.007680 0.002146 0.999968 
1732024410522002944.000000 -2271.246582 1228.980713 707.048340 0.019734 0.999804 -0.001711 -0.999784 0.019745 0.006455 0.006488 0.001583 0.999978 
1732024410555343616.000000 -2270.153809 1228.441406 717.522034 0.020391 0.999791 0.001122 -0.999770 0.020383 0.006681 0.006657 -0.001258 0.999977 
1732024410588684032.000000 -2269.725098 1228.544312 725.036194 0.019644 0.999807 0.000777 -0.999787 0.019638 0.006390 0.006373 -0.000902 0.999979 
1732024410622024704.000000 -2269.207764 1228.071289 732.135498 0.021991 0.999756 0.001909 -0.999750 0.021983 0.004065 0.004022 -0.001998 0.999990 
1732024410655365120.000000 -2269.075439 1228.310791 741.265503 0.022757 0.999739 0.002031 -0.999739 0.022761 -0.001834 -0.001879 -0.001988 0.999996 
1732024410688706048.000000 -2268.896973 1228.411743 747.461365 0.024851 0.999690 0.001655 -0.999682 0.024858 -0.004339 -0.004378 -0.001547 0.999989 
1732024410722046464.000000 -2268.542969 1228.253418 753.358276 0.027845 0.999612 0.001202 -0.999582 0.027854 -0.007771 -0.007802 -0.000985 0.999969 
1732024410755385856.000000 -2268.285645 1228.619263 760.891541 0.028716 0.999582 0.003349 -0.999503 0.028757 -0.012931 -0.013022 -0.002976 0.999911 
1732024410788726272.000000 -2268.000488 1228.747681 766.034363 0.030098 0.999533 0.005317 -0.999458 0.030166 -0.013187 -0.013342 -0.004917 0.999899 
1732024410822066944.000000 -2267.812988 1228.900024 770.941406 0.030960 0.999505 0.005662 -0.999394 0.031045 -0.015715 -0.015883 -0.005172 0.999860 
1732024410855407360.000000 -2267.532471 1229.013184 777.028870 0.031891 0.999472 0.006234 -0.999300 0.032007 -0.019383 -0.019572 -0.005611 0.999793 
1732024410888748032.000000 -2267.515625 1229.517578 781.221558 0.032307 0.999454 0.006922 -0.999244 0.032449 -0.021425 -0.021638 -0.006225 0.999747 
1732024410922088192.000000 -2267.452881 1229.597290 784.693604 0.033562 0.999417 0.006232 -0.999169 0.033696 -0.022930 -0.023126 -0.005457 0.999718 
1732024410955428864.000000 -2267.665527 1229.607544 788.796509 0.034191 0.999382 0.008099 -0.999043 0.034399 -0.027033 -0.027295 -0.007167 0.999602 
1732024410988769024.000000 -2267.472900 1229.211426 790.627319 0.037517 0.999266 0.007798 -0.998934 0.037712 -0.026629 -0.026904 -0.006791 0.999615 
1732024411022109440.000000 -2267.414795 1228.816284 791.889038 0.039065 0.999195 0.009114 -0.998908 0.039284 -0.025276 -0.025614 -0.008117 0.999639 
1732024411055449600.000000 -2267.857422 1229.675903 792.871216 0.035265 0.999342 0.008432 -0.999007 0.035481 -0.026935 -0.027217 -0.007474 0.999602 
1732024411088790272.000000 -2267.854004 1229.588501 791.537354 0.036108 0.999328 0.006268 -0.999092 0.036241 -0.022414 -0.022627 -0.005453 0.999729 
1732024411122130432.000000 -2268.100098 1229.797852 789.268616 0.036447 0.999326 0.004267 -0.999136 0.036525 -0.019829 -0.019971 -0.003541 0.999794 
1732024411155470848.000000 -2268.485352 1229.500610 784.211792 0.038446 0.999255 0.003241 -0.999143 0.038491 -0.015214 -0.015328 -0.002653 0.999879 
1732024411188809984.000000 -2269.195801 1229.154663 779.927124 0.039083 0.999229 0.003846 -0.999088 0.039143 -0.017078 -0.017216 -0.003175 0.999847 
1732024411222150400.000000 -2269.637451 1228.690063 774.481201 0.042813 0.999069 0.005245 -0.998936 0.042896 -0.016911 -0.017120 -0.004516 0.999843 
1732024411255490816.000000 -2270.331787 1227.579712 765.426697 0.045230 0.998937 0.008946 -0.998846 0.045367 -0.015763 -0.016152 -0.008222 0.999836 
1732024411288830976.000000 -2271.114014 1227.148438 757.998901 0.046023 0.998903 0.008686 -0.998793 0.046163 -0.016761 -0.017143 -0.007904 0.999822 
1732024411322171136.000000 -2272.375732 1226.856812 750.351990 0.044742 0.998962 0.008544 -0.998780 0.044910 -0.020515 -0.020878 -0.007616 0.999753 
1732024411355511552.000000 -2273.596680 1225.892212 739.519165 0.046031 0.998851 0.013337 -0.998720 0.046297 -0.020378 -0.020972 -0.012382 0.999703 
1732024411388851712.000000 -2274.533691 1225.337158 730.669495 0.048254 0.998780 0.010469 -0.998674 0.048432 -0.017464 -0.017949 -0.009612 0.999793 
1732024411422191872.000000 -2275.683838 1224.522339 721.776917 0.050164 0.998702 0.008849 -0.998606 0.050301 -0.016005 -0.016429 -0.008034 0.999833 
1732024411455532032.000000 -2277.205566 1223.595093 709.664490 0.054282 0.998503 0.006750 -0.998396 0.054383 -0.015772 -0.016116 -0.005883 0.999853 
1732024411488873728.000000 -2278.354004 1222.979004 700.703186 0.057183 0.998340 0.006883 -0.998202 0.057297 -0.017621 -0.017986 -0.005863 0.999821 
1732024411522215936.000000 -2279.687500 1222.801880 691.275330 0.061042 0.998134 0.001820 -0.997987 0.061065 -0.017145 -0.017224 -0.000769 0.999851 
1732024411555557632.000000 -2281.573486 1222.390015 679.357666 0.062317 0.998055 0.001866 -0.997808 0.062343 -0.022185 -0.022258 -0.000480 0.999752 
1732024411588899328.000000 -2282.929199 1221.911499 669.752563 0.065072 0.997880 -0.000972 -0.997648 0.065036 -0.021645 -0.021536 0.002378 0.999765 
1732024411622241280.000000 -2284.080078 1221.610718 660.247314 0.068422 0.997655 -0.001627 -0.997471 0.068378 -0.019391 -0.019234 0.002950 0.999811 
1732024411655581952.000000 -2286.055664 1221.300293 647.054138 0.069630 0.997563 -0.004473 -0.997411 0.069538 -0.018299 -0.017944 0.005736 0.999823 
1732024411688923904.000000 -2287.443115 1221.015015 636.954590 0.070984 0.997456 -0.006551 -0.997372 0.070880 -0.015007 -0.014504 0.007599 0.999866 
1732024411722265856.000000 -2288.929199 1220.842651 626.693420 0.070989 0.997450 -0.007289 -0.997405 0.070894 -0.012585 -0.012036 0.008164 0.999894 
1732024411755607552.000000 -2291.175537 1220.990967 612.887634 0.068473 0.997630 -0.006703 -0.997615 0.068411 -0.009136 -0.008656 0.007312 0.999936 
1732024411788949504.000000 -2292.969727 1221.213867 601.862854 0.067906 0.997646 -0.009572 -0.997682 0.067859 -0.005134 -0.004472 0.009899 0.999941 
1732024411822291712.000000 -2294.965820 1221.165039 590.976135 0.065917 0.997804 -0.006528 -0.997816 0.065887 -0.004733 -0.004292 0.006826 0.999968 
1732024411855633152.000000 -2297.921631 1221.318726 576.337341 0.064899 0.997834 -0.010755 -0.997857 0.064803 -0.009005 -0.008289 0.011317 0.999902 
1732024411888975104.000000 -2300.192383 1221.320679 565.512024 0.064331 0.997880 -0.009829 -0.997853 0.064202 -0.012967 -0.012309 0.010642 0.999868 
1732024411922317056.000000 -2302.414307 1221.333984 554.211182 0.063619 0.997918 -0.010580 -0.997859 0.063447 -0.015878 -0.015174 0.011568 0.999818 
1732024411955659008.000000 -2305.290771 1221.319214 538.914856 0.064669 0.997824 -0.012814 -0.997757 0.064431 -0.018179 -0.017314 0.013961 0.999753 
1732024411989000704.000000 -2307.256592 1221.136963 527.115967 0.067364 0.997628 -0.014135 -0.997569 0.067093 -0.018840 -0.017847 0.015369 0.999723 
1732024412022342656.000000 -2309.365234 1221.152222 515.578918 0.068764 0.997555 -0.012461 -0.997446 0.068504 -0.020230 -0.019327 0.013820 0.999718 
1732024412055684608.000000 -2311.737305 1220.518921 499.416229 0.072408 0.997312 -0.011219 -0.997212 0.072188 -0.018901 -0.018040 0.012556 0.999758 
1732024412089025536.000000 -2313.692383 1220.541504 487.093719 0.070726 0.997459 -0.008513 -0.997358 0.070573 -0.017195 -0.016551 0.009707 0.999816 
1732024412122367232.000000 -2315.295166 1220.318726 474.129517 0.070948 0.997451 -0.007569 -0.997406 0.070848 -0.012715 -0.012146 0.008452 0.999891 
1732024412155709184.000000 -2317.587158 1219.985352 456.671326 0.067163 0.997730 -0.004817 -0.997694 0.067112 -0.010139 -0.009792 0.005487 0.999937 
1732024412189051136.000000 -2319.498291 1219.917358 443.630646 0.063708 0.997956 -0.005111 -0.997911 0.063649 -0.011067 -0.010719 0.005805 0.999926 
1732024412222393088.000000 -2320.981445 1219.597290 430.639069 0.063423 0.997981 -0.003484 -0.997948 0.063389 -0.009039 -0.008800 0.004050 0.999953 
1732024412255735040.000000 -2323.335693 1219.827271 413.946045 0.059131 0.998245 -0.003113 -0.998189 0.059093 -0.011286 -0.011083 0.003775 0.999931 
1732024412289076736.000000 -2324.962402 1219.713135 400.639618 0.056076 0.998399 -0.007425 -0.998374 0.055995 -0.010636 -0.010204 0.008010 0.999916 
1732024412322418688.000000 -2326.622314 1219.783447 388.117584 0.052536 0.998602 -0.005765 -0.998580 0.052482 -0.009162 -0.008846 0.006238 0.999941 
1732024412355760640.000000 -2328.512939 1219.048340 370.703003 0.050932 0.998687 -0.005483 -0.998678 0.050892 -0.007297 -0.007008 0.005848 0.999958 
1732024412389102336.000000 -2329.732666 1218.319336 357.529480 0.051985 0.998607 -0.009018 -0.998640 0.051947 -0.004451 -0.003977 0.009237 0.999949 
1732024412422444288.000000 -2330.936279 1217.765503 345.133148 0.052750 0.998592 -0.005566 -0.998602 0.052730 -0.003607 -0.003308 0.005748 0.999978 
1732024412455786496.000000 -2333.000488 1217.859253 329.082458 0.047362 0.998868 -0.004467 -0.998849 0.047326 -0.007840 -0.007620 0.004834 0.999959 
1732024412489126912.000000 -2334.639648 1218.036011 317.105347 0.046182 0.998913 -0.006378 -0.998872 0.046107 -0.011370 -0.011063 0.006896 0.999915 
1732024412522466816.000000 -2335.909180 1217.573120 304.762360 0.047236 0.998857 -0.007365 -0.998783 0.047125 -0.014573 -0.014209 0.008045 0.999867 
1732024412555807488.000000 -2337.108643 1216.812744 288.221985 0.052213 0.998592 -0.009396 -0.998552 0.052084 -0.013463 -0.012955 0.010085 0.999865 
1732024412589148160.000000 -2338.774902 1217.328125 277.037109 0.047206 0.998843 -0.009210 -0.998659 0.046997 -0.021713 -0.021255 0.010223 0.999722 
1732024412622489088.000000 -2339.290771 1216.656494 265.351807 0.052103 0.998557 -0.013040 -0.998428 0.051817 -0.021378 -0.020671 0.014133 0.999686 
1732024412655829760.000000 -2340.820068 1216.789551 251.542343 0.051017 0.998622 -0.012265 -0.998278 0.050636 -0.029597 -0.028935 0.013754 0.999487 
1732024412689170432.000000 -2341.642822 1216.902100 241.790863 0.049878 0.998698 -0.010695 -0.998181 0.049484 -0.034429 -0.033855 0.012392 0.999350 
1732024412722511104.000000 -2342.250244 1217.063843 232.299026 0.048168 0.998786 -0.010313 -0.998145 0.047747 -0.037779 -0.037241 0.012113 0.999233 
1732024412755851776.000000 -2342.639648 1217.051270 220.418137 0.046181 0.998873 -0.010943 -0.998115 0.045697 -0.040956 -0.040409 0.012814 0.999101 
1732024412789192448.000000 -2342.867676 1217.073120 212.732468 0.045307 0.998966 -0.003905 -0.998071 0.045099 -0.042657 -0.042437 0.005831 0.999082 
1732024412822533120.000000 -2343.279297 1217.358154 205.373474 0.043818 0.999030 -0.004477 -0.997976 0.043564 -0.046317 -0.046077 0.006498 0.998917 
1732024412855873792.000000 -2343.461914 1217.687500 195.819534 0.044175 0.999005 -0.006188 -0.997991 0.043847 -0.045725 -0.045408 0.008195 0.998935 
1732024412889214208.000000 -2342.963135 1217.199951 188.633698 0.049209 0.998783 -0.003205 -0.998015 0.049044 -0.039512 -0.039306 0.005143 0.999214 
1732024412922554880.000000 -2343.676270 1217.734375 183.404495 0.045955 0.998938 0.003181 -0.997975 0.046050 -0.043875 -0.043975 -0.001158 0.999032 
1732024412955895808.000000 -2344.031494 1218.639404 176.960083 0.045481 0.998961 0.002753 -0.997677 0.045562 -0.050651 -0.050724 -0.000443 0.998713 
1732024412989235456.000000 -2344.214600 1219.300171 172.582169 0.045748 0.998947 0.003551 -0.997423 0.045875 -0.055160 -0.055265 -0.001018 0.998471 
1732024413022575872.000000 -2343.479248 1220.314453 167.516220 0.046790 0.998904 -0.001460 -0.997622 0.046656 -0.050724 -0.050600 0.003830 0.998712 
1732024413055916544.000000 -2343.233398 1220.635864 163.264114 0.045856 0.998928 0.006309 -0.997779 0.046106 -0.048065 -0.048305 -0.004091 0.998824 
1732024413089256960.000000 -2342.949219 1221.245728 161.089630 0.045965 0.998911 0.007970 -0.997837 0.046288 -0.046671 -0.046989 -0.005807 0.998879 
1732024413122597632.000000 -2342.556641 1221.489380 159.247452 0.046440 0.998909 0.005001 -0.997793 0.046625 -0.047280 -0.047462 -0.002794 0.998869 
1732024413155938304.000000 -2342.216553 1222.129150 157.917801 0.046540 0.998899 0.005821 -0.997856 0.046758 -0.045795 -0.046017 -0.003677 0.998934 
1732024413189278720.000000 -2342.096436 1223.129761 158.309036 0.045936 0.998944 0.000551 -0.997561 0.045901 -0.052578 -0.052547 0.001866 0.998617 
1732024413222619648.000000 -2341.680420 1223.356567 159.169815 0.045432 0.998967 0.001330 -0.997488 0.045437 -0.054343 -0.054347 0.001142 0.998521 
1732024413255960064.000000 -2341.196777 1224.079468 162.044937 0.044713 0.998998 0.001949 -0.997484 0.044752 -0.054983 -0.055016 0.000515 0.998485 
1732024413289300736.000000 -2340.606445 1223.604858 164.591827 0.044192 0.998991 0.007946 -0.997756 0.044535 -0.049987 -0.050290 -0.005719 0.998718 
1732024413322640896.000000 -2340.311035 1224.102295 168.902573 0.042797 0.999069 0.005376 -0.997746 0.043017 -0.051494 -0.051678 -0.003160 0.998659 
1732024413355981568.000000 -2339.751953 1224.669312 175.971725 0.042903 0.999074 0.003352 -0.997727 0.043020 -0.051874 -0.051971 -0.001119 0.998648 
1732024413389321984.000000 -2339.308105 1224.563843 181.936554 0.043633 0.999044 0.002573 -0.997801 0.043707 -0.049819 -0.049884 -0.000393 0.998755 
1732024413422661376.000000 -2338.680176 1224.271118 188.271317 0.044761 0.998972 0.007162 -0.998021 0.045033 -0.043889 -0.044167 -0.005184 0.999011 
1732024413456002048.000000 -2337.802734 1224.649658 198.245316 0.046389 0.998914 0.004292 -0.997964 0.046532 -0.043612 -0.043765 -0.002260 0.999039 
1732024413489344000.000000 -2337.464111 1225.789307 206.956314 0.045854 0.998947 -0.001611 -0.997725 0.045718 -0.049542 -0.049417 0.003879 0.998771 
1732024413522685440.000000 -2336.635986 1226.216064 215.541168 0.047075 0.998887 -0.002997 -0.997578 0.046860 -0.051397 -0.051200 0.005409 0.998674 
1732024413556027392.000000 -2335.483154 1226.248535 227.337051 0.048104 0.998838 0.003002 -0.997663 0.048193 -0.048433 -0.048521 -0.000665 0.998822 
1732024413589368832.000000 -2334.434570 1226.493164 236.890488 0.047580 0.998867 -0.000030 -0.997479 0.047512 -0.052711 -0.052650 0.002538 0.998610 
1732024413622710784.000000 -2333.327881 1226.676270 246.964874 0.048637 0.998805 0.004813 -0.997569 0.048816 -0.049738 -0.049913 -0.002382 0.998751 
1732024413656052480.000000 -2332.050293 1227.711426 261.662842 0.050049 0.998746 0.000921 -0.997293 0.050026 -0.053898 -0.053876 0.001779 0.998546 
1732024413689394176.000000 -2330.744629 1227.700562 272.621490 0.052441 0.998611 0.005166 -0.997436 0.052630 -0.048489 -0.048693 -0.002610 0.998810 
1732024413722736128.000000 -2329.917725 1229.202881 284.963470 0.051599 0.998668 0.000844 -0.997221 0.051569 -0.053761 -0.053732 0.001933 0.998554 
1732024413756078080.000000 -2328.612305 1230.171753 301.223053 0.050662 0.998714 -0.001994 -0.997269 0.050481 -0.053906 -0.053736 0.004720 0.998544 
1732024413789419776.000000 -2327.880859 1230.933716 313.584991 0.050982 0.998687 -0.005004 -0.997414 0.050662 -0.050983 -0.050663 0.007590 0.998687 
1732024413822761472.000000 -2327.144287 1231.626587 326.281158 0.049847 0.998734 -0.006738 -0.997506 0.049446 -0.050372 -0.049975 0.009232 0.998708 
1732024413856101888.000000 -2326.174316 1232.266357 343.149384 0.048380 0.998812 -0.005754 -0.997823 0.048072 -0.045153 -0.044823 0.007926 0.998964 
1732024413889443840.000000 -2325.275391 1232.587036 356.105408 0.047219 0.998883 -0.001460 -0.998146 0.047128 -0.038508 -0.038396 0.003276 0.999257 
1732024413922785792.000000 -2324.976318 1233.485840 370.094543 0.044825 0.998984 -0.004712 -0.998206 0.044601 -0.039940 -0.039689 0.006493 0.999191 
1732024413956127488.000000 -2323.748047 1234.008179 387.734100 0.044562 0.998999 -0.003812 -0.998442 0.044409 -0.033780 -0.033576 0.005311 0.999422 
1732024413989469184.000000 -2322.632812 1234.238403 401.355804 0.045193 0.998978 -0.000703 -0.998487 0.045148 -0.031398 -0.031334 0.002120 0.999507 
1732024414022811136.000000 -2321.572998 1234.788940 414.495453 0.043080 0.999069 -0.002159 -0.998695 0.043005 -0.027538 -0.027419 0.003342 0.999618 
1732024414056152832.000000 -2319.331787 1234.884155 431.382202 0.044943 0.998989 -0.001324 -0.998789 0.044908 -0.020095 -0.020016 0.002225 0.999797 
1732024414089494784.000000 -2317.450928 1234.859253 443.520050 0.047337 0.998872 -0.003635 -0.998789 0.047284 -0.013624 -0.013437 0.004275 0.999901 
1732024414122836224.000000 -2314.981445 1234.971558 460.486389 0.048563 0.998820 0.000721 -0.998725 0.048568 -0.013746 -0.013765 -0.000053 0.999905 
1732024414156178176.000000 -2313.677002 1236.294312 473.836945 0.045363 0.998969 -0.001997 -0.998769 0.045313 -0.020202 -0.020091 0.002911 0.999794 
1732024414189520128.000000 -2311.899170 1237.061768 486.593781 0.045962 0.998938 -0.003073 -0.998716 0.045886 -0.021486 -0.021322 0.004057 0.999764 
1732024414222861824.000000 -2309.295410 1237.752441 503.503357 0.045933 0.998943 -0.001739 -0.998656 0.045878 -0.024107 -0.024002 0.002844 0.999708 
1732024414256203776.000000 -2307.338379 1238.314453 515.492126 0.045084 0.998980 -0.002536 -0.998632 0.045000 -0.026618 -0.026477 0.003733 0.999642 
1732024414289545472.000000 -2305.279541 1238.991333 527.937073 0.044114 0.999026 0.000228 -0.998596 0.044102 -0.029333 -0.029315 0.001066 0.999570 
1732024414322886144.000000 -2302.890137 1239.171387 539.158813 0.045469 0.998963 -0.002133 -0.998603 0.045395 -0.027056 -0.026932 0.003360 0.999632 
1732024414356228096.000000 -2300.500732 1240.860474 555.286194 0.041590 0.999133 -0.001643 -0.998596 0.041514 -0.032893 -0.032796 0.003008 0.999458 
1732024414389569792.000000 -2298.910156 1242.083374 566.925476 0.039530 0.999213 -0.003230 -0.998518 0.039381 -0.037571 -0.037414 0.004710 0.999289 
1732024414422911744.000000 -2296.370117 1242.929810 581.675476 0.041517 0.999125 -0.005001 -0.998360 0.041287 -0.039657 -0.039416 0.006639 0.999201 
1732024414456253440.000000 -2294.786133 1244.007202 592.908142 0.040020 0.999170 -0.007632 -0.998296 0.039658 -0.042808 -0.042470 0.009332 0.999054 
1732024414489594368.000000 -2293.085205 1244.524292 603.743164 0.041240 0.999137 -0.004933 -0.998314 0.041003 -0.041077 -0.040839 0.006619 0.999144 
1732024414522935552.000000 -2291.116943 1245.784790 618.089600 0.041437 0.999133 -0.004139 -0.998404 0.041247 -0.038585 -0.038380 0.005732 0.999247 
1732024414556276480.000000 -2289.534180 1246.170898 628.176086 0.045040 0.998980 -0.003185 -0.998408 0.044906 -0.034120 -0.033942 0.004717 0.999413 
1732024414589617664.000000 -2288.930908 1247.769043 639.081360 0.043731 0.999043 -0.001083 -0.998382 0.043662 -0.036424 -0.036342 0.002674 0.999336 
1732024414622958592.000000 -2287.275146 1248.542358 651.737610 0.048348 0.998830 0.000417 -0.998421 0.048340 -0.028629 -0.028616 0.000968 0.999590 
1732024414656299776.000000 -2286.289551 1249.472290 661.004944 0.051818 0.998657 0.000322 -0.998364 0.051810 -0.024200 -0.024184 0.000933 0.999707 
1732024414689640960.000000 -2285.455566 1250.345703 670.339722 0.054334 0.998516 0.003634 -0.998268 0.054402 -0.022385 -0.022549 -0.002411 0.999743 
1732024414722981632.000000 -2284.047607 1250.725586 681.620850 0.060328 0.998174 0.003118 -0.998045 0.060371 -0.016160 -0.016319 -0.002137 0.999865 
1732024414756321792.000000 -2283.264160 1250.876465 690.112854 0.063259 0.997971 0.007229 -0.997902 0.063351 -0.013343 -0.013774 -0.006370 0.999885 
1732024414789662720.000000 -2282.844238 1251.541748 698.910889 0.062079 0.998016 0.010506 -0.997933 0.062242 -0.016010 -0.016632 -0.009491 0.999817 
1732024414823003904.000000 -2282.292969 1251.999878 707.291199 0.062649 0.997906 0.016080 -0.997906 0.062892 -0.015102 -0.016081 -0.015100 0.999757 
1732024414856344832.000000 -2281.564209 1251.691895 717.700073 0.067123 0.997560 0.019213 -0.997569 0.067460 -0.017458 -0.018711 -0.017994 0.999663 
1732024414889685760.000000 -2281.515137 1251.624268 725.556824 0.068329 0.997448 0.020698 -0.997384 0.068786 -0.022235 -0.023602 -0.019124 0.999538 
1732024414923026688.000000 -2281.023926 1251.228027 735.065735 0.072634 0.997109 0.022302 -0.997029 0.073167 -0.024084 -0.025647 -0.020487 0.999461 
1732024414956367872.000000 -2280.698486 1250.642578 741.581604 0.076037 0.996911 0.019674 -0.996789 0.076495 -0.023672 -0.025104 -0.017810 0.999526 
1732024414989708544.000000 -2280.910889 1250.716064 748.240479 0.076539 0.996865 0.020053 -0.996639 0.077080 -0.027734 -0.029193 -0.017863 0.999414 
1732024415023049728.000000 -2280.735840 1250.211304 753.406067 0.078974 0.996695 0.019029 -0.996481 0.079466 -0.026646 -0.028070 -0.016858 0.999464 
1732024415056390912.000000 -2280.520752 1249.625122 758.795410 0.080638 0.996606 0.016539 -0.996419 0.081024 -0.024165 -0.025423 -0.014532 0.999571 
1732024415089731840.000000 -2280.724854 1249.289795 762.493347 0.079105 0.996642 0.021159 -0.996474 0.079651 -0.026373 -0.027969 -0.018998 0.999428 
1732024415123072768.000000 -2281.071045 1248.933838 765.975342 0.077071 0.996742 0.023764 -0.996563 0.077740 -0.028623 -0.030377 -0.021477 0.999308 
1732024415156413696.000000 -2281.403564 1248.637207 768.102722 0.073988 0.996919 0.026035 -0.996668 0.074818 -0.032495 -0.034343 -0.023544 0.999133 
1732024415189753856.000000 -2281.514648 1248.447388 769.478577 0.073158 0.997009 0.024919 -0.996708 0.073965 -0.033195 -0.034939 -0.022409 0.999138 
1732024415223094784.000000 -2281.901855 1248.669556 771.118530 0.070436 0.997224 0.024154 -0.996860 0.071247 -0.034546 -0.036171 -0.021645 0.999111 
1732024415256435712.000000 -2282.157227 1248.646240 772.310486 0.070139 0.997218 0.025244 -0.996770 0.071055 -0.037430 -0.039120 -0.022537 0.998980 
1732024415289776640.000000 -2282.653564 1249.104980 773.367798 0.067627 0.997439 0.023268 -0.996814 0.068536 -0.040796 -0.042286 -0.020435 0.998897 
1732024415323117568.000000 -2282.879639 1249.250977 774.387756 0.068511 0.997458 0.019615 -0.996771 0.069263 -0.040627 -0.041882 -0.016768 0.998982 
1732024415356458496.000000 -2283.024170 1249.363647 775.207581 0.067861 0.997471 0.021123 -0.996804 0.068679 -0.040795 -0.042142 -0.018287 0.998944 
1732024415389799424.000000 -2283.143311 1249.420654 775.814148 0.067399 0.997496 0.021417 -0.996799 0.068246 -0.041633 -0.042991 -0.018542 0.998903 
1732024415423140608.000000 -2283.223633 1249.484619 776.120422 0.066986 0.997465 0.024005 -0.996821 0.067944 -0.041601 -0.043127 -0.021142 0.998846 
1732024415456481280.000000 -2283.317627 1249.341187 775.383850 0.066492 0.997529 0.022707 -0.996859 0.067394 -0.041598 -0.043025 -0.019870 0.998876 
1732024415489822464.000000 -2283.500244 1249.300171 774.273315 0.065731 0.997585 0.022422 -0.996755 0.066690 -0.045071 -0.046457 -0.019387 0.998732 
1732024415523163392.000000 -2283.506592 1249.052002 771.037720 0.067009 0.997513 0.021853 -0.996734 0.067914 -0.043691 -0.045066 -0.018854 0.998806 
1732024415556504576.000000 -2283.390137 1248.694824 767.999939 0.068686 0.997293 0.026264 -0.996648 0.069767 -0.042728 -0.044444 -0.023241 0.998741 
1732024415589845504.000000 -2283.724854 1249.009399 764.394714 0.066880 0.997439 0.025359 -0.996634 0.067990 -0.045799 -0.047405 -0.022210 0.998629 
1732024415623186688.000000 -2283.639160 1248.499268 757.376160 0.068393 0.997338 0.025273 -0.996594 0.069468 -0.044446 -0.046084 -0.022147 0.998692 
1732024415656526592.000000 -2283.592285 1248.091064 751.266479 0.069591 0.997187 0.027833 -0.996615 0.070721 -0.041919 -0.043769 -0.024821 0.998733 
1732024415689867776.000000 -2284.072510 1248.349976 744.712402 0.068253 0.997329 0.026000 -0.996627 0.069349 -0.043890 -0.045576 -0.022917 0.998698 
