1732022629468496640.000000 -2365.801758 56.275078 139.813583 0.998429 -0.055972 0.002764 0.055959 0.998424 0.004353 -0.003004 -0.004192 0.999987
1732022629501839872.000000 -2365.821045 56.304474 139.862106 0.998430 -0.055953 0.002693 0.055942 0.998425 0.004129 -0.002920 -0.003972 0.999988
1732022629535181056.000000 -2366.092773 57.130653 140.366104 0.998621 -0.051890 0.007919 0.051886 0.998653 0.000828 -0.007951 -0.000416 0.999968
1732022629568519680.000000 -2366.037842 57.163044 140.391052 0.998653 -0.051152 0.008738 0.051150 0.998691 0.000424 -0.008749 0.000023 0.999962
1732022629601855744.000000 -2366.030762 57.190308 140.408829 0.998665 -0.050909 0.008755 0.050908 0.998703 0.000423 -0.008765 0.000023 0.999962
1732022629635189760.000000 -2366.011475 57.183441 140.401169 0.998663 -0.050947 0.008736 0.050947 0.998701 0.000297 -0.008740 0.000148 0.999962
1732022629668521472.000000 -2366.022705 57.150112 140.430786 0.998653 -0.051124 0.008909 0.051124 0.998692 0.000241 -0.008910 0.000215 0.999960
1732022629701850880.000000 -2365.967529 57.458710 140.603653 0.998751 -0.048804 0.010748 0.048819 0.998807 -0.001105 -0.010681 0.001628 0.999942
1732022629735177984.000000 -2366.020508 57.220070 140.456238 0.998675 -0.050654 0.009082 0.050653 0.998716 0.000278 -0.009084 0.000182 0.999959
1732022629768503040.000000 -2366.020264 57.152359 140.401443 0.998658 -0.051030 0.008839 0.051028 0.998697 0.000544 -0.008855 -0.000092 0.999961
1732022629801825536.000000 -2365.862549 56.997231 140.290176 0.998631 -0.051658 0.008243 0.051668 0.998664 -0.001087 -0.008176 0.001512 0.999965
1732022629835145472.000000 -2365.884277 57.003559 140.282349 0.998629 -0.051666 0.008355 0.051676 0.998664 -0.000892 -0.008298 0.001323 0.999965
1732022629868463872.000000 -2365.822998 57.037483 140.366364 0.998645 -0.051316 0.008613 0.051328 0.998681 -0.001104 -0.008545 0.001544 0.999962
1732022629901778176.000000 -2365.797363 57.147449 140.709686 0.998672 -0.050805 0.008492 0.050827 0.998705 -0.002298 -0.008364 0.002727 0.999961
1732022629968402432.000000 -2365.208252 57.145588 142.835083 0.998905 -0.046316 0.006634 0.046405 0.998826 -0.013932 -0.005981 0.014225 0.999881
1732022630001711104.000000 -2365.077637 57.099339 146.999619 0.999157 -0.040129 0.008666 0.040380 0.998703 -0.031026 -0.007410 0.031350 0.999481
1732022630035017728.000000 -2364.847412 56.637077 152.153107 0.999329 -0.036604 -0.001381 0.036480 0.997942 -0.052734 0.003309 0.052648 0.998608
1732022630068321536.000000 -2364.939453 55.664978 156.699905 0.999155 -0.041083 -0.001280 0.040973 0.997985 -0.048446 0.003268 0.048352 0.998825
1732022630101623552.000000 -2364.834473 54.404812 163.309860 0.999298 -0.036366 -0.008949 0.035905 0.998239 -0.047213 0.010651 0.046858 0.998845
1732022630134923008.000000 -2365.393799 53.102386 174.293839 0.999406 -0.034445 -0.000870 0.034437 0.999376 -0.007789 0.001137 0.007754 0.999969
1732022630168220928.000000 -2365.628662 52.577869 181.985229 0.999433 -0.033640 0.001044 0.033630 0.999399 0.008377 -0.001325 -0.008337 0.999964
1732022630201501440.000000 -2365.716553 52.499424 187.410919 0.999429 -0.033736 0.001970 0.033707 0.999345 0.013169 -0.002413 -0.013096 0.999911
1732022630234777856.000000 -2365.536865 52.442154 193.587906 0.999467 -0.032550 -0.002428 0.032568 0.999437 0.008096 0.002163 -0.008171 0.999964
1732022630268051200.000000 -2365.222168 52.545132 205.405533 0.999354 -0.035826 -0.002669 0.035832 0.999355 0.002279 0.002586 -0.002373 0.999994
1732022630301320960.000000 -2365.285645 53.109943 214.888229 0.999223 -0.038332 0.009158 0.038309 0.999263 0.002599 -0.009251 -0.002246 0.999955
1732022630334586368.000000 -2364.585938 51.834751 226.081390 0.999085 -0.042730 -0.001818 0.042704 0.999012 -0.012301 0.002342 0.012212 0.999923
1732022630367849472.000000 -2363.910889 50.329708 242.846802 0.998884 -0.047204 -0.001752 0.047162 0.998704 -0.019105 0.002651 0.019001 0.999816
1732022630401109248.000000 -2363.562988 49.020290 256.426453 0.998663 -0.051465 0.004784 0.051536 0.998538 -0.016305 -0.003938 0.016530 0.999856
1732022630434365440.000000 -2362.772949 47.109936 271.676239 0.998546 -0.053792 0.003473 0.053848 0.998376 -0.018609 -0.002467 0.018769 0.999821
1732022630467618560.000000 -2361.663330 44.268089 293.896576 0.998484 -0.055028 0.001530 0.055048 0.998254 -0.021394 -0.000350 0.021446 0.999770
1732022630500867840.000000 -2360.609131 42.093914 310.738159 0.998228 -0.059482 0.001327 0.059497 0.998072 -0.017670 -0.000273 0.017717 0.999843
1732022630534113792.000000 -2359.457764 39.829994 328.103210 0.998174 -0.060396 -0.000514 0.060382 0.998072 -0.014360 0.001381 0.014303 0.999897
1732022630567356672.000000 -2357.792480 38.087490 351.598083 0.998320 -0.057776 0.004309 0.057809 0.998295 -0.008036 -0.003837 0.008272 0.999958
1732022630600595712.000000 -2356.284912 36.324593 368.040344 0.998221 -0.059381 0.005287 0.059393 0.998233 -0.002040 -0.005157 0.002350 0.999984
1732022630633831424.000000 -2354.850098 34.899040 384.111725 0.998023 -0.062587 0.005815 0.062568 0.998035 0.003342 -0.006012 -0.002971 0.999978
1732022630667064064.000000 -2352.974609 33.202675 404.587036 0.997825 -0.065380 0.008381 0.065319 0.997837 0.007353 -0.008843 -0.006790 0.999938
1732022630700293376.000000 -2351.245117 32.047478 419.563995 0.997745 -0.066883 0.005594 0.066848 0.997744 0.006190 -0.005996 -0.005802 0.999965
1732022630733518848.000000 -2349.901611 31.333487 434.031281 0.997618 -0.068579 0.007495 0.068510 0.997609 0.009109 -0.008102 -0.008573 0.999930
1732022630766740992.000000 -2347.957520 30.098204 452.441864 0.997268 -0.073554 0.006863 0.073473 0.997232 0.011412 -0.007683 -0.010876 0.999911
1732022630799959040.000000 -2346.675537 29.122732 465.672272 0.997072 -0.076167 0.006723 0.076080 0.997024 0.012462 -0.007652 -0.011914 0.999900
1732022630833174528.000000 -2345.481934 28.581799 478.748718 0.996809 -0.079512 0.007047 0.079388 0.996708 0.016460 -0.008333 -0.015848 0.999840
1732022630866386432.000000 -2343.699707 27.574497 495.164612 0.996573 -0.082520 0.005714 0.082374 0.996353 0.022242 -0.007529 -0.021695 0.999736
1732022630899595008.000000 -2342.985596 27.670074 507.419312 0.996540 -0.082839 0.006694 0.082630 0.996215 0.026996 -0.008905 -0.026350 0.999613
1732022630932800256.000000 -2341.681152 27.372740 518.809875 0.996515 -0.083143 0.006775 0.082899 0.996088 0.030603 -0.009293 -0.029934 0.999509
1732022630966002176.000000 -2339.993652 26.772526 533.500122 0.996434 -0.084148 0.006180 0.083897 0.995915 0.033372 -0.008963 -0.032735 0.999424
1732022630999200768.000000 -2338.618164 26.613998 544.038818 0.996596 -0.082203 0.006260 0.081929 0.995996 0.035762 -0.009175 -0.035127 0.999341
1732022631032395520.000000 -2337.611572 26.298792 554.173340 0.996666 -0.081259 0.007395 0.080934 0.996036 0.036904 -0.010365 -0.036182 0.999291
1732022631065587200.000000 -2336.049805 25.748627 566.947632 0.996928 -0.077487 0.011376 0.077007 0.996312 0.037851 -0.014268 -0.036859 0.999219
1732022631098775296.000000 -2335.213135 25.441996 576.386047 0.997129 -0.073879 0.016620 0.073160 0.996503 0.040366 -0.019544 -0.039035 0.999047
1732022631131960064.000000 -2333.989014 24.797663 585.345581 0.997354 -0.069717 0.020599 0.068788 0.996713 0.042800 -0.023515 -0.041270 0.998871
1732022631165143296.000000 -2332.997803 23.746145 597.304626 0.997557 -0.066256 0.022163 0.065219 0.996872 0.044640 -0.025051 -0.043086 0.998757
1732022631198483200.000000 -2332.232422 23.098154 605.877319 0.997509 -0.065781 0.025483 0.064523 0.996789 0.047417 -0.028520 -0.045655 0.998550
1732022631231822336.000000 -2331.477051 22.295160 614.281006 0.997414 -0.067458 0.024798 0.066223 0.996667 0.047643 -0.027929 -0.045877 0.998557
1732022631265162240.000000 -2330.889648 21.428080 625.607422 0.997351 -0.068707 0.023900 0.067459 0.996488 0.049599 -0.027223 -0.047855 0.998483
1732022631298501888.000000 -2330.345459 20.461193 634.196899 0.997199 -0.071572 0.021714 0.070406 0.996245 0.050381 -0.025238 -0.048711 0.998494
1732022631331842048.000000 -2329.881836 19.474482 642.590393 0.997047 -0.074081 0.020233 0.072941 0.995967 0.052236 -0.024021 -0.050606 0.998430
1732022631365181696.000000 -2329.775146 18.210197 653.995972 0.996810 -0.077575 0.018758 0.076483 0.995649 0.053226 -0.022805 -0.051621 0.998406
1732022631398521088.000000 -2329.572754 16.875717 662.465454 0.996671 -0.079103 0.019737 0.077948 0.995511 0.053679 -0.023895 -0.051962 0.998363
1732022631431861248.000000 -2329.955811 15.046999 670.638794 0.996402 -0.082468 0.019546 0.081325 0.995255 0.053413 -0.023858 -0.051631 0.998381
1732022631465200640.000000 -2329.811768 13.593740 681.832214 0.996298 -0.083506 0.020437 0.082342 0.995227 0.052376 -0.024713 -0.050499 0.998418
1732022631498540544.000000 -2329.651855 12.700637 690.047729 0.996172 -0.084667 0.021742 0.083416 0.995098 0.053112 -0.026132 -0.051095 0.998352
1732022631531880192.000000 -2329.407227 11.878450 698.056152 0.996088 -0.085578 0.022010 0.084315 0.995027 0.053031 -0.026439 -0.050968 0.998350
1732022631565219840.000000 -2328.996094 11.481004 708.451538 0.995935 -0.087825 0.019988 0.086657 0.994814 0.053255 -0.024561 -0.051307 0.998381
1732022631598559488.000000 -2328.327393 11.478335 715.799683 0.995746 -0.090064 0.019458 0.088937 0.994649 0.052577 -0.024090 -0.050622 0.998427
1732022631631898880.000000 -2327.915771 11.792780 722.838379 0.995639 -0.091620 0.017566 0.090536 0.994380 0.054874 -0.022494 -0.053045 0.998339
1732022631665237760.000000 -2326.738525 12.202001 731.176208 0.995280 -0.095516 0.017142 0.094376 0.993839 0.058110 -0.022587 -0.056218 0.998163
1732022631698576896.000000 -2325.978027 12.854292 736.784119 0.995075 -0.097722 0.016597 0.096543 0.993449 0.061139 -0.022463 -0.059236 0.997991
1732022631731916544.000000 -2324.829346 13.671831 741.318298 0.994946 -0.099348 0.014576 0.098240 0.993145 0.063335 -0.020768 -0.061583 0.997886
1732022631765255936.000000 -2323.254395 15.017489 745.512512 0.994734 -0.101612 0.013370 0.100567 0.992885 0.063762 -0.019753 -0.062081 0.997876
1732022631798595072.000000 -2322.151855 15.783469 747.098633 0.994698 -0.102215 0.011317 0.101301 0.992829 0.063471 -0.017724 -0.061988 0.997920
1732022631831934720.000000 -2321.148682 16.654493 747.071472 0.994567 -0.103498 0.011193 0.102548 0.992550 0.065792 -0.017919 -0.064286 0.997771
1732022631865273856.000000 -2320.058838 17.523603 744.402344 0.994518 -0.103847 0.012212 0.102780 0.992346 0.068449 -0.019227 -0.066819 0.997580
1732022631898613248.000000 -2319.545166 18.183765 740.842041 0.994387 -0.104877 0.013973 0.103664 0.992168 0.069687 -0.021172 -0.067847 0.997471
1732022631931952640.000000 -2319.235352 18.843380 736.276062 0.994160 -0.106865 0.015043 0.105605 0.992059 0.068307 -0.022223 -0.066320 0.997551
1732022631965292032.000000 -2319.061523 19.726860 728.628906 0.993914 -0.108999 0.015963 0.107727 0.991987 0.066002 -0.023029 -0.063881 0.997692
1732022631998631168.000000 -2319.104736 20.224020 721.521484 0.993700 -0.110995 0.015506 0.109769 0.991821 0.065137 -0.022609 -0.063025 0.997756
1732022632031970560.000000 -2319.002686 20.264423 713.696594 0.993658 -0.111387 0.015354 0.110219 0.991912 0.062946 -0.022241 -0.060854 0.997899
1732022632065309440.000000 -2319.161865 20.261604 702.365112 0.993641 -0.111645 0.014626 0.110626 0.992168 0.058004 -0.020988 -0.056017 0.998209
1732022632098648832.000000 -2319.424561 20.236465 692.924255 0.993626 -0.111884 0.013772 0.110945 0.992225 0.056396 -0.019975 -0.054509 0.998313
1732022632131986944.000000 -2319.245605 19.892654 682.625671 0.993840 -0.109828 0.014829 0.108877 0.992569 0.054346 -0.020687 -0.052397 0.998412
1732022632165325824.000000 -2319.945557 19.663918 668.648254 0.993916 -0.109182 0.014514 0.108321 0.992821 0.050728 -0.019948 -0.048847 0.998607
1732022632198669056.000000 -2320.221436 19.392841 657.609802 0.994101 -0.107431 0.014912 0.106612 0.993153 0.047762 -0.019941 -0.045891 0.998747
1732022632232011776.000000 -2320.466553 19.316181 646.001831 0.994423 -0.104348 0.015323 0.103587 0.993644 0.044071 -0.019824 -0.042238 0.998911
1732022632265354752.000000 -2320.763184 18.721830 630.040283 0.994738 -0.100979 0.017316 0.100249 0.994205 0.038828 -0.021136 -0.036888 0.999096
1732022632298697728.000000 -2320.899902 18.355030 617.509583 0.994944 -0.098500 0.019601 0.097737 0.994536 0.036677 -0.023106 -0.034575 0.999135
1732022632332040704.000000 -2321.101807 17.776396 604.507996 0.995121 -0.096188 0.021947 0.095407 0.994850 0.034207 -0.025124 -0.031947 0.999174
1732022632365383936.000000 -2321.318848 17.233667 586.943848 0.995309 -0.094289 0.021650 0.093586 0.995113 0.031477 -0.024513 -0.029303 0.999270
1732022632398726912.000000 -2321.163086 17.396772 573.677002 0.995585 -0.090873 0.023515 0.090124 0.995443 0.031159 -0.026239 -0.028902 0.999238
1732022632432070144.000000 -2321.264648 16.926928 560.018616 0.995670 -0.090310 0.022026 0.089662 0.995555 0.028815 -0.024530 -0.026715 0.999342
1732022632465413120.000000 -2321.464600 16.501034 541.473328 0.995612 -0.091141 0.021212 0.090563 0.995530 0.026790 -0.023559 -0.024752 0.999416
1732022632498756352.000000 -2321.687988 16.210609 527.132690 0.995428 -0.093825 0.017872 0.093373 0.995325 0.024685 -0.020104 -0.022904 0.999536
1732022632532099584.000000 -2321.713379 16.045835 512.842102 0.995494 -0.093095 0.018034 0.092606 0.995356 0.026286 -0.020398 -0.024497 0.999492
1732022632565441536.000000 -2321.958984 15.414714 493.053589 0.995391 -0.094483 0.016405 0.094053 0.995247 0.025261 -0.018714 -0.023602 0.999546
1732022632598785024.000000 -2322.039307 15.301049 478.337646 0.995453 -0.093765 0.016775 0.093316 0.995302 0.025798 -0.019115 -0.024115 0.999526
1732022632632128256.000000 -2321.742432 14.652026 463.248322 0.995518 -0.092769 0.018366 0.092301 0.995421 0.024866 -0.020589 -0.023059 0.999522
1732022632665471488.000000 -2322.144775 14.621258 444.009979 0.995756 -0.090519 0.016628 0.090177 0.995720 0.020258 -0.018391 -0.018672 0.999656
1732022632698814720.000000 -2322.092041 14.287064 429.380768 0.995930 -0.088274 0.018178 0.087870 0.995890 0.021955 -0.020041 -0.020269 0.999594
1732022632732157952.000000 -2322.556885 13.972441 415.080109 0.996093 -0.086773 0.016384 0.086434 0.996049 0.020392 -0.018089 -0.018896 0.999658
1732022632765501184.000000 -2322.691162 13.631771 396.320801 0.996464 -0.082615 0.015338 0.082281 0.996383 0.021223 -0.017036 -0.019886 0.999657
1732022632798844928.000000 -2322.907471 13.403620 382.652222 0.996593 -0.081569 0.012236 0.081335 0.996514 0.018539 -0.013706 -0.017481 0.999753
1732022632832188160.000000 -2323.532959 13.278093 369.105804 0.996768 -0.079107 0.014021 0.078821 0.996691 0.019869 -0.015547 -0.018699 0.999704
1732022632865531392.000000 -nan -nan -nan -nan -nan -nan -nan -nan -nan -nan -nan -nan
1732022632898874880.000000 -2324.309326 13.216169 338.748901 0.997121 -0.075216 0.009634 0.075026 0.997005 0.018771 -0.011017 -0.017994 0.999777
1732022632932218368.000000 -2324.815430 13.084584 326.134918 0.997108 -0.075885 0.004039 0.075804 0.996971 0.017421 -0.005349 -0.017064 0.999840
1732022632965561856.000000 -nan -nan -nan -nan -nan -nan -nan -nan -nan -nan -nan -nan
1732022632998904320.000000 -2325.066895 11.719083 297.294067 0.996817 -0.079196 -0.009134 0.079355 0.996671 0.018693 0.007623 -0.019358 0.999784
1732022633032247808.000000 -2325.547852 11.850864 285.881592 0.996713 -0.079969 -0.013008 0.080197 0.996614 0.018120 0.011515 -0.019104 0.999751
1732022633065591552.000000 -2326.084473 12.503721 271.417755 0.996921 -0.077502 -0.011913 0.077651 0.996900 0.012636 0.010897 -0.013523 0.999849
1732022633098935040.000000 -2326.390625 12.603022 260.707703 0.996797 -0.078604 -0.014718 0.078776 0.996826 0.011473 0.013770 -0.012596 0.999826
1732022633132278784.000000 -2326.574219 12.350781 250.322479 0.996917 -0.077256 -0.013723 0.077403 0.996944 0.010525 0.012868 -0.011554 0.999850
1732022633165622272.000000 -2326.630615 11.736207 237.467407 0.996883 -0.077441 -0.015091 0.077607 0.996926 0.010768 0.014211 -0.011905 0.999828
1732022633198964480.000000 -2326.931885 11.474788 228.635315 0.996702 -0.079405 -0.016724 0.079602 0.996760 0.011496 0.015757 -0.012790 0.999794
1732022633232306944.000000 -2327.146240 11.264269 220.357651 0.996747 -0.079254 -0.014648 0.079446 0.996753 0.013074 0.013564 -0.014196 0.999807
1732022633265649408.000000 -2327.264893 11.077252 210.384125 0.996770 -0.078819 -0.015411 0.079011 0.996798 0.012310 0.014392 -0.013488 0.999805
1732022633298991360.000000 -2327.326660 10.939366 203.211441 0.996814 -0.078521 -0.014023 0.078709 0.996808 0.013383 0.012927 -0.014444 0.999812
1732022633332333824.000000 -2327.492188 10.747699 196.504761 0.996792 -0.078431 -0.015952 0.078613 0.996843 0.011101 0.015031 -0.012319 0.999811
1732022633365676288.000000 -2327.825195 10.504886 187.987793 0.996882 -0.077599 -0.014300 0.077727 0.996937 0.008634 0.013586 -0.009719 0.999860
1732022633399018496.000000 -2328.017578 9.495728 181.810226 0.996845 -0.077894 -0.015244 0.077982 0.996941 0.005267 0.014787 -0.006439 0.999870
1732022633432360960.000000 -2328.207031 9.049961 176.254150 0.996889 -0.077733 -0.013046 0.077755 0.996972 0.001240 0.012910 -0.002251 0.999914
1732022633465702400.000000 -2328.381836 8.483778 169.908951 0.997024 -0.076474 -0.009716 0.076437 0.997066 -0.004156 0.010006 0.003401 0.999944
1732022633499044608.000000 -2328.844727 8.105946 166.248306 0.997084 -0.075986 -0.007069 0.075961 0.997104 -0.003745 0.007334 0.003197 0.999968
1732022633532387072.000000 -2329.016846 7.354245 162.765228 0.996964 -0.077471 -0.007840 0.077418 0.996975 -0.006836 0.008346 0.006208 0.999946
1732022633565729280.000000 -2329.472656 6.450188 159.298279 0.996982 -0.077335 -0.006759 0.077306 0.996997 -0.004500 0.007086 0.003964 0.999967
1732022633599071744.000000 -2329.600586 5.857212 157.092453 0.997063 -0.076454 -0.004426 0.076437 0.997067 -0.003925 0.004713 0.003575 0.999982
1732022633632414208.000000 -2329.845947 5.387092 155.229309 0.996941 -0.077971 -0.005339 0.077956 0.996952 -0.002952 0.005553 0.002527 0.999981
1732022633665756672.000000 -2329.953369 4.492066 152.763168 0.997009 -0.077166 -0.004296 0.077153 0.997014 -0.003180 0.004529 0.002839 0.999986
1732022633699098880.000000 -2330.066895 4.194761 151.480820 0.996914 -0.078317 -0.005418 0.078300 0.996924 -0.003377 0.005666 0.002942 0.999980
1732022633732441344.000000 -2330.254395 4.074835 150.494629 0.997158 -0.075210 -0.004299 0.075197 0.997164 -0.002963 0.004510 0.002632 0.999986
1732022633765784064.000000 -2330.246826 3.962343 149.756531 0.997268 -0.073811 -0.002774 0.073795 0.997260 -0.005238 0.003153 0.005019 0.999982
1732022633799126272.000000 -2330.156494 3.476487 150.318680 0.997277 -0.072876 -0.011256 0.072719 0.997257 -0.013800 0.012231 0.012944 0.999841
1732022633832468736.000000 -2330.382080 4.466432 151.475983 0.997480 -0.070866 -0.003433 0.070808 0.997381 -0.014767 0.004471 0.014487 0.999885
1732022633865811456.000000 -2330.508545 3.885205 154.338669 0.997321 -0.072781 -0.007280 0.072677 0.997263 -0.013556 0.008247 0.012990 0.999882
1732022633899152640.000000 -2330.571533 3.889168 158.092926 0.997395 -0.071919 -0.005570 0.071850 0.997347 -0.011712 0.006398 0.011282 0.999916
1732022633932495104.000000 -2330.479492 3.759582 162.915115 0.997450 -0.071084 -0.006367 0.071013 0.997417 -0.010786 0.007117 0.010306 0.999922
1732022633965837824.000000 -2329.974609 3.102974 170.980942 0.997475 -0.070671 -0.006979 0.070589 0.997441 -0.011331 0.007762 0.010810 0.999911
1732022633999180288.000000 -2329.902344 3.039919 178.612045 0.997597 -0.068842 -0.007870 0.068729 0.997540 -0.013791 0.008800 0.013217 0.999874
1732022634032522752.000000 -2329.672852 2.567899 187.229858 0.997711 -0.067168 -0.007863 0.067066 0.997669 -0.012586 0.008690 0.012029 0.999890
1732022634065865216.000000 -2329.156982 1.874720 199.679489 0.997872 -0.064830 -0.006918 0.064739 0.997822 -0.012619 0.007721 0.012145 0.999896
1732022634099207936.000000 -2328.536133 1.206623 209.486755 0.997979 -0.063407 -0.004086 0.063371 0.997953 -0.008545 0.004619 0.008269 0.999955
1732022634132550144.000000 -2328.106445 0.676999 220.272430 0.998076 -0.061954 -0.002511 0.061935 0.998056 -0.006895 0.002934 0.006726 0.999973
1732022634165892864.000000 -2327.404053 0.234547 235.394470 0.998135 -0.060992 -0.002583 0.060976 0.998123 -0.005771 0.002930 0.005603 0.999980
1732022634199233280.000000 -2326.640381 -0.224156 247.166412 0.998337 -0.057652 -0.000212 0.057650 0.998328 -0.004144 0.000451 0.004125 0.999991
1732022634232573696.000000 -2326.167480 -0.507603 259.244720 0.998336 -0.057668 0.000304 0.057669 0.998319 -0.005752 0.000028 0.005760 0.999983
1732022634265914368.000000 -2325.472168 -0.978009 275.906738 0.998367 -0.057104 0.001394 0.057114 0.998327 -0.008972 -0.000879 0.009037 0.999959
1732022634299254784.000000 -2324.623047 -2.080119 288.039581 0.998188 -0.060161 -0.001175 0.060154 0.998175 -0.005264 0.001490 0.005184 0.999985
1732022634332594176.000000 -nan -nan -nan -nan -nan -nan -nan -nan -nan -nan -nan -nan
1732022634365934848.000000 -2323.573730 -2.955100 317.912140 0.998165 -0.060265 0.005951 0.060295 0.998168 -0.005002 -0.005639 0.005352 0.999970
1732022634399275008.000000 -2323.126221 -3.769500 330.761688 0.998085 -0.061665 0.004789 0.061701 0.998064 -0.007885 -0.004293 0.008165 0.999957
1732022634432615680.000000 -2323.023193 -3.003853 344.255737 0.998237 -0.058017 0.012496 0.058116 0.998280 -0.007760 -0.012025 0.008473 0.999892
1732022634465956096.000000 -2322.447998 -3.675275 361.540863 0.998167 -0.059282 0.012153 0.059362 0.998216 -0.006340 -0.011756 0.007049 0.999906
1732022634499296512.000000 -2321.797119 -4.107098 374.377258 0.998182 -0.058302 0.015311 0.058360 0.998290 -0.003411 -0.015086 0.004299 0.999877
1732022634532636928.000000 -2321.804199 -4.739235 387.402039 0.998077 -0.060585 0.013127 0.060631 0.998155 -0.003105 -0.012914 0.003895 0.999909
1732022634565977344.000000 -2321.373291 -5.894718 404.469971 0.998011 -0.061917 0.011874 0.061926 0.998081 -0.000358 -0.011829 0.001092 0.999929
1732022634599317504.000000 -2321.031250 -6.502859 417.581329 0.998148 -0.058665 0.016100 0.058669 0.998277 0.000191 -0.016084 0.000754 0.999870
1732022634632658176.000000 -2320.892334 -7.564201 430.326141 0.998160 -0.058306 0.016644 0.058284 0.998298 0.001824 -0.016722 -0.000851 0.999860
1732022634665998336.000000 -2320.886230 -8.687532 447.189880 0.998238 -0.055964 0.019710 0.055893 0.998428 0.004144 -0.019911 -0.003035 0.999797
1732022634699339008.000000 -2320.902832 -9.744915 459.645935 0.998253 -0.055117 0.021274 0.055035 0.998475 0.004381 -0.021483 -0.003203 0.999764
1732022634732679168.000000 -2321.034180 -10.679564 471.981476 0.998280 -0.053845 0.023174 0.053767 0.998546 0.003975 -0.023354 -0.002722 0.999724
1732022634766019584.000000 -2321.465332 -12.190683 487.995270 0.998218 -0.053999 0.025401 0.053929 0.998539 0.003429 -0.025549 -0.002053 0.999671
1732022634799358720.000000 -2321.045410 -13.599385 499.480042 0.998254 -0.052046 0.027936 0.051925 0.998638 0.005049 -0.028161 -0.003590 0.999597
1732022634832699392.000000 -2321.049316 -14.739128 510.817474 0.998318 -0.050329 0.028785 0.050129 0.998714 0.007642 -0.029132 -0.006186 0.999556
1732022634866039552.000000 -2320.838379 -16.389452 525.552673 0.998397 -0.047805 0.030303 0.047440 0.998794 0.012657 -0.030871 -0.011199 0.999461
1732022634899379968.000000 -2320.685547 -17.522034 536.571167 0.998441 -0.046546 0.030793 0.046089 0.998819 0.015378 -0.031472 -0.013934 0.999407
1732022634932719872.000000 -2320.722900 -18.385944 547.977783 0.998397 -0.045744 0.033326 0.045120 0.998796 0.019246 -0.034166 -0.017711 0.999259
1732022634966060288.000000 -2320.645264 -19.595932 562.550415 0.998424 -0.045269 0.033177 0.044604 0.998794 0.020540 -0.034067 -0.019028 0.999238
1732022634999400704.000000 -2320.131104 -20.333401 573.182251 0.998519 -0.043441 0.032753 0.042733 0.998844 0.021992 -0.033670 -0.020560 0.999222
1732022635032741120.000000 -2320.033447 -21.387566 584.051758 0.998357 -0.044796 0.035739 0.044052 0.998802 0.021318 -0.036651 -0.019708 0.999134
1732022635066081024.000000 -2320.239990 -21.869698 598.266479 0.998258 -0.046348 0.036505 0.045641 0.998758 0.019969 -0.037385 -0.018268 0.999134
1732022635099421440.000000 -2319.626221 -22.240700 608.216187 0.998285 -0.046119 0.036059 0.045365 0.998740 0.021460 -0.037003 -0.019787 0.999119
1732022635132761600.000000 -2319.855469 -22.307251 618.387878 0.998027 -0.051096 0.036477 0.050409 0.998538 0.019516 -0.037421 -0.017638 0.999144
1732022635166102016.000000 -2318.830322 -22.828110 630.635681 0.997961 -0.054166 0.033751 0.053523 0.998373 0.019654 -0.034761 -0.017807 0.999237
1732022635199443456.000000 -2318.463379 -22.246433 639.872192 0.997789 -0.057567 0.033217 0.056938 0.998186 0.019581 -0.034284 -0.017647 0.999256
1732022635232784384.000000 -2318.648682 -22.421892 648.738647 0.997514 -0.063682 0.030165 0.063228 0.997875 0.015750 -0.031104 -0.013804 0.999421
1732022635266126336.000000 -2317.846191 -21.956158 659.684204 0.997349 -0.067016 0.028341 0.066626 0.997673 0.014462 -0.029244 -0.012535 0.999494
1732022635299468288.000000 -2317.485840 -21.650274 667.658081 0.997150 -0.069617 0.029090 0.069209 0.997492 0.014809 -0.030048 -0.012754 0.999467
1732022635332810240.000000 -2317.035645 -21.304096 674.957825 0.997008 -0.071212 0.030060 0.070729 0.997353 0.016857 -0.031181 -0.014680 0.999406
1732022635366151936.000000 -2316.641846 -21.166822 684.556396 0.996739 -0.074290 0.031511 0.073760 0.997120 0.017665 -0.032733 -0.015283 0.999347
1732022635399493888.000000 -2316.617432 -20.607367 691.279968 0.996539 -0.076617 0.032241 0.076087 0.996950 0.017360 -0.033473 -0.014847 0.999329
1732022635432835840.000000 -2316.440674 -19.760666 697.422302 0.996316 -0.079168 0.032981 0.078624 0.996751 0.017465 -0.034257 -0.014808 0.999303
1732022635466177792.000000 -2316.140869 -18.944323 704.699829 0.996161 -0.081743 0.031320 0.081156 0.996509 0.019573 -0.032810 -0.016957 0.999318
1732022635499519488.000000 -2315.702881 -18.127399 709.371826 0.996062 -0.083234 0.030542 0.082602 0.996353 0.021412 -0.032213 -0.018805 0.999304
1732022635532861440.000000 -2315.616211 -17.135342 713.462646 0.995995 -0.084856 0.028182 0.084255 0.996204 0.021870 -0.029931 -0.019408 0.999364
1732022635566203392.000000 -2315.419922 -16.249313 717.589966 0.995993 -0.085743 0.025426 0.085181 0.996113 0.022424 -0.027250 -0.020168 0.999425
1732022635599545344.000000 -2315.314697 -15.606458 719.796143 0.996069 -0.085073 0.024663 0.084422 0.996083 0.026310 -0.026804 -0.024124 0.999350
1732022635632887040.000000 -2315.479736 -15.023233 721.180786 0.996152 -0.084682 0.022574 0.084068 0.996097 0.026889 -0.024763 -0.024888 0.999384
1732022635666227968.000000 -2315.855713 -14.318835 721.774963 0.996254 -0.083115 0.023885 0.082371 0.996131 0.030627 -0.026338 -0.028545 0.999245
1732022635699570176.000000 -2316.479736 -13.835962 721.204590 0.996338 -0.081806 0.024861 0.080951 0.996150 0.033650 -0.027518 -0.031514 0.999124
1732022635732911872.000000 -2317.629150 -13.147017 718.960510 0.996261 -0.082660 0.025128 0.081733 0.996008 0.035892 -0.027995 -0.033704 0.999040
1732022635766253824.000000 -2318.349365 -12.856906 716.631348 0.996209 -0.082470 0.027694 0.081528 0.996106 0.033566 -0.030355 -0.031181 0.999053
1732022635799595776.000000 -2318.907715 -12.751409 713.379578 0.996261 -0.080802 0.030584 0.079794 0.996270 0.032849 -0.033124 -0.030286 0.998992
1732022635832937728.000000 -2319.853027 -12.481457 709.305054 0.996206 -0.081579 0.030292 0.080619 0.996242 0.031665 -0.032761 -0.029102 0.999039
1732022635866279680.000000 -2320.469971 -12.832742 703.029297 0.996083 -0.082623 0.031511 0.081672 0.996197 0.030363 -0.033899 -0.027670 0.999042
1732022635899621632.000000 -2320.644531 -13.175121 697.541687 0.996100 -0.083163 0.029489 0.082286 0.996163 0.029789 -0.031854 -0.027247 0.999121
1732022635932963584.000000 -2320.753906 -13.194915 689.121155 0.996216 -0.083474 0.024187 0.082757 0.996140 0.029274 -0.026538 -0.027162 0.999279
1732022635966305536.000000 -2320.424805 -13.463699 681.803040 0.996251 -0.083969 0.020806 0.083279 0.996010 0.032088 -0.023418 -0.030235 0.999268
1732022635999647488.000000 -2320.370361 -13.403251 673.840637 0.996260 -0.084435 0.018355 0.083846 0.996002 0.030804 -0.020882 -0.029150 0.999357
1732022636032989440.000000 -2320.582275 -12.428239 662.777283 0.996382 -0.083348 0.016638 0.082901 0.996219 0.025995 -0.018742 -0.024522 0.999524
1732022636066331392.000000 -2320.598389 -11.955750 653.445251 0.996361 -0.084076 0.013987 0.083722 0.996195 0.024212 -0.015969 -0.022953 0.999609
1732022636099673344.000000 -2320.682129 -11.532474 643.399719 0.996298 -0.084984 0.012977 0.084675 0.996150 0.022701 -0.014856 -0.021518 0.999658
1732022636133014528.000000 -2320.638184 -11.065338 632.756348 0.996238 -0.085673 0.013032 0.085370 0.996101 0.022253 -0.014887 -0.021057 0.999667
1732022636166356480.000000 -2321.065674 -9.926495 618.048584 0.995930 -0.089582 0.009910 0.089368 0.995793 0.020249 -0.011682 -0.019281 0.999746
1732022636199698176.000000 -2321.240967 -9.289321 606.595398 0.995751 -0.091859 0.006399 0.091717 0.995589 0.019751 -0.008185 -0.019081 0.999784
1732022636233040128.000000 -2321.169434 -8.330909 590.915649 0.995687 -0.092766 0.001419 0.092713 0.995452 0.021922 -0.003447 -0.021695 0.999759
1732022636266382080.000000 -2321.510010 -7.664885 578.793884 0.995512 -0.094626 -0.001446 0.094634 0.995248 0.022916 -0.000730 -0.022950 0.999736
1732022636299723776.000000 -2321.869141 -6.931400 566.868774 0.995476 -0.094994 -0.001907 0.095013 0.995207 0.023132 -0.000299 -0.023208 0.999731
1732022636333065728.000000 -2322.147705 -6.290943 550.576660 0.995542 -0.094303 -0.001479 0.094315 0.995391 0.017353 -0.000164 -0.017415 0.999848
1732022636366407424.000000 -2322.804688 -5.687729 538.191345 0.995551 -0.094230 0.000079 0.094220 0.995458 0.013628 -0.001363 -0.013560 0.999907
1732022636399749632.000000 -2323.112061 -5.344424 525.582031 0.995659 -0.093033 0.002902 0.092995 0.995603 0.011253 -0.003936 -0.010934 0.999932
1732022636433091328.000000 -2323.527588 -5.315360 508.200470 0.995802 -0.091401 0.004996 0.091367 0.995795 0.006696 -0.005587 -0.006212 0.999965
1732022636466433024.000000 -2323.918701 -5.012538 495.207489 0.996023 -0.088950 0.005103 0.088920 0.996022 0.005727 -0.005592 -0.005251 0.999971
1732022636499775232.000000 -2323.863525 -4.880303 482.288940 0.996281 -0.086087 0.003681 0.086077 0.996285 0.002722 -0.003902 -0.002395 0.999990
1732022636533116928.000000 -2323.162598 -4.558477 464.924469 0.996736 -0.080682 0.002686 0.080685 0.996739 -0.000967 -0.002600 0.001181 0.999996
1732022636566458112.000000 -2323.131836 -5.146852 451.622986 0.996765 -0.080339 -0.002376 0.080351 0.996752 0.005479 0.001929 -0.005652 0.999982
1732022636599799808.000000 -2323.012207 -4.648443 438.990143 0.997303 -0.073394 -0.000591 0.073396 0.997283 0.006314 0.000126 -0.006340 0.999980
1732022636633141760.000000 -2322.603760 -5.138571 421.321106 0.997543 -0.069912 -0.004514 0.069959 0.997485 0.011355 0.003709 -0.011643 0.999925
1732022636666483712.000000 -2322.593018 -5.088866 408.361084 0.997839 -0.065561 -0.004270 0.065618 0.997733 0.014911 0.003283 -0.015159 0.999880
1732022636699825408.000000 -2322.621338 -4.826366 395.516022 0.997857 -0.065157 -0.006026 0.065220 0.997812 0.010875 0.005304 -0.011245 0.999923
1732022636733167360.000000 -2322.689941 -4.613728 382.583008 0.997997 -0.062992 -0.005763 0.063047 0.997961 0.009936 0.005125 -0.010279 0.999934
1732022636766509312.000000 -2322.993652 -4.153925 365.777618 0.998171 -0.060397 -0.002475 0.060413 0.998150 0.006795 0.002060 -0.006932 0.999974
1732022636799851520.000000 -2323.092285 -4.088777 353.477356 0.998319 -0.057955 0.000012 0.057954 0.998301 0.006071 -0.000364 -0.006061 0.999982
1732022636833193216.000000 -2322.778076 -3.991251 337.649414 0.998584 -0.053179 0.001385 0.053173 0.998577 0.004112 -0.001601 -0.004033 0.999991
1732022636866535168.000000 -2322.862061 -3.509916 326.311462 0.998603 -0.052842 0.000223 0.052841 0.998598 0.003150 -0.000390 -0.003134 0.999995
1732022636899877376.000000 -2322.655518 -3.088278 315.225677 0.998723 -0.050518 0.000252 0.050517 0.998716 0.003727 -0.000440 -0.003709 0.999993
1732022636933219072.000000 -2322.187500 -2.458989 300.996582 0.998792 -0.049028 -0.003269 0.049042 0.998787 0.004458 0.003046 -0.004613 0.999985
1732022636966561024.000000 -2321.827881 -2.036730 290.146179 0.998880 -0.046986 -0.005590 0.047022 0.998873 0.006395 0.005283 -0.006651 0.999964
1732022636999901952.000000 -2321.616211 -1.259324 279.691895 0.998848 -0.047232 -0.008525 0.047321 0.998824 0.010563 0.008016 -0.010955 0.999908
1732022637033243904.000000 -2321.234619 -0.107179 266.112671 0.998799 -0.047606 -0.011625 0.047746 0.998786 0.012136 0.011033 -0.012677 0.999859
1732022637066586112.000000 -2320.871338 1.024980 256.220551 0.998791 -0.047513 -0.012629 0.047674 0.998782 0.012739 0.012008 -0.013326 0.999839
1732022637099927552.000000 -2320.659424 2.283507 246.733032 0.998798 -0.047390 -0.012539 0.047541 0.998797 0.012005 0.011955 -0.012587 0.999849
1732022637133269760.000000 -2321.010254 4.087961 234.176926 0.998702 -0.049982 -0.009772 0.050119 0.998641 0.014261 0.009046 -0.014732 0.999851
1732022637166611968.000000 -2321.080078 5.234974 224.929092 0.998649 -0.051498 -0.006950 0.051594 0.998566 0.014285 0.006204 -0.014625 0.999874
1732022637199953408.000000 -2321.005371 6.251310 215.862686 0.998596 -0.052450 -0.007436 0.052559 0.998500 0.015347 0.006619 -0.015717 0.999855
1732022637233294848.000000 -2321.224854 8.273776 204.611023 0.998475 -0.054932 -0.005563 0.055020 0.998337 0.017233 0.004607 -0.017512 0.999836
1732022637266636288.000000 -2321.265137 9.412452 196.336945 0.998360 -0.056838 -0.006795 0.056936 0.998260 0.015327 0.005912 -0.015689 0.999859
1732022637299977728.000000 -2321.261963 10.486485 188.981216 0.998347 -0.056856 -0.008405 0.056966 0.998286 0.013392 0.007629 -0.013849 0.999875
1732022637333319424.000000 -2321.424072 11.302078 181.824112 0.998384 -0.056309 -0.007667 0.056403 0.998327 0.012720 0.006938 -0.013132 0.999890
1732022637366660864.000000 -2321.646973 11.991328 173.568924 0.998442 -0.055156 -0.008432 0.055264 0.998384 0.013222 0.007689 -0.013668 0.999877
1732022637400002560.000000 -2321.792480 12.344871 167.960464 0.998528 -0.053474 -0.009052 0.053579 0.998494 0.011778 0.008409 -0.012246 0.999890
1732022637433344000.000000 -2322.093262 12.585902 161.439529 0.998665 -0.051178 -0.006956 0.051258 0.998616 0.011790 0.006343 -0.012130 0.999906
1732022637466684672.000000 -2322.442383 12.632233 157.173004 0.998722 -0.050032 -0.007143 0.050106 0.998689 0.010521 0.006607 -0.010865 0.999919
1732022637500026112.000000 -2322.633057 12.534492 153.339951 0.998912 -0.046376 -0.004906 0.046414 0.998890 0.008065 0.004527 -0.008284 0.999955
1732022637533367552.000000 -2323.143555 12.519529 149.392151 0.998977 -0.044891 -0.005402 0.044896 0.998991 0.000676 0.005366 -0.000918 0.999985
1732022637566709248.000000 -2323.088135 12.178929 146.835724 0.999084 -0.042555 -0.004490 0.042554 0.999094 -0.000196 0.004494 0.000005 0.999990
1732022637600050688.000000 -2323.197998 11.787349 145.360291 0.999075 -0.042449 -0.006884 0.042419 0.999090 -0.004396 0.007064 0.004100 0.999967
1732022637633392128.000000 -2323.389160 11.133669 144.860138 0.999158 -0.040925 -0.002993 0.040931 0.999160 0.001985 0.002909 -0.002105 0.999994
1732022637666733824.000000 -2323.429932 10.888079 145.366302 0.999157 -0.040959 -0.002942 0.040972 0.999150 0.004512 0.002755 -0.004629 0.999986
1732022637700075264.000000 -2323.381348 10.828275 146.380081 0.999124 -0.041543 -0.005133 0.041550 0.999136 0.001258 0.005076 -0.001470 0.999986
1732022637733416704.000000 -2323.230713 11.068811 149.271286 0.999075 -0.042455 -0.006856 0.042411 0.999079 -0.006493 0.007125 0.006196 0.999955
1732022637766758400.000000 -2323.132812 10.848919 152.387161 0.999065 -0.042862 -0.005746 0.042816 0.999052 -0.007850 0.006077 0.007597 0.999953
1732022637800099840.000000 -2322.894531 10.355645 156.282883 0.999088 -0.042445 -0.004564 0.042415 0.999079 -0.006520 0.004836 0.006320 0.999968
1732022637833441536.000000 -2323.024902 9.981911 163.499680 0.999026 -0.044121 -0.000620 0.044116 0.999008 -0.006001 0.000884 0.005967 0.999982
1732022637866782976.000000 -2323.171631 9.525089 169.831985 0.998945 -0.045889 0.002016 0.045896 0.998940 -0.003463 -0.001855 0.003552 0.999992
1732022637900123648.000000 -2323.089111 9.332994 177.303528 0.998937 -0.046027 0.002531 0.046033 0.998937 -0.002467 -0.002414 0.002581 0.999994
1732022637933465344.000000 -2323.251465 9.227491 188.665253 0.998879 -0.047120 0.004467 0.047107 0.998885 0.003018 -0.004604 -0.002805 0.999985
1732022637966806528.000000 -2323.183594 9.044031 197.990204 0.998826 -0.048218 0.004705 0.048203 0.998833 0.003152 -0.004851 -0.002921 0.999984
1732022638000148224.000000 -2323.101318 9.037460 207.840393 0.998834 -0.048083 0.004396 0.048069 0.998839 0.003319 -0.004550 -0.003103 0.999985
1732022638033489664.000000 -2323.000244 9.064923 221.787201 0.998773 -0.049210 0.005552 0.049169 0.998764 0.007226 -0.005901 -0.006944 0.999958
1732022638066831360.000000 -2322.800781 9.043375 232.790054 0.998798 -0.048611 0.006246 0.048550 0.998776 0.009496 -0.006700 -0.009182 0.999935
1732022638100173056.000000 -2322.677246 8.743244 244.135742 0.998777 -0.048887 0.007437 0.048805 0.998751 0.010740 -0.007953 -0.010364 0.999915
1732022638133514240.000000 -2322.594727 8.877758 259.968933 0.998704 -0.050054 0.009181 0.049966 0.998705 0.009560 -0.009647 -0.009089 0.999912
1732022638166855936.000000 -2322.804443 9.200666 272.050812 0.998662 -0.050806 0.009691 0.050695 0.998650 0.011365 -0.010256 -0.010858 0.999888
1732022638200196864.000000 -2322.767090 9.074636 284.494568 0.998598 -0.051680 0.011463 0.051551 0.998606 0.011311 -0.012031 -0.010704 0.999870
1732022638233537792.000000 -2322.653564 9.181640 301.287750 0.998583 -0.051580 0.013106 0.051433 0.998612 0.011346 -0.013673 -0.010656 0.999850
1732022638266878720.000000 -2322.668213 9.074540 314.105469 0.998455 -0.053791 0.013929 0.053649 0.998506 0.010378 -0.014466 -0.009615 0.999849
1732022638300219904.000000 -2322.545410 8.873199 327.265900 0.998380 -0.054651 0.015851 0.054509 0.998470 0.009242 -0.016332 -0.008363 0.999832
1732022638333560064.000000 -2322.570557 8.241044 345.068939 0.998270 -0.055863 0.018313 0.055675 0.998392 0.010616 -0.018877 -0.009578 0.999776
1732022638366901248.000000 -2322.632812 7.868214 358.537445 0.998219 -0.056201 0.020011 0.055951 0.998351 0.012867 -0.020701 -0.011725 0.999717
1732022638400242432.000000 -2322.449463 7.575965 372.134552 0.998268 -0.055009 0.020864 0.054724 0.998404 0.013976 -0.021599 -0.012810 0.999685
1732022638433583360.000000 -2322.593750 7.297351 390.690796 0.998246 -0.054413 0.023316 0.054058 0.998416 0.015577 -0.024127 -0.014289 0.999607
1732022638466924544.000000 -2322.440186 6.621493 404.131134 0.998115 -0.055763 0.025628 0.055311 0.998307 0.018007 -0.026589 -0.016556 0.999509
1732022638500265472.000000 -2322.626221 6.318259 417.720184 0.998098 -0.056440 0.024803 0.055963 0.998242 0.019521 -0.025862 -0.018096 0.999502
1732022638533606656.000000 -2323.026123 6.020671 436.038391 0.998013 -0.057236 0.026358 0.056553 0.998062 0.025947 -0.027792 -0.024405 0.999316
1732022638566947584.000000 -2323.598877 5.551462 449.673157 0.997822 -0.060073 0.027267 0.059234 0.997775 0.030592 -0.029044 -0.028911 0.999160
1732022638600288512.000000 -2323.725830 4.410755 462.937225 0.997611 -0.062836 0.028722 0.061856 0.997512 0.033818 -0.030775 -0.031961 0.999015
1732022638633629440.000000 -2324.696045 3.695013 480.427429 0.997526 -0.064563 0.027812 0.063374 0.997119 0.041689 -0.030423 -0.039823 0.998743
1732022638666970368.000000 -2325.196533 3.188806 494.506927 0.997271 -0.065815 0.033447 0.064552 0.997208 0.037536 -0.035824 -0.035274 0.998735
1732022638700311552.000000 -2325.530518 2.453277 507.683044 0.997221 -0.066381 0.033817 0.065060 0.997128 0.038771 -0.036293 -0.036464 0.998676
