1732024283922707712.000000 -2371.128662 1200.508911 134.909592 0.031299 0.999372 0.016618 -0.999363 0.031005 0.017679 0.017152 -0.017161 0.999706 
1732024283956050176.000000 -2371.147461 1200.497437 134.940842 0.031346 0.999370 0.016669 -0.999362 0.031052 0.017634 0.017105 -0.017211 0.999706 
1732024283989390336.000000 -2371.132568 1200.440918 134.927628 0.031371 0.999367 0.016783 -0.999359 0.031072 0.017795 0.017262 -0.017331 0.999701 
1732024284022729216.000000 -2371.125732 1200.446655 134.921921 0.031496 0.999365 0.016652 -0.999356 0.031200 0.017743 0.017212 -0.017200 0.999704 
1732024284056065536.000000 -2371.121826 1200.416870 134.854141 0.031553 0.999359 0.016884 -0.999352 0.031250 0.017890 0.017351 -0.017437 0.999697 
1732024284089400320.000000 -2371.064453 1200.386963 134.812698 0.031574 0.999361 0.016728 -0.999347 0.031270 0.018094 0.017559 -0.017288 0.999696 
1732024284122733056.000000 -2371.060303 1200.364868 134.786484 0.031662 0.999358 0.016752 -0.999343 0.031357 0.018175 0.017639 -0.017317 0.999694 
1732024284156064000.000000 -2371.057129 1200.335938 134.744202 0.031818 0.999354 0.016735 -0.999340 0.031515 0.018064 0.017525 -0.017298 0.999697 
1732024284222720000.000000 -2371.050049 1200.340942 134.745651 0.031731 0.999353 0.016941 -0.999340 0.031422 0.018255 0.017710 -0.017509 0.999690 
1732024284256045056.000000 -2371.046631 1200.406982 134.762558 0.031807 0.999354 0.016727 -0.999340 0.031503 0.018113 0.017574 -0.017292 0.999696 
1732024284289368320.000000 -2371.049072 1200.380981 134.732620 0.031738 0.999355 0.016826 -0.999340 0.031431 0.018202 0.017662 -0.017393 0.999693 
1732024284322689792.000000 -2371.061279 1200.402222 134.740555 0.031728 0.999356 0.016736 -0.999345 0.031428 0.017933 0.017395 -0.017294 0.999699 
1732024284356008192.000000 -2371.057129 1200.430176 134.774811 0.031666 0.999361 0.016579 -0.999344 0.031365 0.018113 0.017581 -0.017142 0.999698 
1732024284389325824.000000 -2371.060547 1200.491943 134.824539 0.031485 0.999368 0.016479 -0.999349 0.031185 0.018149 0.017623 -0.017039 0.999699 
1732024284422641152.000000 -2370.975830 1200.554688 134.889816 0.031152 0.999376 0.016670 -0.999358 0.030848 0.018206 0.017680 -0.017227 0.999695 
1732024284455955200.000000 -2370.935303 1200.647705 135.000214 0.031012 0.999383 0.016494 -0.999349 0.030698 0.018975 0.018457 -0.017072 0.999684 
1732024284522577152.000000 -2370.931396 1200.735229 135.066925 0.030675 0.999394 0.016467 -0.999358 0.030360 0.019045 0.018534 -0.017041 0.999683 
1732024284555885056.000000 -2370.939941 1200.727661 135.071411 0.030650 0.999391 0.016672 -0.999358 0.030331 0.019065 0.018548 -0.017246 0.999679 
1732024284589191168.000000 -2370.966797 1200.722290 135.081085 0.030670 0.999392 0.016556 -0.999361 0.030356 0.018881 0.018367 -0.017125 0.999685 
1732024284622495488.000000 -2370.963379 1200.709106 135.071106 0.030760 0.999390 0.016552 -0.999357 0.030445 0.018963 0.018447 -0.017125 0.999683 
1732024284655798528.000000 -2371.037109 1200.690552 135.059998 0.030925 0.999382 0.016683 -0.999360 0.030616 0.018490 0.017968 -0.017244 0.999690 
1732024284689075200.000000 -2371.062744 1200.658569 135.045181 0.030963 0.999380 0.016777 -0.999360 0.030653 0.018432 0.017906 -0.017337 0.999689 
1732024284722349056.000000 -2371.048340 1200.682129 135.059219 0.030732 0.999385 0.016859 -0.999370 0.030423 0.018286 0.017762 -0.017410 0.999691 
1732024284755619584.000000 -2371.051270 1200.708740 135.111954 0.030798 0.999384 0.016839 -0.999363 0.030485 0.018569 0.018044 -0.017401 0.999686 
1732024284788885504.000000 -2371.074951 1200.719849 135.140305 0.030562 0.999390 0.016920 -0.999372 0.030248 0.018475 0.017952 -0.017474 0.999686 
1732024284822149632.000000 -2371.055908 1200.752319 135.172104 0.030439 0.999394 0.016872 -0.999375 0.030126 0.018504 0.017985 -0.017424 0.999686 
1732024284855410176.000000 -2371.001953 1200.814697 135.278854 0.030202 0.999399 0.016987 -0.999371 0.029877 0.019103 0.018584 -0.017554 0.999673 
1732024284888667648.000000 -2370.896240 1200.868042 135.420364 0.029624 0.999422 0.016695 -0.999387 0.029303 0.019151 0.018651 -0.017252 0.999677 
1732024284921921792.000000 -2370.702637 1201.224121 135.822327 0.028100 0.999538 0.011602 -0.999504 0.027930 0.014531 0.014201 -0.012005 0.999827 
1732024284955172608.000000 -2369.825928 1201.545410 136.237289 0.022114 0.999590 0.018189 -0.999662 0.021860 0.014056 0.013653 -0.018494 0.999736 
1732024284988420608.000000 -2368.693359 1202.073608 136.519363 0.015985 0.999682 0.019519 -0.999809 0.015761 0.011563 0.011251 -0.019700 0.999743 
1732024285021664768.000000 -2367.813477 1202.389648 136.527695 0.012036 0.999753 0.018708 -0.999872 0.011836 0.010797 0.010573 -0.018835 0.999767 
1732024285054906112.000000 -2367.153564 1203.256958 136.975754 0.007455 0.999868 0.014426 -0.999953 0.007365 0.006288 0.006180 -0.014472 0.999876 
1732024285088144128.000000 -2366.221924 1203.609009 136.839554 0.004467 0.999889 0.014237 -0.999973 0.004384 0.005857 0.005794 -0.014263 0.999882 
1732024285121378560.000000 -2365.442139 1203.225342 136.130356 0.004292 0.999811 0.018973 -0.999908 0.004046 0.012979 0.012900 -0.019027 0.999736 
1732024285154610176.000000 -2365.019287 1203.075684 135.691757 0.005081 0.999813 0.018640 -0.999864 0.004788 0.015768 0.015675 -0.018717 0.999702 
1732024285187838208.000000 -2364.929443 1202.995361 135.587036 0.005902 0.999825 0.017735 -0.999846 0.005608 0.016611 0.016509 -0.017831 0.999705 
1732024285221063680.000000 -2364.982178 1202.896606 135.565231 0.005989 0.999819 0.018052 -0.999848 0.005691 0.016502 0.016397 -0.018148 0.999701 
1732024285254284032.000000 -2365.003174 1202.817505 135.633606 0.006448 0.999819 0.017923 -0.999843 0.006151 0.016610 0.016497 -0.018027 0.999701 
1732024285287502848.000000 -2364.987549 1202.741455 135.947754 0.006972 0.999819 0.017687 -0.999861 0.006703 0.015243 0.015122 -0.017791 0.999727 
1732024285320718080.000000 -2364.976807 1202.594482 136.625946 0.007442 0.999851 0.015605 -0.999924 0.007288 0.009893 0.009778 -0.015677 0.999829 
1732024285353929984.000000 -2364.599854 1201.733032 138.002594 0.009881 0.999762 0.019468 -0.999949 0.009840 0.002169 0.001977 -0.019488 0.999808 
1732024285387138560.000000 -2363.947998 1200.760254 140.157852 0.014746 0.999725 0.018223 -0.999838 0.014930 -0.010041 -0.010311 -0.018072 0.999784 
1732024285420344320.000000 -2363.285645 1199.668457 141.740036 0.019041 0.999703 0.015226 -0.999638 0.019324 -0.018707 -0.018996 -0.014864 0.999709 
1732024285453546752.000000 -2361.803223 1198.188843 143.673645 0.027332 0.999571 0.010502 -0.999366 0.027563 -0.022516 -0.022795 -0.009880 0.999691 
1732024285486745600.000000 -2360.478760 1197.156372 146.071991 0.035099 0.999383 -0.001351 -0.999005 0.035048 -0.027580 -0.027515 0.002317 0.999619 
1732024285519941376.000000 -2359.091797 1195.470825 147.892120 0.044018 0.999014 -0.005849 -0.998741 0.043864 -0.024320 -0.024040 0.006912 0.999687 
1732024285553134080.000000 -2357.918213 1193.803467 149.653366 0.051850 0.998625 -0.007723 -0.998427 0.051671 -0.021751 -0.021322 0.008839 0.999734 
1732024285619509248.000000 -2356.737549 1190.990723 150.998093 0.060639 0.998156 -0.002835 -0.998070 0.060595 -0.013566 -0.013369 0.003652 0.999904 
1732024285652693760.000000 -2355.856934 1189.422974 153.369324 0.065811 0.997823 -0.004146 -0.997733 0.065746 -0.014344 -0.014040 0.005081 0.999889 
1732024285686033152.000000 -2354.855469 1187.868530 156.947144 0.069441 0.997582 -0.002961 -0.997432 0.069377 -0.017754 -0.017505 0.004186 0.999838 
1732024285719373824.000000 -2353.672852 1186.391968 161.713730 0.073246 0.997305 -0.004169 -0.997124 0.073149 -0.019833 -0.019474 0.005610 0.999795 
1732024285752715008.000000 -2351.643555 1185.340698 171.187225 0.077309 0.996950 -0.010705 -0.996687 0.077007 -0.026170 -0.025266 0.012693 0.999600 
1732024285786056192.000000 -2349.903809 1184.727783 179.613434 0.077700 0.996907 -0.011757 -0.996563 0.077323 -0.029723 -0.028722 0.014026 0.999489 
1732024285819397120.000000 -2348.122559 1184.138550 189.498199 0.079287 0.996819 -0.008029 -0.996467 0.079030 -0.028406 -0.027682 0.010253 0.999564 
1732024285852738560.000000 -2346.260254 1183.785522 203.733444 0.080048 0.996722 -0.011711 -0.996490 0.079730 -0.025513 -0.024496 0.013712 0.999606 
1732024285886080000.000000 -2344.978516 1183.321045 215.144852 0.079809 0.996701 -0.014771 -0.996618 0.079493 -0.020833 -0.019590 0.016384 0.999674 
1732024285919421696.000000 -2343.874512 1183.174683 227.049408 0.079378 0.996706 -0.016597 -0.996780 0.079172 -0.012680 -0.011325 0.017550 0.999782 
1732024285952763392.000000 -2342.399902 1182.835938 243.759216 0.077461 0.996873 -0.015640 -0.996983 0.077374 -0.006113 -0.004883 0.016066 0.999859 
1732024285986105088.000000 -2341.578613 1182.909668 256.775757 0.076215 0.997004 -0.013222 -0.997091 0.076203 -0.001380 -0.000368 0.013289 0.999912 
1732024286019446784.000000 -2340.731201 1182.895020 269.258423 0.077491 0.996889 -0.014406 -0.996979 0.077559 0.004249 0.005353 0.014033 0.999887 
1732024286052788992.000000 -2340.038574 1182.726807 285.221039 0.079388 0.996746 -0.013989 -0.996787 0.079526 0.009575 0.010656 0.013184 0.999856 
1732024286086130944.000000 -2339.712158 1183.281982 297.390808 0.079303 0.996805 -0.009556 -0.996791 0.079399 0.010151 0.010878 0.008721 0.999903 
1732024286119472384.000000 -2339.486328 1183.429810 308.887329 0.081098 0.996644 -0.011144 -0.996673 0.081181 0.007223 0.008103 0.010521 0.999912 
1732024286152814336.000000 -2338.934082 1183.655273 323.728729 0.084200 0.996385 -0.011318 -0.996398 0.084305 0.009153 0.010074 0.010507 0.999894 
1732024286186157056.000000 -2338.121826 1183.715210 334.707153 0.087728 0.996079 -0.011415 -0.996027 0.087887 0.014322 0.015269 0.010113 0.999832 
1732024286219499520.000000 -2337.245605 1183.815063 345.618774 0.090283 0.995849 -0.011561 -0.995741 0.090479 0.017723 0.018696 0.009911 0.999776 
1732024286252842496.000000 -2335.593018 1183.791138 360.017822 0.093412 0.995535 -0.013594 -0.995362 0.093694 0.021814 0.022990 0.011494 0.999670 
1732024286286184960.000000 -2334.356445 1184.001099 370.823914 0.093036 0.995599 -0.011236 -0.995376 0.093274 0.022939 0.023886 0.009050 0.999674 
1732024286319528192.000000 -2332.990967 1183.924805 381.490936 0.094589 0.995472 -0.009401 -0.995170 0.094801 0.025475 0.026251 0.006946 0.999631 
1732024286352871168.000000 -2331.338135 1184.377319 395.733521 0.095090 0.995437 -0.007959 -0.995145 0.095260 0.024733 0.025378 0.005569 0.999662 
1732024286386214400.000000 -2330.150146 1184.518188 405.984253 0.096850 0.995268 -0.007804 -0.994950 0.097021 0.025721 0.026357 0.005273 0.999639 
1732024286419557632.000000 -2328.851807 1184.886230 416.134857 0.097756 0.995193 -0.005928 -0.994788 0.097886 0.028540 0.028983 0.003107 0.999575 
1732024286452901120.000000 -2327.818848 1185.615112 426.347961 0.099074 0.995038 -0.009199 -0.994737 0.099278 0.025341 0.026128 0.006640 0.999637 
1732024286486244608.000000 -2326.593750 1186.556763 439.886841 0.100330 0.994906 -0.009760 -0.994660 0.100534 0.023352 0.024214 0.007365 0.999680 
1732024286519588352.000000 -2325.761963 1187.305542 449.793488 0.100683 0.994875 -0.009295 -0.994675 0.100861 0.021171 0.022000 0.007114 0.999733 
1732024286552932352.000000 -2324.671387 1188.664062 462.700775 0.101842 0.994726 -0.012144 -0.994622 0.102047 0.017705 0.018851 0.010276 0.999770 
1732024286586274816.000000 -2323.947998 1189.768433 472.300018 0.102378 0.994677 -0.011658 -0.994587 0.102564 0.016680 0.017787 0.009887 0.999793 
1732024286619618816.000000 -2323.419922 1190.668701 481.490143 0.104855 0.994393 -0.013698 -0.994310 0.105087 0.017472 0.018813 0.011788 0.999754 
1732024286652963072.000000 -2322.876709 1191.847656 493.379883 0.106414 0.994219 -0.014329 -0.994035 0.106718 0.022501 0.023900 0.011850 0.999644 
1732024286686315520.000000 -2322.562988 1192.629028 502.269989 0.107441 0.994141 -0.011879 -0.993810 0.107730 0.027143 0.028264 0.008889 0.999561 
1732024286719668224.000000 -2322.507080 1193.005859 510.717377 0.111386 0.993672 -0.014469 -0.993191 0.111808 0.032725 0.034135 0.010726 0.999360 
1732024286753021184.000000 -2322.689209 1194.380737 522.392029 0.110857 0.993752 -0.012945 -0.993217 0.111238 0.033845 0.035074 0.009105 0.999343 
1732024286786374912.000000 -2322.892578 1194.825562 530.521484 0.113423 0.993433 -0.015043 -0.992811 0.113909 0.036768 0.038240 0.010764 0.999211 
1732024286819728896.000000 -2323.237549 1195.389526 538.790894 0.115336 0.993199 -0.015887 -0.992547 0.115865 0.037768 0.039352 0.011413 0.999160 
1732024286853083392.000000 -2323.979248 1195.828247 549.530273 0.119491 0.992605 -0.021392 -0.991916 0.120280 0.040442 0.042716 0.016387 0.998953 
1732024286886438144.000000 -2324.270752 1196.607544 558.319824 0.121797 0.992385 -0.018357 -0.991674 0.122448 0.039858 0.041803 0.013350 0.999037 
1732024286919793408.000000 -2324.698486 1196.452271 565.778687 0.126245 0.991738 -0.022759 -0.990777 0.127195 0.046710 0.049219 0.016652 0.998649 
1732024286953148672.000000 -2325.174072 1196.879639 576.191833 0.128207 0.991502 -0.022080 -0.990540 0.129117 0.046475 0.048931 0.015913 0.998675 
1732024286986504960.000000 -2325.773926 1197.535645 583.618469 0.128972 0.991423 -0.021155 -0.990388 0.129854 0.047633 0.049972 0.014809 0.998641 
1732024287019860480.000000 -2326.708252 1197.541382 590.091187 0.130014 0.991177 -0.025790 -0.990257 0.131114 0.046911 0.049878 0.019439 0.998566 
1732024287053217280.000000 -2327.673096 1197.763916 598.727722 0.130492 0.991122 -0.025489 -0.990507 0.131446 0.040222 0.043215 0.019999 0.998866 
1732024287086574592.000000 -2328.274902 1197.794067 604.624817 0.132198 0.990871 -0.026418 -0.990383 0.133137 0.037643 0.040816 0.021188 0.998942 
1732024287119932160.000000 -2328.904053 1197.904541 610.529236 0.131429 0.990952 -0.027199 -0.990671 0.132290 0.032720 0.036023 0.022645 0.999094 
1732024287153289984.000000 -2329.344971 1197.864990 617.934753 0.130882 0.991027 -0.027119 -0.990734 0.131746 0.032997 0.036274 0.022549 0.999087 
1732024287186648576.000000 -2329.403564 1197.903442 623.482239 0.130052 0.991168 -0.025935 -0.990801 0.130902 0.034322 0.037414 0.021233 0.999074 
1732024287220007680.000000 -2329.284668 1197.988403 628.880249 0.128514 0.991353 -0.026535 -0.990878 0.129455 0.037438 0.040549 0.021482 0.998947 
1732024287253366784.000000 -2328.963867 1198.040649 635.821777 0.126753 0.991566 -0.027041 -0.991005 0.127767 0.039813 0.042932 0.021751 0.998841 
1732024287286726656.000000 -2328.807617 1198.160034 641.003906 0.124938 0.991832 -0.025673 -0.991284 0.125876 0.038883 0.041797 0.020591 0.998914 
1732024287320086784.000000 -2328.446777 1198.405396 645.789978 0.122216 0.992112 -0.027871 -0.991696 0.123201 0.036895 0.040038 0.023131 0.998930 
1732024287353447168.000000 -2327.818115 1198.688354 651.949219 0.121533 0.992275 -0.024908 -0.991785 0.122405 0.037145 0.039907 0.020189 0.998999 
1732024287386808064.000000 -2327.286377 1199.163696 656.176514 0.119232 0.992569 -0.024287 -0.992060 0.120085 0.037360 0.039999 0.019639 0.999007 
1732024287420169728.000000 -2326.432861 1199.259155 659.769775 0.117753 0.992751 -0.024079 -0.992228 0.118604 0.037639 0.040222 0.019459 0.999001 
1732024287453530368.000000 -2325.250244 1200.014648 664.286682 0.116079 0.992954 -0.023851 -0.992405 0.116933 0.038202 0.040722 0.019236 0.998985 
1732024287486892800.000000 -2324.163574 1200.212524 667.048340 0.116478 0.992947 -0.022114 -0.992369 0.117259 0.038120 0.040444 0.017505 0.999028 
1732024287520254976.000000 -2323.183105 1200.671631 669.317078 0.115945 0.993009 -0.022128 -0.992525 0.116685 0.035763 0.038095 0.017816 0.999115 
1732024287553618176.000000 -2321.855713 1201.204346 671.443237 0.117074 0.992918 -0.020190 -0.992389 0.117745 0.036069 0.038191 0.015814 0.999145 
1732024287586981888.000000 -2321.030518 1201.737793 672.080322 0.117331 0.992896 -0.019760 -0.992373 0.117980 0.035734 0.037812 0.015416 0.999166 
1732024287620345600.000000 -2320.316895 1202.243530 671.504211 0.119479 0.992645 -0.019503 -0.992022 0.120154 0.038160 0.040222 0.014788 0.999081 
1732024287653709312.000000 -2319.890137 1203.048706 669.240784 0.120910 0.992473 -0.019436 -0.991896 0.121563 0.036943 0.039028 0.014812 0.999128 
1732024287687051776.000000 -2319.878174 1203.459106 666.184204 0.123090 0.992216 -0.018898 -0.991680 0.123702 0.035625 0.037685 0.014356 0.999187 
1732024287720394240.000000 -2320.034668 1203.791870 662.337891 0.124841 0.992009 -0.018265 -0.991600 0.125374 0.031779 0.033815 0.014144 0.999328 
1732024287753736192.000000 -2320.578613 1204.170532 656.111328 0.126957 0.991755 -0.017451 -0.991501 0.127389 0.026413 0.028419 0.013950 0.999499 
1732024287787078656.000000 -2321.097900 1204.225952 650.338379 0.128242 0.991597 -0.017033 -0.991367 0.128648 0.025312 0.027290 0.013640 0.999534 
1732024287820420864.000000 -2321.740967 1204.147339 643.716003 0.130318 0.991330 -0.016799 -0.991041 0.130742 0.027275 0.029235 0.013095 0.999487 
1732024287853763072.000000 -2322.754639 1204.081787 634.046631 0.131914 0.991143 -0.015333 -0.990766 0.132321 0.029559 0.031326 0.011292 0.999445 
1732024287887105792.000000 -2323.587402 1203.877441 625.900818 0.132031 0.991113 -0.016205 -0.990711 0.132479 0.030689 0.032563 0.012003 0.999398 
1732024287920447232.000000 -2324.918945 1204.134521 617.764099 0.131993 0.991131 -0.015422 -0.990710 0.132419 0.030952 0.032720 0.011193 0.999402 
1732024287953789184.000000 -2326.678223 1204.348755 605.978149 0.131260 0.991183 -0.018096 -0.990822 0.131763 0.030170 0.032288 0.013970 0.999381 
1732024287987131904.000000 -2327.830322 1204.570679 596.847961 0.130319 0.991320 -0.017370 -0.990984 0.130785 0.029098 0.031117 0.013422 0.999426 
1732024288020474368.000000 -2328.998779 1204.516602 587.362366 0.129361 0.991453 -0.016953 -0.991142 0.129801 0.028104 0.030065 0.013167 0.999461 
1732024288053816832.000000 -2330.607178 1204.635376 574.360840 0.129511 0.991437 -0.016722 -0.991113 0.129948 0.028442 0.030371 0.012889 0.999456 
1732024288087159040.000000 -2331.745117 1204.642456 564.354797 0.129171 0.991506 -0.015170 -0.991133 0.129573 0.029425 0.031141 0.011234 0.999452 
1732024288120501760.000000 -2332.576172 1204.602295 554.178162 0.129613 0.991469 -0.013788 -0.991023 0.129989 0.031244 0.032770 0.009615 0.999417 
1732024288153844224.000000 -2333.627686 1204.970581 540.619690 0.130519 0.991397 -0.009856 -0.990913 0.130768 0.031475 0.032493 0.005658 0.999456 
1732024288187186432.000000 -2334.492188 1204.713257 529.417297 0.132541 0.991113 -0.011344 -0.990642 0.132837 0.031337 0.032566 0.007084 0.999444 
1732024288220529152.000000 -2335.521729 1204.881592 518.272461 0.132599 0.991102 -0.011578 -0.990731 0.132879 0.028213 0.029501 0.007730 0.999535 
1732024288253871616.000000 -2336.843018 1204.996216 502.906158 0.133372 0.990994 -0.011932 -0.990777 0.133614 0.022557 0.023948 0.008814 0.999674 
1732024288287214080.000000 -2337.643066 1204.898682 490.957794 0.134087 0.990887 -0.012772 -0.990728 0.134328 0.020337 0.021868 0.009927 0.999712 
1732024288320556544.000000 -2338.546631 1204.849731 478.863068 0.133223 0.990990 -0.013806 -0.990878 0.133467 0.018640 0.020315 0.011196 0.999731 
1732024288353898496.000000 -2339.159912 1204.343994 461.949158 0.134035 0.990903 -0.012103 -0.990593 0.134313 0.026169 0.027556 0.008481 0.999584 
1732024288387240960.000000 -2339.646729 1204.413940 449.249176 0.131523 0.991280 -0.008057 -0.990827 0.131708 0.030246 0.031044 0.004005 0.999510 
1732024288420583424.000000 -2340.057129 1204.200684 436.098572 0.131859 0.991247 -0.006493 -0.990610 0.132007 0.035572 0.036118 0.001741 0.999346 
1732024288453926144.000000 -2340.885742 1204.064697 418.404327 0.130875 0.991394 -0.003007 -0.990664 0.130895 0.038095 0.038161 -0.002007 0.999270 
1732024288487268864.000000 -2341.541748 1204.234253 405.377075 0.129100 0.991620 -0.004729 -0.991123 0.129185 0.031421 0.031769 0.000630 0.999495 
1732024288520611328.000000 -2342.399902 1203.959717 391.513336 0.129929 0.991449 -0.012115 -0.990966 0.130256 0.031930 0.033235 0.007857 0.999417 
1732024288553954048.000000 -2342.934814 1204.011353 374.716339 0.128263 0.991739 -0.001727 -0.991400 0.128264 0.025982 0.025988 -0.001620 0.999661 
1732024288587297024.000000 -2343.753418 1205.079590 362.276703 0.123532 0.992331 -0.004298 -0.992152 0.123592 0.018938 0.019324 0.001925 0.999811 
1732024288620639232.000000 -2343.964600 1204.953003 348.931305 0.122836 0.992415 -0.004821 -0.992193 0.122911 0.021105 0.021538 0.002191 0.999766 
1732024288653982208.000000 -2344.491211 1205.561646 331.603821 0.117823 0.993026 -0.004155 -0.992826 0.117883 0.020008 0.020358 0.001768 0.999791 
1732024288687324160.000000 -2344.643066 1205.772339 318.440857 0.116716 0.993150 -0.005589 -0.992927 0.116810 0.021225 0.021733 0.003072 0.999759 
1732024288720666112.000000 -2344.614258 1205.708374 305.553192 0.112817 0.993611 -0.003060 -0.993383 0.112857 0.021287 0.021496 0.000638 0.999769 
1732024288754008064.000000 -2343.957275 1205.168457 288.621826 0.108354 0.994112 -0.000816 -0.993875 0.108346 0.021758 0.021718 -0.001546 0.999763 
1732024288787348992.000000 -2343.446777 1204.854004 276.611420 0.107175 0.994240 0.000263 -0.993980 0.107140 0.022920 0.022759 -0.002718 0.999737 
1732024288820690944.000000 -2342.788330 1204.425659 265.150116 0.103982 0.994569 0.004604 -0.994345 0.103856 0.022188 0.021589 -0.006885 0.999743 
1732024288854032896.000000 -2342.147949 1203.751709 250.856293 0.102248 0.994756 0.002225 -0.994622 0.102197 0.016848 0.016532 -0.003935 0.999856 
1732024288887375104.000000 -2341.564209 1203.241333 240.578094 0.101194 0.994866 0.001540 -0.994748 0.101158 0.015618 0.015382 -0.003113 0.999877 
1732024288920717056.000000 -2340.843262 1202.516479 230.723648 0.099217 0.995057 0.004092 -0.994926 0.099133 0.017188 0.016697 -0.005777 0.999844 
1732024288954059008.000000 -2339.921387 1201.448608 218.415604 0.096662 0.995256 0.011009 -0.995113 0.096412 0.021351 0.020189 -0.013019 0.999711 
1732024288987401216.000000 -2339.447754 1200.907837 210.114838 0.095343 0.995399 0.009462 -0.995271 0.095145 0.019573 0.018583 -0.011283 0.999764 
1732024289020743168.000000 -2338.926270 1200.643677 202.364212 0.093077 0.995578 0.012663 -0.995468 0.092803 0.020778 0.019511 -0.014539 0.999704 
1732024289054085376.000000 -2338.078857 1200.059326 192.818176 0.092240 0.995704 0.008099 -0.995592 0.092085 0.017800 0.016978 -0.009705 0.999809 
1732024289087427328.000000 -2337.509277 1199.926880 186.650726 0.090189 0.995898 0.007286 -0.995836 0.090080 0.014030 0.013316 -0.008521 0.999875 
1732024289120769280.000000 -2336.920654 1199.258057 180.689102 0.089523 0.995955 0.007675 -0.995915 0.089423 0.012551 0.011813 -0.008767 0.999892 
1732024289154111488.000000 -2336.007324 1198.508057 173.671524 0.088035 0.996087 0.007821 -0.996048 0.087933 0.012487 0.011751 -0.008889 0.999891 
1732024289187453440.000000 -2335.275146 1198.130249 169.295654 0.085666 0.996277 0.009700 -0.996266 0.085552 0.011604 0.010731 -0.010658 0.999886 
1732024289220795648.000000 -2334.653809 1197.773438 165.360870 0.084096 0.996385 0.012021 -0.996390 0.083944 0.012647 0.011592 -0.013041 0.999848 
1732024289254136832.000000 -2333.837158 1197.349365 161.121490 0.083726 0.996393 0.013844 -0.996421 0.083550 0.012824 0.011621 -0.014868 0.999822 
1732024289287478784.000000 -2333.106689 1196.825439 158.760452 0.082923 0.996413 0.016857 -0.996481 0.082697 0.013671 0.012228 -0.017931 0.999764 
1732024289320820992.000000 -2332.500488 1196.821533 157.804947 0.081772 0.996589 0.011110 -0.996639 0.081711 0.005786 0.004858 -0.011546 0.999922 
1732024289354163200.000000 -2331.490723 1196.498047 158.248611 0.081904 0.996591 0.009934 -0.996639 0.081886 0.002232 0.001411 -0.010083 0.999948 
1732024289387505408.000000 -2330.469971 1195.821289 159.954697 0.078894 0.996747 0.016464 -0.996883 0.078878 0.001605 0.000301 -0.016539 0.999863 
1732024289420847360.000000 -2329.455811 1195.945190 163.702850 0.079538 0.996735 0.013882 -0.996828 0.079570 -0.001762 -0.002861 -0.013698 0.999902 
1732024289454189824.000000 -2328.204102 1196.110962 171.270920 0.077565 0.996967 0.006345 -0.996924 0.077630 -0.010782 -0.011242 -0.005489 0.999922 
1732024289487531776.000000 -2326.935303 1195.614746 178.158569 0.076579 0.997002 0.011080 -0.997014 0.076682 -0.009118 -0.009940 -0.010348 0.999897 
1732024289520873984.000000 -2325.722412 1195.690308 186.752975 0.075990 0.997092 0.005718 -0.997037 0.076052 -0.011581 -0.011983 -0.004821 0.999917 
1732024289554216448.000000 -2324.053223 1195.887085 200.330399 0.071150 0.997463 0.002170 -0.997277 0.071178 -0.019291 -0.019397 -0.000792 0.999812 
1732024289587558656.000000 -2322.221924 1195.974854 216.100204 0.067503 0.997719 0.000669 -0.997496 0.067502 -0.021107 -0.021104 0.000758 0.999777 
1732024289620900608.000000 -2321.413330 1196.489502 224.835495 0.064659 0.997907 -0.000308 -0.997673 0.064637 -0.021705 -0.021640 0.001710 0.999764 
1732024289654243072.000000 -2319.485352 1196.917114 242.838501 0.061911 0.998078 -0.002763 -0.997884 0.061843 -0.020085 -0.019875 0.004001 0.999794 
1732024289687584256.000000 -2318.182129 1197.386475 257.319519 0.060116 0.998179 -0.005017 -0.998017 0.060010 -0.019009 -0.018673 0.006150 0.999807 
1732024289720926464.000000 -2316.981934 1197.802368 272.056824 0.057883 0.998308 -0.005565 -0.998169 0.057775 -0.017907 -0.017555 0.006592 0.999824 
1732024289754268928.000000 -2315.690430 1197.872803 290.647736 0.058342 0.998235 -0.011133 -0.998251 0.058230 -0.010198 -0.009531 0.011709 0.999886 
1732024289787611136.000000 -2314.933594 1198.853271 306.281433 0.056587 0.998382 -0.005672 -0.998277 0.056491 -0.015886 -0.015539 0.006561 0.999858 
1732024289820953600.000000 -2314.584717 1199.167603 319.961609 0.057985 0.998210 -0.014672 -0.998278 0.057846 -0.009761 -0.008895 0.015213 0.999845 
1732024289854296064.000000 -2313.917480 1200.094727 339.230927 0.059056 0.998154 -0.014149 -0.998231 0.058951 -0.007742 -0.006894 0.014581 0.999870 
1732024289887638528.000000 -2313.579590 1200.669067 353.345062 0.058461 0.998183 -0.014569 -0.998276 0.058378 -0.006080 -0.005218 0.014900 0.999875 
1732024289920980736.000000 -2313.089844 1201.242676 367.190521 0.059598 0.998118 -0.014449 -0.998222 0.059572 -0.002219 -0.001354 0.014555 0.999893 
1732024289954323200.000000 -2312.768311 1201.884033 385.558289 0.059747 0.998126 -0.013252 -0.998212 0.059766 0.001051 0.001841 0.013165 0.999912 
1732024289987665664.000000 -2312.507324 1202.314697 399.173859 0.061696 0.998039 -0.010521 -0.998076 0.061757 0.005490 0.006129 0.010162 0.999930 
1732024290021008128.000000 -2312.251221 1202.784912 412.751556 0.063140 0.997948 -0.010678 -0.997968 0.063226 0.007932 0.008591 0.010155 0.999912 
1732024290054350336.000000 -2311.769531 1203.500732 430.863831 0.064558 0.997842 -0.012019 -0.997854 0.064682 0.010217 0.010972 0.011333 0.999876 
1732024290087693056.000000 -2311.437988 1204.186768 444.687958 0.066311 0.997742 -0.010695 -0.997719 0.066437 0.011948 0.012632 0.009879 0.999871 
1732024290121034240.000000 -2310.857666 1204.763062 458.409821 0.068146 0.997616 -0.010881 -0.997565 0.068296 0.014121 0.014830 0.009892 0.999841 
1732024290154376704.000000 -2309.876709 1205.378784 476.810333 0.071110 0.997420 -0.009842 -0.997291 0.071280 0.018149 0.018804 0.008525 0.999787 
1732024290187719424.000000 -2309.074219 1205.834229 490.671417 0.073288 0.997261 -0.009937 -0.997096 0.073476 0.020039 0.020714 0.008439 0.999750 
1732024290221061632.000000 -2308.465576 1206.322754 504.736115 0.073679 0.997251 -0.007817 -0.997037 0.073832 0.021574 0.022092 0.006205 0.999737 
1732024290254404352.000000 -2307.269775 1206.620361 523.341370 0.076776 0.997038 -0.004616 -0.996678 0.076873 0.026902 0.027177 0.002535 0.999627 
1732024290287746816.000000 -2306.323975 1207.078369 537.275391 0.079033 0.996870 -0.002008 -0.996335 0.079057 0.032646 0.032703 -0.000579 0.999465 
1732024290321089536.000000 -2305.433594 1207.432617 550.985535 0.081373 0.996681 -0.002158 -0.996028 0.081398 0.036099 0.036155 -0.000788 0.999346 
1732024290354431744.000000 -2304.276123 1207.677612 568.720886 0.085688 0.996322 -0.000081 -0.995546 0.085624 0.039462 0.039324 -0.003301 0.999221 
1732024290387774464.000000 -2303.398926 1207.973877 581.597351 0.087417 0.996172 0.000221 -0.995413 0.087342 0.039037 0.038869 -0.003632 0.999238 
1732024290421117184.000000 -2302.562744 1208.316040 594.219177 0.089672 0.995971 0.001125 -0.995286 0.089569 0.037205 0.036954 -0.004456 0.999307 
1732024290454459392.000000 -2301.316162 1208.845215 610.492004 0.091790 0.995777 -0.001472 -0.995195 0.091786 0.034089 0.034080 -0.001664 0.999418 
1732024290487802112.000000 -2300.210693 1208.876099 622.117859 0.092335 0.995728 -0.000209 -0.995246 0.092296 0.031109 0.030995 -0.002664 0.999516 
1732024290521144576.000000 -2299.073730 1209.277222 633.516418 0.092715 0.995690 -0.002207 -0.995304 0.092741 0.027726 0.027811 -0.000374 0.999613 
1732024290554487296.000000 -2297.114014 1209.644409 648.091431 0.092992 0.995662 -0.003139 -0.995322 0.093042 0.026041 0.026220 0.000702 0.999656 
1732024290587828992.000000 -2295.687988 1210.069092 658.701294 0.091402 0.995801 -0.005132 -0.995519 0.091499 0.023884 0.024253 0.002926 0.999702 
1732024290621171456.000000 -2294.249023 1210.482788 668.810608 0.090748 0.995849 -0.007079 -0.995592 0.090889 0.023162 0.023710 0.004946 0.999707 
1732024290654514432.000000 -2292.378662 1210.715088 681.460510 0.088465 0.996048 -0.007837 -0.995826 0.088617 0.021840 0.022448 0.005872 0.999731 
1732024290687855360.000000 -2291.234619 1211.158569 690.789001 0.087143 0.996158 -0.008732 -0.995982 0.087303 0.019948 0.020634 0.006959 0.999763 
1732024290721196288.000000 -2290.134521 1211.361694 699.484497 0.084783 0.996363 -0.008475 -0.996228 0.084923 0.017806 0.018460 0.006933 0.999806 
1732024290754537216.000000 -2288.773438 1211.630249 710.762634 0.082471 0.996566 -0.007458 -0.996466 0.082578 0.015371 0.015934 0.006164 0.999854 
1732024290787878400.000000 -2287.915283 1211.909668 718.790466 0.082002 0.996601 -0.007924 -0.996529 0.082105 0.013722 0.014326 0.006772 0.999874 
1732024290821219328.000000 -2287.182617 1212.224976 726.323792 0.081065 0.996666 -0.009222 -0.996636 0.081167 0.011336 0.012047 0.008272 0.999893 
1732024290854560512.000000 -2286.583008 1212.882446 735.749451 0.081670 0.996596 -0.011280 -0.996634 0.081744 0.006187 0.007088 0.010737 0.999917 
1732024290887901440.000000 -2286.187744 1213.234253 742.054321 0.081902 0.996569 -0.011935 -0.996628 0.081955 0.004011 0.004976 0.011566 0.999921 
1732024290921242624.000000 -2286.112061 1213.772339 748.030884 0.083795 0.996376 -0.014625 -0.996481 0.083817 0.000925 0.002148 0.014496 0.999893 
1732024290954583552.000000 -2286.252930 1214.213013 755.420044 0.087164 0.996091 -0.014350 -0.996194 0.087142 -0.002152 -0.000894 0.014483 0.999895 
1732024290987924480.000000 -2286.476807 1214.808472 760.403748 0.088510 0.995897 -0.018851 -0.996073 0.088457 -0.003650 -0.001968 0.019101 0.999816 
1732024291021264896.000000 -2286.816650 1215.340454 765.088867 0.088851 0.995915 -0.016068 -0.996043 0.088812 -0.003142 -0.001703 0.016283 0.999866 
1732024291054605824.000000 -2287.099365 1215.592773 769.611084 0.091470 0.995665 -0.016843 -0.995785 0.091568 0.005190 0.006710 0.016297 0.999845 
1732024291087947008.000000 -2287.526367 1216.096313 772.259460 0.093167 0.995540 -0.014839 -0.995557 0.093352 0.012349 0.013679 0.013623 0.999814 
1732024291121287936.000000 -2288.222900 1216.603638 773.558960 0.093528 0.995521 -0.013764 -0.995448 0.093758 0.017124 0.018338 0.012099 0.999759 
1732024291154629120.000000 -2289.774658 1217.654663 773.503784 0.092130 0.995689 -0.010756 -0.995512 0.092338 0.020712 0.021616 0.008799 0.999728 
1732024291187970048.000000 -2291.232178 1218.212036 771.755493 0.092157 0.995685 -0.010868 -0.995482 0.092377 0.021953 0.022862 0.008795 0.999700 
1732024291221310976.000000 -2292.812500 1218.583984 768.787659 0.093349 0.995566 -0.011631 -0.995382 0.093582 0.021403 0.022396 0.009579 0.999703 
1732024291254651904.000000 -2295.052002 1218.865479 763.012634 0.093310 0.995584 -0.010265 -0.995441 0.093491 0.018873 0.019750 0.008457 0.999769 
1732024291287992832.000000 -2296.687012 1218.974609 757.546326 0.093251 0.995579 -0.011240 -0.995449 0.093450 0.018659 0.019627 0.009448 0.999763 
1732024291321334016.000000 -2298.128418 1218.809814 750.960754 0.094398 0.995447 -0.013173 -0.995285 0.094663 0.021145 0.022296 0.011114 0.999690 
1732024291354674944.000000 -2300.234619 1218.539185 740.687988 0.094874 0.995421 -0.011646 -0.995209 0.095119 0.022633 0.023637 0.009443 0.999676 
1732024291388016128.000000 -2301.746338 1218.156250 731.790894 0.095128 0.995406 -0.010868 -0.995138 0.095371 0.024611 0.025534 0.008474 0.999638 
1732024291421357056.000000 -2303.197998 1217.788452 721.971619 0.095307 0.995371 -0.012398 -0.995037 0.095618 0.027556 0.028614 0.009711 0.999543 
1732024291454697216.000000 -2305.377686 1217.673462 708.291504 0.095556 0.995233 -0.019481 -0.994948 0.096097 0.029041 0.030775 0.016608 0.999388 
1732024291488038144.000000 -2307.061279 1216.891357 696.870056 0.098979 0.994697 -0.027955 -0.994559 0.099805 0.029869 0.032501 0.024846 0.999163 
1732024291521379328.000000 -2309.029053 1216.340210 685.937988 0.099790 0.994574 -0.029391 -0.994616 0.100537 0.025134 0.027952 0.026725 0.999252 
1732024291554720256.000000 -2311.378906 1214.694702 670.543152 0.104163 0.993948 -0.034882 -0.994234 0.104963 0.021933 0.025461 0.032396 0.999151 
1732024291588061184.000000 -2314.278809 1212.422363 651.017273 0.106137 0.993577 -0.039238 -0.994088 0.106935 0.018828 0.022903 0.037007 0.999053 
1732024291621402112.000000 -2315.281250 1211.469971 643.387695 0.107399 0.993421 -0.039755 -0.993940 0.108226 0.019252 0.023428 0.037447 0.999024 
1732024291654743296.000000 -2316.682861 1209.959839 631.951965 0.108840 0.993211 -0.041049 -0.993780 0.109696 0.019202 0.023574 0.038703 0.998973 
1732024291688084480.000000 -2318.068115 1208.539551 620.517517 0.110233 0.992832 -0.046194 -0.993658 0.111125 0.017201 0.022211 0.044005 0.998784 
1732024291721425408.000000 -2319.316650 1207.037964 609.266052 0.113163 0.992488 -0.046499 -0.993321 0.114071 0.017347 0.022521 0.044226 0.998768 
1732024291754766848.000000 -2320.822266 1205.175537 594.004211 0.114548 0.992298 -0.047156 -0.993220 0.115343 0.014501 0.019828 0.045175 0.998782 
1732024291788108032.000000 -2321.836426 1203.919189 582.294678 0.116985 0.992133 -0.044573 -0.992875 0.117860 0.017531 0.022647 0.042205 0.998852 
1732024291821449216.000000 -2322.621094 1203.024780 571.083191 0.116267 0.992503 -0.037680 -0.993033 0.116894 0.014881 0.019174 0.035688 0.999179 
1732024291854790400.000000 -2323.792969 1202.243530 555.687805 0.114835 0.992667 -0.037757 -0.993176 0.115507 0.016110 0.020353 0.035649 0.999157 
1732024291888130816.000000 -2324.505859 1201.400879 543.317383 0.115377 0.992544 -0.039306 -0.993043 0.116192 0.019100 0.023524 0.036829 0.999045 
1732024291921472000.000000 -2325.205811 1201.222534 530.822754 0.114081 0.992731 -0.038359 -0.993086 0.115027 0.023444 0.027686 0.035419 0.998989 
1732024291954813184.000000 -2326.097900 1201.030029 513.413025 0.110719 0.993168 -0.036870 -0.993333 0.111783 0.028164 0.032093 0.033505 0.998923 
1732024291988154624.000000 -2326.692383 1200.909424 499.838928 0.109059 0.993361 -0.036596 -0.993433 0.110201 0.030783 0.034612 0.032998 0.998856 
1732024292021495552.000000 -2327.427734 1200.768311 485.799164 0.106604 0.993782 -0.032141 -0.993591 0.107694 0.034337 0.037585 0.028275 0.998893 
1732024292054836992.000000 -2328.880127 1200.956665 467.025787 0.100202 0.994726 -0.021916 -0.994425 0.100850 0.030803 0.032851 0.018707 0.999285 
1732024292088178176.000000 -2330.042236 1201.094482 452.572205 0.094881 0.995372 -0.015218 -0.995093 0.095263 0.026730 0.028055 0.012607 0.999527 
1732024292121519616.000000 -2331.177979 1201.540283 438.449402 0.089879 0.995908 -0.009463 -0.995697 0.090067 0.021820 0.022583 0.007462 0.999717 
1732024292154860800.000000 -2332.699463 1201.918213 419.224731 0.082697 0.996575 -0.000647 -0.996444 0.082697 0.016170 0.016168 -0.000693 0.999869 
1732024292188201984.000000 -2333.960205 1202.124512 404.091125 0.080183 0.996766 -0.005334 -0.996628 0.080263 0.017028 0.017401 0.003951 0.999841 
1732024292221543424.000000 -2334.899902 1202.297119 389.836487 0.076561 0.997065 0.000695 -0.996949 0.076541 0.015329 0.015231 -0.001867 0.999882 
1732024292254884352.000000 -2336.851562 1203.326782 372.024841 0.069337 0.997581 0.005027 -0.997578 0.069307 0.005931 0.005568 -0.005426 0.999970 
1732024292288225536.000000 -2338.187256 1203.931763 358.917969 0.065834 0.997817 0.005164 -0.997830 0.065830 0.000988 0.000646 -0.005218 0.999986 
1732024292321566720.000000 -2339.500732 1204.359741 345.775940 0.063227 0.997967 0.007956 -0.997998 0.063211 0.002230 0.001723 -0.008081 0.999966 
1732024292354907136.000000 -2341.613037 1205.243042 329.040344 0.060610 0.998143 0.006007 -0.998159 0.060622 -0.001903 -0.002264 -0.005881 0.999980 
1732024292388248320.000000 -2343.038086 1205.502197 316.850159 0.063695 0.997929 0.009028 -0.997969 0.063696 0.000178 -0.000397 -0.009021 0.999959 
1732024292421589504.000000 -2344.375244 1205.832397 304.989563 0.064064 0.997799 0.017100 -0.997944 0.064088 -0.000859 -0.001953 -0.017010 0.999853 
1732024292454930688.000000 -2346.518799 1205.651367 289.102844 0.069122 0.997478 0.016101 -0.997605 0.069152 -0.001301 -0.002411 -0.015973 0.999870 
1732024292488271872.000000 -2348.160889 1205.175171 277.615814 0.074886 0.997102 0.013425 -0.997187 0.074921 -0.002117 -0.003116 -0.013229 0.999908 
1732024292521613312.000000 -2349.713623 1204.377075 266.165283 0.082160 0.996589 0.007777 -0.996618 0.082168 -0.000708 -0.001345 -0.007693 0.999969 
1732024292554954240.000000 -2351.629883 1203.885620 252.618210 0.088682 0.996060 0.000964 -0.996052 0.088685 -0.003983 -0.004052 -0.000607 0.999992 
1732024292588295680.000000 -2352.570557 1202.722778 242.595200 0.092285 0.995732 0.000497 -0.995724 0.092286 -0.004213 -0.004241 -0.000106 0.999991 
1732024292621637120.000000 -2353.210693 1201.590210 233.222992 0.095337 0.995443 0.001961 -0.995441 0.095342 -0.002737 -0.002911 -0.001691 0.999994 
1732024292654978048.000000 -2353.935059 1199.840088 221.583893 0.098174 0.995159 0.004458 -0.995161 0.098190 -0.003590 -0.004010 -0.004084 0.999984 
1732024292688319744.000000 -2354.319580 1198.623901 213.579636 0.100552 0.994932 0.000684 -0.994901 0.100554 -0.007780 -0.007810 0.000102 0.999969 
1732024292721660928.000000 -2354.295898 1197.733154 206.494568 0.100334 0.994937 0.005738 -0.994918 0.100377 -0.007917 -0.008453 -0.004914 0.999952 
1732024292755002624.000000 -2353.968018 1195.838745 196.955093 0.101342 0.994843 0.004098 -0.994817 0.101372 -0.007899 -0.008273 -0.003276 0.999960 
1732024292788342784.000000 -2353.355713 1195.496582 191.588852 0.098627 0.995118 0.003496 -0.995033 0.098665 -0.013227 -0.013507 -0.002174 0.999906 
1732024292821684480.000000 -2352.591064 1194.776123 186.241470 0.098552 0.995132 -0.000074 -0.995018 0.098539 -0.015172 -0.015091 0.001569 0.999885 
1732024292855025664.000000 -2350.997070 1192.240723 178.678619 0.098505 0.995131 0.003258 -0.995093 0.098531 -0.009013 -0.009290 -0.002354 0.999954 
1732024292888367104.000000 -2350.091553 1192.377808 175.174911 0.095023 0.995443 -0.007950 -0.995290 0.094848 -0.020061 -0.019216 0.009819 0.999767 
1732024292921708544.000000 -2348.947754 1191.795654 171.856369 0.092343 0.995701 -0.007295 -0.995489 0.092158 -0.022562 -0.021793 0.009345 0.999719 
1732024292955049984.000000 -2347.085693 1191.759644 168.459061 0.088025 0.996096 -0.006713 -0.995840 0.087840 -0.024221 -0.023537 0.008817 0.999684 
1732024292988391680.000000 -2345.681641 1191.385132 166.570770 0.084528 0.996412 -0.004178 -0.996070 0.084386 -0.026909 -0.026460 0.006436 0.999629 
1732024293021733120.000000 -2344.343018 1191.075562 165.790421 0.082855 0.996548 -0.005284 -0.996168 0.082672 -0.028544 -0.028008 0.007628 0.999579 
