1732022800145293824.000000 -2318.359863 3.894604 140.345306 0.999136 -0.040279 0.010219 0.040272 0.999188 0.000926 -0.010248 -0.000513 0.999947
1732022800178634496.000000 -2318.386475 3.281762 139.905930 0.999170 -0.037606 0.015642 0.037509 0.999276 0.006442 -0.015873 -0.005850 0.999857
1732022800211973376.000000 -2318.383301 3.141644 139.829865 0.999147 -0.038116 0.015861 0.038014 0.999255 0.006686 -0.016104 -0.006078 0.999852
1732022800245310208.000000 -2318.360596 3.135430 139.875748 0.999160 -0.037848 0.015684 0.037749 0.999266 0.006572 -0.015921 -0.005975 0.999855
1732022800278645760.000000 -2318.191895 3.473833 140.156860 0.999175 -0.038916 0.011577 0.038889 0.999240 0.002520 -0.011666 -0.002067 0.999930
1732022800311979264.000000 -2318.206787 3.474851 140.157944 0.999178 -0.038912 0.011365 0.038889 0.999241 0.002276 -0.011445 -0.001832 0.999933
1732022800345311232.000000 -2318.228027 3.488401 140.127823 0.999170 -0.039061 0.011589 0.039034 0.999235 0.002482 -0.011677 -0.002027 0.999930
1732022800378640896.000000 -2318.258057 3.494042 140.145737 0.999159 -0.039283 0.011780 0.039253 0.999226 0.002720 -0.011878 -0.002256 0.999927
1732022800411969024.000000 -2318.292480 3.090905 139.895462 0.999174 -0.037530 0.015592 0.037439 0.999280 0.006127 -0.015811 -0.005539 0.999860
1732022800445295360.000000 -2318.277100 3.071396 139.859726 0.999164 -0.037913 0.015290 0.037820 0.999265 0.006316 -0.015519 -0.005733 0.999863
1732022800478619904.000000 -2318.339844 3.070337 139.880219 0.999166 -0.037741 0.015572 0.037648 0.999272 0.006208 -0.015795 -0.005617 0.999859
1732022800511942656.000000 -2318.293945 3.135188 139.877991 0.999169 -0.037726 0.015454 0.037630 0.999271 0.006467 -0.015686 -0.005880 0.999860
1732022800545263616.000000 -2318.290039 3.081774 139.834229 0.999165 -0.037860 0.015362 0.037765 0.999266 0.006380 -0.015593 -0.005795 0.999862
1732022800578581504.000000 -2318.015137 1.994867 139.204819 0.999017 -0.043458 0.008769 0.043361 0.999000 0.010942 -0.009236 -0.010551 0.999902
1732022800611898880.000000 -2318.008545 2.010863 139.198669 0.999017 -0.043474 0.008621 0.043382 0.999002 0.010656 -0.009076 -0.010271 0.999906
1732022800645214208.000000 -2318.271729 2.693238 139.605682 0.999109 -0.040194 0.012864 0.040092 0.999164 0.008033 -0.013176 -0.007510 0.999885
1732022800678528000.000000 -2318.251221 2.677689 139.604294 0.999112 -0.040192 0.012649 0.040093 0.999164 0.008034 -0.012961 -0.007520 0.999888
1732022800711840256.000000 -2318.280273 2.699350 139.643188 0.999115 -0.040082 0.012792 0.039982 0.999169 0.007933 -0.013099 -0.007414 0.999887
1732022800745150208.000000 -2318.327881 3.230183 140.026749 0.999050 -0.042977 0.007232 0.042960 0.999073 0.002587 -0.007336 -0.002274 0.999970
1732022800778458624.000000 -2318.093994 2.667050 139.772141 0.998930 -0.046201 0.002035 0.046189 0.998917 0.005651 -0.002294 -0.005551 0.999982
1732022800811764992.000000 -2318.065430 2.694596 139.774002 0.998927 -0.046275 0.002026 0.046263 0.998914 0.005619 -0.002284 -0.005519 0.999982
1732022800845069568.000000 -2318.318848 3.636837 140.333664 0.999103 -0.041631 0.007781 0.041618 0.999132 0.001885 -0.007852 -0.001559 0.999968
1732022800878373376.000000 -2318.350586 3.626024 140.329849 0.999092 -0.041841 0.008023 0.041825 0.999123 0.002181 -0.008107 -0.001844 0.999965
1732022800911650304.000000 -2318.291260 3.826502 140.478806 0.999036 -0.043307 0.007245 0.043281 0.999056 0.003658 -0.007396 -0.003341 0.999967
1732022800944924416.000000 -2318.367188 3.682329 140.366928 0.999083 -0.042092 0.007906 0.042072 0.999111 0.002560 -0.008006 -0.002225 0.999965
1732022800978195200.000000 -2318.267822 3.830989 140.547729 0.999042 -0.043291 0.006369 0.043270 0.999058 0.003438 -0.006512 -0.003159 0.999974
1732022801011461888.000000 -2318.220459 3.858816 140.533661 0.999041 -0.043276 0.006625 0.043253 0.999058 0.003513 -0.006771 -0.003223 0.999972
1732022801044726528.000000 -2318.254150 3.848118 140.520203 0.999029 -0.043532 0.006728 0.043507 0.999046 0.003748 -0.006884 -0.003451 0.999970
1732022801077988096.000000 -2318.230957 3.904279 140.475845 0.999019 -0.043703 0.007163 0.043675 0.999038 0.004042 -0.007332 -0.003726 0.999966
1732022801111246592.000000 -2318.143311 3.536827 140.188705 0.999093 -0.041536 0.009427 0.041520 0.999136 0.001975 -0.009501 -0.001582 0.999954
1732022801144502016.000000 -2317.999268 3.541391 140.128174 0.999103 -0.041335 0.009158 0.041321 0.999144 0.001777 -0.009223 -0.001397 0.999956
1732022801177754112.000000 -2318.647461 2.786145 140.727859 0.999220 -0.039422 0.002109 0.039432 0.999211 -0.004773 -0.001919 0.004852 0.999986
1732022801211003392.000000 -2318.552979 2.617318 140.650253 0.999193 -0.040147 0.000888 0.040150 0.999182 -0.004756 -0.000696 0.004787 0.999988
1732022801244249344.000000 -2318.546875 2.628256 140.653183 0.999191 -0.040201 0.001129 0.040206 0.999181 -0.004471 -0.000948 0.004512 0.999989
1732022801277492224.000000 -2318.555176 2.606437 140.656265 0.999192 -0.040181 0.001290 0.040186 0.999183 -0.004382 -0.001113 0.004431 0.999990
1732022801310731776.000000 -2318.712158 2.782719 140.261841 0.999116 -0.041570 0.006183 0.041569 0.999136 0.000377 -0.006194 -0.000120 0.999981
1732022801343968768.000000 -2318.516113 2.597349 140.648193 0.999192 -0.040165 0.001089 0.040170 0.999183 -0.004483 -0.000908 0.004523 0.999989
1732022801377202432.000000 -2318.683350 2.757452 140.249390 0.999111 -0.041697 0.006207 0.041697 0.999130 0.000277 -0.006213 -0.000017 0.999981
1732022801410432768.000000 -2318.513428 2.550700 140.616531 0.999192 -0.040188 0.000871 0.040192 0.999181 -0.004622 -0.000684 0.004654 0.999989
1732022801443659264.000000 -2318.503418 2.506457 140.627258 0.999191 -0.040195 0.000909 0.040199 0.999182 -0.004473 -0.000728 0.004506 0.999990
1732022801476883712.000000 -2318.503662 2.508142 140.603699 0.999188 -0.040295 0.000797 0.040298 0.999178 -0.004508 -0.000615 0.004536 0.999990
1732022801510104576.000000 -2318.656250 2.692890 140.164368 0.999107 -0.041839 0.005875 0.041837 0.999124 0.000391 -0.005886 -0.000145 0.999983
1732022801543322880.000000 -2318.494873 2.582516 140.617462 0.999190 -0.040228 0.001258 0.040233 0.999181 -0.004351 -0.001082 0.004398 0.999990
1732022801576537600.000000 -2318.480957 2.621649 140.659760 0.999206 -0.039815 0.001430 0.039821 0.999198 -0.004142 -0.001264 0.004196 0.999990
1732022801609749504.000000 -2318.508789 2.642562 140.670044 0.999198 -0.040016 0.001529 0.040022 0.999190 -0.004205 -0.001359 0.004263 0.999990
1732022801642958336.000000 -2318.484619 2.525952 140.649429 0.999183 -0.040396 0.001211 0.040402 0.999168 -0.005479 -0.000989 0.005523 0.999984
1732022801676164096.000000 -2318.455566 2.489163 140.724503 0.999182 -0.040412 0.001436 0.040420 0.999167 -0.005578 -0.001209 0.005631 0.999983
1732022801709366528.000000 -2318.673096 2.460023 140.606415 0.999095 -0.042024 0.006614 0.042034 0.999115 -0.001273 -0.006555 0.001550 0.999977
1732022801742565888.000000 -2318.458496 1.594254 142.061234 0.999230 -0.039143 0.002590 0.039176 0.999134 -0.014000 -0.002039 0.014091 0.999899
1732022801775762432.000000 -2318.359131 1.001639 143.735596 0.999242 -0.038721 0.004121 0.038808 0.998962 -0.023832 -0.003194 0.023974 0.999707
1732022801808955648.000000 -2318.177002 0.251386 146.131134 0.999222 -0.039055 0.005470 0.039219 0.998654 -0.033943 -0.004137 0.034131 0.999409
1732022801842145792.000000 -2317.993896 -1.041758 150.062332 0.999096 -0.040672 0.012336 0.041086 0.998530 -0.035361 -0.010880 0.035836 0.999298
1732022801875334144.000000 -2317.597900 -3.359665 154.435242 0.999134 -0.040941 0.007449 0.041198 0.998415 -0.038354 -0.005867 0.038628 0.999236
1732022801908676096.000000 -2317.493652 -5.999157 160.860123 0.998893 -0.045438 0.012159 0.045715 0.998677 -0.023549 -0.011073 0.024078 0.999649
1732022801942019072.000000 -2317.385498 -6.669020 162.931076 0.998833 -0.046449 0.013259 0.046706 0.998713 -0.019770 -0.012323 0.020366 0.999717
1732022801975362304.000000 -2316.746826 -8.933194 172.832962 0.998805 -0.048483 0.006176 0.048618 0.998528 -0.024033 -0.005002 0.024304 0.999692
1732022802008705536.000000 -2316.481934 -10.180255 180.849197 0.998531 -0.053447 0.008885 0.053633 0.998313 -0.022251 -0.007680 0.022695 0.999713
1732022802042049280.000000 -2315.822510 -12.645066 193.788147 0.998219 -0.059601 0.002445 0.059645 0.997839 -0.027550 -0.000797 0.027647 0.999617
1732022802075393280.000000 -2315.281738 -14.357661 205.328232 0.998239 -0.059057 -0.005530 0.058819 0.997612 -0.036191 0.007654 0.035802 0.999330
1732022802108737024.000000 -2315.029785 -16.091385 216.985901 0.998238 -0.059168 -0.004405 0.058956 0.997517 -0.038514 0.006672 0.038186 0.999248
1732022802142081024.000000 -2315.137451 -17.994558 233.902069 0.998237 -0.059339 0.001267 0.059348 0.997642 -0.034467 0.000781 0.034481 0.999405
1732022802175425536.000000 -2314.930664 -19.013121 247.748550 0.998336 -0.057559 0.003460 0.057647 0.997663 -0.036673 -0.001342 0.036811 0.999321
1732022802208770048.000000 -2314.333008 -20.075357 261.993378 0.998381 -0.056668 0.004994 0.056809 0.997760 -0.035330 -0.002981 0.035557 0.999363
1732022802242114816.000000 -2313.608887 -20.298763 282.393494 0.998652 -0.051515 0.006395 0.051688 0.998190 -0.030727 -0.004801 0.031016 0.999507
1732022802275459840.000000 -2312.753906 -19.560213 298.346771 0.998891 -0.045559 0.011883 0.045946 0.998345 -0.034594 -0.010287 0.035102 0.999331
1732022802308804864.000000 -2312.156250 -19.057913 314.667938 0.998905 -0.045384 0.011323 0.045707 0.998500 -0.030136 -0.009938 0.030621 0.999482
1732022802342149120.000000 -2310.496826 -19.034674 337.050049 0.999121 -0.041481 0.005968 0.041650 0.998630 -0.031678 -0.004645 0.031899 0.999480
1732022802375494400.000000 -2309.876221 -18.460518 353.295227 0.999073 -0.041291 0.012199 0.041509 0.998973 -0.018186 -0.011436 0.018675 0.999760
1732022802408840192.000000 -2309.327881 -17.915194 369.609528 0.999066 -0.040923 0.013859 0.041051 0.999116 -0.009107 -0.013474 0.009667 0.999862
1732022802442186240.000000 -2308.471436 -17.594284 385.714264 0.999142 -0.039648 0.011987 0.039686 0.999208 -0.002970 -0.011860 0.003443 0.999924
1732022802475532032.000000 -2307.607422 -16.892630 406.741699 0.999184 -0.038660 0.011695 0.038639 0.999251 0.001989 -0.011763 -0.001535 0.999930
1732022802508878336.000000 -2306.956543 -16.208429 421.924500 0.999247 -0.036902 0.012001 0.036851 0.999311 0.004419 -0.012156 -0.003974 0.999918
1732022802542224640.000000 -2306.525146 -15.873938 441.529144 0.999264 -0.037034 0.009987 0.036956 0.999286 0.007887 -0.010272 -0.007512 0.999919
1732022802575570944.000000 -2306.147217 -15.589896 455.637909 0.999266 -0.036922 0.010248 0.036816 0.999268 0.010349 -0.010623 -0.009964 0.999894
1732022802608918016.000000 -2305.970459 -15.780331 469.087891 0.999237 -0.038089 0.008644 0.037992 0.999216 0.011139 -0.009062 -0.010802 0.999901
1732022802642264832.000000 -2305.790771 -16.349346 485.986816 0.999175 -0.039723 0.008497 0.039625 0.999150 0.011377 -0.008942 -0.011031 0.999899
1732022802675612160.000000 -2305.611816 -16.927397 497.965057 0.999140 -0.040573 0.008595 0.040483 0.999126 0.010398 -0.009010 -0.010041 0.999909
1732022802708959232.000000 -2305.409668 -17.663689 509.462433 0.999139 -0.040480 0.009038 0.040395 0.999140 0.009387 -0.009410 -0.009014 0.999915
1732022802742307072.000000 -2305.308105 -18.595798 524.177185 0.999168 -0.039340 0.010712 0.039293 0.999217 0.004545 -0.010883 -0.004120 0.999932
1732022802775653632.000000 -2305.306152 -19.450575 534.775024 0.999203 -0.038482 0.010617 0.038466 0.999258 0.001685 -0.010674 -0.001276 0.999942
1732022802809001472.000000 -2305.169922 -20.631790 544.949951 0.999261 -0.037105 0.010060 0.037132 0.999307 -0.002534 -0.009959 0.002906 0.999946
1732022802842349312.000000 -2304.716797 -22.224586 558.048462 0.999350 -0.035338 0.007137 0.035404 0.999329 -0.009399 -0.006800 0.009646 0.999930
1732022802875697664.000000 -2304.483887 -23.646873 567.573669 0.999408 -0.034095 0.004540 0.034147 0.999347 -0.011798 -0.004134 0.011946 0.999920
1732022802909053440.000000 -2304.377930 -25.108904 577.033203 0.999443 -0.033375 0.000260 0.033375 0.999331 -0.014941 0.000239 0.014941 0.999888
1732022802942409472.000000 -2304.337646 -27.283962 589.407227 0.999504 -0.031235 -0.003994 0.031150 0.999319 -0.019766 0.004609 0.019631 0.999797
1732022802975766272.000000 -2304.374023 -28.714163 598.548706 0.999538 -0.029445 -0.007469 0.029268 0.999314 -0.022706 0.008132 0.022477 0.999714
1732022803009123328.000000 -2304.270264 -29.858427 607.583923 0.999578 -0.027793 -0.008447 0.027577 0.999316 -0.024630 0.009126 0.024387 0.999661
1732022803042480640.000000 -2304.063477 -31.600550 619.392395 0.999636 -0.024185 -0.011996 0.023840 0.999321 -0.028078 0.012667 0.027781 0.999534
1732022803075838720.000000 -2303.936768 -32.910278 628.065613 0.999641 -0.023181 -0.013435 0.022758 0.999265 -0.030835 0.014140 0.030519 0.999434
1732022803109197568.000000 -2303.957031 -33.719082 636.785706 0.999715 -0.019422 -0.013902 0.019000 0.999375 -0.029803 0.014472 0.029530 0.999459
1732022803142556672.000000 -2303.760986 -34.786366 647.774780 0.999721 -0.018428 -0.014744 0.017983 0.999395 -0.029753 0.015283 0.029480 0.999449
1732022803175916032.000000 -2303.539551 -35.251305 655.702026 0.999734 -0.016279 -0.016338 0.015825 0.999495 -0.027544 0.016778 0.027278 0.999487
1732022803209276160.000000 -2303.166748 -35.459183 663.508484 0.999750 -0.014086 -0.017382 0.013598 0.999519 -0.027870 0.017767 0.027627 0.999460
1732022803242635520.000000 -2302.392822 -35.666790 672.968933 0.999760 -0.011358 -0.018719 0.010855 0.999584 -0.026728 0.019014 0.026519 0.999467
1732022803275996672.000000 -2301.935303 -35.571671 679.547546 0.999785 -0.008822 -0.018773 0.008304 0.999587 -0.027495 0.019008 0.027333 0.999446
1732022803309358080.000000 -2301.542236 -34.988590 685.844482 0.999844 -0.006521 -0.016417 0.006025 0.999530 -0.030067 0.016605 0.029963 0.999413
1732022803342720000.000000 -2301.047119 -34.299934 693.628784 0.999885 -0.005238 -0.014265 0.004731 0.999363 -0.035364 0.014441 0.035293 0.999273
1732022803376082688.000000 -2300.813232 -33.854328 698.779358 0.999927 -0.004332 -0.011318 0.003908 0.999299 -0.037231 0.011471 0.037184 0.999243
1732022803409445376.000000 -2300.561768 -33.288372 704.106445 0.999959 -0.003031 -0.008526 0.002705 0.999276 -0.037955 0.008635 0.037931 0.999243
1732022803442808832.000000 -2299.952393 -32.460953 711.102417 0.999987 -0.002408 -0.004442 0.002235 0.999258 -0.038461 0.004531 0.038451 0.999250
1732022803476172800.000000 -2299.521973 -32.063183 716.295105 0.999996 -0.002618 -0.001417 0.002564 0.999331 -0.036488 0.001512 0.036484 0.999333
1732022803509537024.000000 -2299.079346 -32.180931 721.418701 0.999988 -0.004605 -0.001572 0.004547 0.999380 -0.034904 0.001731 0.034897 0.999389
1732022803542902016.000000 -2298.011475 -31.710220 728.462402 0.999979 -0.006285 -0.001739 0.006225 0.999450 -0.032586 0.001942 0.032575 0.999467
1732022803576267264.000000 -2297.355957 -31.520588 734.122559 0.999957 -0.008296 -0.004034 0.008154 0.999382 -0.034193 0.004315 0.034159 0.999407
1732022803609633280.000000 -2296.469238 -32.029327 739.601562 0.999875 -0.013990 -0.007409 0.013736 0.999353 -0.033241 0.007870 0.033135 0.999420
1732022803642999296.000000 -2295.948730 -31.906975 747.364685 0.999856 -0.016285 -0.004820 0.016122 0.999350 -0.032238 0.005341 0.032155 0.999469
1732022803676365056.000000 -2295.553467 -31.816397 752.345154 0.999863 -0.016160 -0.003509 0.016068 0.999562 -0.024843 0.003909 0.024783 0.999685
1732022803709732352.000000 -2295.229492 -31.756264 756.398621 0.999865 -0.016337 -0.001683 0.016309 0.999752 -0.015185 0.001930 0.015156 0.999883
1732022803743100160.000000 -2294.657715 -31.437399 759.995544 0.999856 -0.016985 -0.000382 0.016983 0.999843 -0.005097 0.000468 0.005089 0.999987
1732022803776468224.000000 -2294.441406 -30.867416 761.346863 0.999859 -0.016799 0.000576 0.016798 0.999858 0.001523 -0.000602 -0.001513 0.999999
1732022803809836800.000000 -2294.190186 -30.213514 761.222595 0.999861 -0.016680 0.000738 0.016676 0.999847 0.005328 -0.000827 -0.005315 0.999986
1732022803843206144.000000 -2293.782959 -29.093651 758.433899 0.999861 -0.016552 0.001754 0.016538 0.999830 0.008162 -0.001889 -0.008131 0.999965
1732022803876575488.000000 -2293.504395 -28.136772 754.549927 0.999866 -0.016199 0.002561 0.016171 0.999813 0.010568 -0.002731 -0.010525 0.999941
1732022803909917440.000000 -2293.095459 -27.371473 749.228760 0.999871 -0.015768 0.002995 0.015734 0.999813 0.011201 -0.003171 -0.011152 0.999933
1732022803943259136.000000 -2292.529053 -26.228497 739.985535 0.999898 -0.014236 0.000898 0.014223 0.999810 0.013351 -0.001088 -0.013337 0.999910
1732022803976601088.000000 -2292.326172 -24.839064 732.146301 0.999944 -0.009063 0.005510 0.008998 0.999892 0.011633 -0.005615 -0.011583 0.999917
1732022804009943040.000000 -2292.310059 -24.172899 722.769531 0.999938 -0.009431 0.005911 0.009355 0.999874 0.012791 -0.006031 -0.012735 0.999901
1732022804043284736.000000 -2292.335449 -23.830900 708.201050 0.999952 -0.008446 0.004889 0.008357 0.999803 0.018009 -0.005040 -0.017967 0.999826
1732022804076626432.000000 -2292.513672 -23.815006 695.718933 0.999947 -0.009377 0.004265 0.009275 0.999687 0.023217 -0.004481 -0.023177 0.999721
1732022804109967360.000000 -2292.691406 -23.943096 682.899414 0.999955 -0.008135 0.004852 0.008003 0.999615 0.026567 -0.005066 -0.026527 0.999635
1732022804143309312.000000 -2292.659424 -23.641233 666.163330 0.999969 -0.005410 0.005750 0.005261 0.999658 0.025611 -0.005886 -0.025580 0.999655
1732022804176651264.000000 -2292.598389 -24.145462 653.801025 0.999988 -0.002307 0.004347 0.002231 0.999846 0.017419 -0.004387 -0.017410 0.999839
1732022804209992960.000000 -2292.562012 -24.805237 641.552246 0.999987 -0.004054 0.002995 0.004031 0.999963 0.007663 -0.003026 -0.007651 0.999966
1732022804243334912.000000 -2292.584473 -25.852062 626.098206 0.999991 -0.004153 -0.001244 0.004149 0.999987 -0.002863 0.001256 0.002858 0.999995
1732022804276676864.000000 -2292.365479 -27.000605 614.605103 0.999978 -0.004249 -0.005049 0.004200 0.999944 -0.009749 0.005090 0.009728 0.999940
1732022804310018816.000000 -2292.278564 -28.311842 603.414673 0.999949 -0.004663 -0.008923 0.004525 0.999870 -0.015470 0.008994 0.015429 0.999840
1732022804343360768.000000 -2292.237061 -29.968243 588.722839 0.999915 -0.005763 -0.011653 0.005555 0.999826 -0.017832 0.011754 0.017766 0.999773
1732022804376702464.000000 -2292.214600 -31.194040 577.977173 0.999892 -0.005889 -0.013493 0.005656 0.999835 -0.017278 0.013592 0.017200 0.999760
1732022804410044416.000000 -2292.253906 -32.362968 567.378723 0.999897 -0.004701 -0.013547 0.004476 0.999852 -0.016601 0.013623 0.016539 0.999770
1732022804443386368.000000 -2292.287109 -33.779907 553.137390 0.999934 -0.002275 -0.011304 0.002115 0.999897 -0.014228 0.011335 0.014203 0.999835
1732022804476728320.000000 -2292.183838 -34.794258 542.489929 0.999946 -0.001006 -0.010332 0.000875 0.999919 -0.012735 0.010344 0.012725 0.999866
1732022804510070016.000000 -2292.015869 -35.439449 532.032043 0.999949 0.000427 -0.010122 -0.000560 0.999913 -0.013168 0.010115 0.013173 0.999862
1732022804543412224.000000 -2291.833984 -35.921139 517.957642 0.999957 0.001190 -0.009212 -0.001327 0.999887 -0.014941 0.009194 0.014953 0.999846
1732022804576752896.000000 -2291.814697 -36.142967 507.210144 0.999960 -0.000613 -0.008950 0.000482 0.999891 -0.014731 0.008958 0.014726 0.999851
1732022804610095104.000000 -2291.896484 -36.080002 496.342377 0.999981 -0.000791 -0.006054 0.000700 0.999888 -0.014983 0.006065 0.014978 0.999869
1732022804643437056.000000 -2291.923340 -35.814327 481.666412 0.999991 -0.002308 -0.003486 0.002277 0.999957 -0.009004 0.003506 0.008996 0.999953
1732022804676778752.000000 -2291.571533 -35.792992 470.547272 0.999994 -0.002929 -0.001775 0.002918 0.999979 -0.005749 0.001792 0.005744 0.999982
1732022804710120960.000000 -2291.549805 -35.087498 459.669495 0.999995 -0.000816 0.002922 0.000813 0.999999 0.000846 -0.002922 -0.000844 0.999995
1732022804743462912.000000 -2291.126709 -34.251831 445.528839 0.999997 -0.000444 0.002393 0.000429 0.999980 0.006298 -0.002396 -0.006297 0.999977
1732022804776804608.000000 -2290.948242 -33.132240 435.213776 0.999994 0.000635 0.003413 -0.000673 0.999937 0.011164 -0.003406 -0.011166 0.999932
1732022804810146816.000000 -2290.581543 -32.329330 424.678375 0.999998 -0.000932 0.001815 0.000912 0.999940 0.010962 -0.001825 -0.010961 0.999938
1732022804843488768.000000 -2290.276611 -30.735113 410.950439 0.999997 -0.000664 0.002490 0.000625 0.999878 0.015637 -0.002500 -0.015635 0.999875
1732022804876830464.000000 -2290.096191 -29.667200 400.473145 0.999998 -0.001452 0.001316 0.001431 0.999871 0.016013 -0.001339 -0.016011 0.999871
1732022804910172416.000000 -2290.025635 -28.541122 389.746521 0.999994 -0.003244 0.001394 0.003219 0.999840 0.017572 -0.001451 -0.017567 0.999845
1732022804943513856.000000 -2289.887207 -27.513803 375.371490 0.999990 -0.004386 0.000639 0.004375 0.999855 0.016440 -0.000711 -0.016437 0.999865
1732022804976855552.000000 -2289.972900 -26.601610 364.284271 0.999982 -0.005934 0.001154 0.005912 0.999824 0.017804 -0.001259 -0.017797 0.999841
1732022805010196224.000000 -2290.162598 -25.993780 352.849762 0.999979 -0.006393 0.001157 0.006368 0.999770 0.020459 -0.001288 -0.020451 0.999790
1732022805043537920.000000 -2290.413818 -24.903887 337.750916 0.999983 -0.005011 0.003090 0.004949 0.999793 0.019757 -0.003188 -0.019742 0.999800
1732022805076879616.000000 -2291.041016 -24.202084 326.323853 0.999986 -0.003240 0.004150 0.003165 0.999832 0.018068 -0.004208 -0.018054 0.999828
1732022805110221056.000000 -2291.597656 -23.502758 314.851166 0.999981 -0.002212 0.005760 0.002115 0.999857 0.016808 -0.005796 -0.016795 0.999842
1732022805143562752.000000 -2292.593994 -22.598778 299.718445 0.999963 -0.001029 0.008535 0.000912 0.999906 0.013680 -0.008548 -0.013671 0.999870
1732022805176904448.000000 -2293.510010 -21.947285 288.293884 0.999939 0.000045 0.011026 -0.000148 0.999957 0.009315 -0.011025 -0.009316 0.999896
1732022805210246144.000000 -2293.955322 -21.913269 277.119049 0.999965 -0.001462 0.008193 0.001403 0.999974 0.007139 -0.008203 -0.007127 0.999941
1732022805243587840.000000 -2294.767822 -22.262445 262.488190 0.999992 -0.003537 0.001624 0.003531 0.999988 0.003506 -0.001636 -0.003501 0.999993
1732022805276929280.000000 -2295.612061 -21.233282 252.819855 0.999996 -0.000041 0.002954 0.000054 0.999991 -0.004233 -0.002953 0.004233 0.999987
1732022805310270976.000000 -2296.593018 -21.025246 243.400024 1.000000 -0.000248 -0.000310 0.000246 0.999985 -0.005542 0.000311 0.005542 0.999985
1732022805343612672.000000 -2297.355713 -21.249155 232.188339 0.999954 0.003667 -0.008836 -0.003775 0.999918 -0.012223 0.008791 0.012256 0.999886
1732022805376954368.000000 -2298.136963 -21.107870 224.044830 0.999934 0.005568 -0.010031 -0.005700 0.999897 -0.013188 0.009957 0.013245 0.999863
1732022805410296064.000000 -2299.302979 -21.106621 216.117111 0.999970 0.003334 -0.006964 -0.003377 0.999975 -0.006168 0.006943 0.006191 0.999957
1732022805443636736.000000 -2300.659668 -20.189501 207.319504 0.999950 0.009317 -0.003690 -0.009360 0.999886 -0.011872 0.003579 0.011906 0.999923
1732022805476978176.000000 -2301.435059 -19.908375 200.636383 0.999947 0.009752 -0.003248 -0.009794 0.999867 -0.013060 0.003120 0.013091 0.999909
1732022805510319872.000000 -2302.082520 -19.362963 195.105576 0.999872 0.014384 -0.007019 -0.014507 0.999735 -0.017887 0.006760 0.017986 0.999815
1732022805543661568.000000 -2302.961670 -18.516130 187.309006 0.999869 0.014757 -0.006689 -0.014876 0.999725 -0.018139 0.006419 0.018236 0.999813
1732022805577003264.000000 -2303.562744 -17.757938 181.380524 0.999908 0.012610 -0.004968 -0.012685 0.999802 -0.015356 0.004774 0.015418 0.999870
1732022805610345216.000000 -2303.842529 -17.411093 176.924637 0.999825 0.013080 -0.013365 -0.013336 0.999725 -0.019268 0.013109 0.019443 0.999725
1732022805643686656.000000 -2304.701660 -16.005074 170.740463 0.999902 0.008938 -0.010768 -0.009048 0.999907 -0.010236 0.010675 0.010332 0.999890
1732022805677028352.000000 -2305.017822 -14.947926 167.106827 0.999893 0.009150 -0.011392 -0.009276 0.999896 -0.011014 0.011290 0.011118 0.999874
1732022805710369792.000000 -2305.131348 -14.505267 164.167709 0.999808 0.008686 -0.017537 -0.008977 0.999822 -0.016590 0.017390 0.016744 0.999709
1732022805743711744.000000 -2305.234619 -14.141911 160.300873 0.999780 0.003405 -0.020697 -0.003804 0.999807 -0.019263 0.020627 0.019337 0.999600
1732022805777053440.000000 -2305.776123 -12.763397 158.024857 0.999959 0.002907 -0.008597 -0.003048 0.999860 -0.016460 0.008548 0.016486 0.999828
1732022805810394880.000000 -2305.936768 -11.918734 156.839676 0.999970 0.003117 -0.007115 -0.003276 0.999743 -0.022427 0.007043 0.022449 0.999723
1732022805843736576.000000 -2305.889160 -11.485741 155.611908 0.999928 0.003755 -0.011437 -0.004154 0.999374 -0.035139 0.011298 0.035184 0.999317
1732022805877078272.000000 -2305.760986 -11.199842 154.541565 0.999939 0.002897 -0.010623 -0.003294 0.999288 -0.037583 0.010507 0.037616 0.999237
1732022805910418688.000000 -2305.604004 -10.817516 152.926102 0.999993 0.000334 -0.003658 -0.000444 0.999547 -0.030105 0.003647 0.030106 0.999540
1732022805943760128.000000 -2305.253418 -10.509860 151.802002 0.999999 0.001124 -0.001015 -0.001153 0.999584 -0.028803 0.000982 0.028804 0.999585
1732022805977101568.000000 -2304.861084 -10.334340 151.515137 0.999980 0.003427 -0.005251 -0.003609 0.999378 -0.035073 0.005128 0.035091 0.999371
1732022806010443008.000000 -2304.456543 -10.380153 150.702087 0.999970 0.002285 -0.007343 -0.002553 0.999321 -0.036757 0.007254 0.036775 0.999297
1732022806043784192.000000 -2303.920898 -10.277693 149.525787 0.999971 0.001431 -0.007498 -0.001711 0.999294 -0.037540 0.007439 0.037552 0.999267
1732022806077125632.000000 -2303.593262 -10.155163 148.413864 0.999982 -0.000017 -0.006027 -0.000194 0.999389 -0.034963 0.006024 0.034963 0.999370
1732022806110467072.000000 -2303.500732 -10.039454 146.840515 0.999997 -0.002365 -0.000947 0.002336 0.999569 -0.029277 0.001016 0.029274 0.999571
1732022806143808256.000000 -2303.198730 -10.428430 145.559219 0.999991 -0.002050 -0.003738 0.001936 0.999542 -0.030203 0.003798 0.030196 0.999537
1732022806177149696.000000 -2303.382080 -10.703253 144.603058 0.999996 -0.002892 -0.000643 0.002875 0.999679 -0.025171 0.000715 0.025169 0.999683
1732022806210490880.000000 -2303.615479 -11.019509 143.913223 0.999993 -0.003816 -0.000502 0.003803 0.999716 -0.023520 0.000592 0.023518 0.999723
1732022806243832576.000000 -2303.674316 -11.931538 143.377106 0.999962 -0.007445 -0.004473 0.007354 0.999769 -0.020181 0.004622 0.020147 0.999786
1732022806277173760.000000 -2303.850830 -11.509475 144.328979 0.999982 -0.005883 -0.000953 0.005859 0.999702 -0.023691 0.001092 0.023685 0.999719
1732022806310515200.000000 -2303.968018 -11.708931 145.933304 0.999960 -0.008089 0.003719 0.008164 0.999753 -0.020663 -0.003551 0.020692 0.999780
1732022806343855616.000000 -2303.820557 -12.396066 148.828430 0.999955 -0.009065 -0.002814 0.008998 0.999691 -0.023161 0.003023 0.023135 0.999728
1732022806377197056.000000 -2303.854248 -13.231333 152.198135 0.999932 -0.010908 -0.004117 0.010805 0.999647 -0.024274 0.004381 0.024228 0.999697
1732022806410538496.000000 -2303.744141 -13.939123 155.505981 0.999857 -0.016886 0.001328 0.016903 0.999759 -0.014037 -0.001091 0.014057 0.999901
1732022806443879680.000000 -2303.359375 -14.746562 162.856049 0.999850 -0.017110 -0.002842 0.017049 0.999648 -0.020340 0.003189 0.020288 0.999789
1732022806477221120.000000 -2303.046631 -15.249448 168.323318 0.999780 -0.020518 0.004269 0.020577 0.999690 -0.014026 -0.003980 0.014111 0.999893
1732022806510562304.000000 -2302.515381 -15.601358 175.914581 0.999841 -0.017797 0.000837 0.017812 0.999591 -0.022365 -0.000439 0.022377 0.999750
1732022806543903744.000000 -2301.593262 -16.283108 186.083023 0.999838 -0.017853 0.002266 0.017897 0.999614 -0.021273 -0.001886 0.021310 0.999771
1732022806577245184.000000 -2301.016357 -16.561619 194.104889 0.999821 -0.017147 0.008003 0.017241 0.999781 -0.011819 -0.007798 0.011955 0.999898
1732022806610586368.000000 -2299.973633 -17.189819 202.600983 0.999834 -0.015165 0.010058 0.015215 0.999872 -0.004899 -0.009982 0.005051 0.999937
1732022806643927808.000000 -2298.587402 -17.806517 214.813568 0.999872 -0.011959 0.010658 0.012002 0.999920 -0.004045 -0.010609 0.004172 0.999935
1732022806677268992.000000 -2297.684814 -17.911940 225.088943 0.999956 -0.005941 0.007284 0.006034 0.999899 -0.012846 -0.007207 0.012889 0.999891
1732022806710610688.000000 -2296.374023 -18.962166 234.300919 0.999952 -0.008231 0.005231 0.008288 0.999905 -0.011002 -0.005140 0.011044 0.999926
1732022806743952128.000000 -2295.449951 -18.752701 247.768219 0.999889 -0.002686 0.014621 0.002874 0.999913 -0.012869 -0.014586 0.012910 0.999810
1732022806777292288.000000 -2294.513672 -19.054714 258.216370 0.999855 0.001383 0.016991 -0.001107 0.999867 -0.016253 -0.017011 0.016231 0.999724
1732022806810633728.000000 -2293.635498 -19.771606 268.718750 0.999828 0.003540 0.018222 -0.003138 0.999752 -0.022029 -0.018295 0.021968 0.999591
1732022806843974912.000000 -2292.557373 -20.936819 283.628632 0.999851 0.006481 0.015987 -0.006150 0.999768 -0.020653 -0.016117 0.020552 0.999659
1732022806877316352.000000 -2291.685791 -22.123611 294.567627 0.999858 0.008076 0.014803 -0.007806 0.999805 -0.018161 -0.014947 0.018043 0.999725
1732022806910657536.000000 -2291.171631 -22.671652 306.022186 0.999765 0.012648 0.017632 -0.012351 0.999781 -0.016868 -0.017841 0.016646 0.999702
1732022806943998976.000000 -2289.812500 -24.244432 321.553558 0.999820 0.015271 0.011287 -0.015120 0.999798 -0.013274 -0.011488 0.013101 0.999848
1732022806977340672.000000 -2289.094482 -25.284389 333.159821 0.999802 0.016106 0.011687 -0.015997 0.999829 -0.009315 -0.011835 0.009126 0.999888
1732022807010681856.000000 -2288.449219 -26.195511 344.435699 0.999746 0.014691 0.017089 -0.014661 0.999891 -0.001888 -0.017115 0.001637 0.999852
1732022807044023552.000000 -2287.437988 -27.144791 360.210846 0.999625 0.015142 0.022804 -0.015216 0.999880 0.003058 -0.022755 -0.003403 0.999735
1732022807077364992.000000 -2286.771240 -27.890182 372.382690 0.999586 0.014269 0.024989 -0.014403 0.999883 0.005214 -0.024911 -0.005572 0.999674
1732022807110706432.000000 -2285.999756 -28.765240 384.662903 0.999529 0.012903 0.027829 -0.013113 0.999887 0.007365 -0.027731 -0.007726 0.999586
1732022807144047872.000000 -2285.062988 -29.855457 401.217041 0.999461 0.010262 0.031199 -0.010652 0.999867 0.012333 -0.031069 -0.012659 0.999437
1732022807177389056.000000 -2284.380615 -30.642511 413.437988 0.999423 0.007270 0.033173 -0.007799 0.999844 0.015862 -0.033053 -0.016112 0.999324
1732022807210730752.000000 -2283.713379 -31.128515 425.471893 0.999375 0.002723 0.035231 -0.003384 0.999819 0.018736 -0.035174 -0.018844 0.999204
1732022807244070912.000000 -2282.868408 -32.267216 441.236511 0.999370 -0.003910 0.035285 0.003126 0.999747 0.022260 -0.035363 -0.022135 0.999129
1732022807277412608.000000 -2282.295898 -32.915108 452.864960 0.999377 -0.009738 0.033934 0.008951 0.999689 0.023281 -0.034150 -0.022963 0.999153
1732022807310754048.000000 -2281.780762 -33.329269 464.539490 0.999361 -0.014035 0.032860 0.013232 0.999611 0.024532 -0.033192 -0.024081 0.999159
1732022807344095488.000000 -2281.198730 -33.943279 479.997711 0.999338 -0.018978 0.031029 0.018185 0.999506 0.025629 -0.031500 -0.025048 0.999190
1732022807377437184.000000 -2280.699463 -34.310207 491.563110 0.999269 -0.021362 0.031717 0.020520 0.999434 0.026652 -0.032268 -0.025982 0.999142
1732022807410778368.000000 -2280.353271 -34.666027 503.179871 0.999213 -0.023680 0.031824 0.022799 0.999355 0.027746 -0.032460 -0.026999 0.999108
1732022807444119808.000000 -2280.127930 -35.210087 518.441589 0.999193 -0.025431 0.031105 0.024520 0.999269 0.029317 -0.031828 -0.028531 0.999086
1732022807477460992.000000 -2280.072266 -35.586926 530.030090 0.999160 -0.026153 0.031543 0.025219 0.999242 0.029646 -0.032295 -0.028826 0.999063
1732022807510802688.000000 -2279.895752 -35.875771 541.493164 0.999173 -0.025557 0.031623 0.024658 0.999290 0.028500 -0.032329 -0.027696 0.999093
1732022807544144128.000000 -2279.780518 -36.461674 556.442993 0.999213 -0.025842 0.030106 0.025094 0.999374 0.024934 -0.030731 -0.024159 0.999236
1732022807577485568.000000 -2280.046143 -36.661652 567.592346 0.999227 -0.023990 0.031155 0.023228 0.999427 0.024602 -0.031727 -0.023859 0.999212
1732022807610827008.000000 -2280.383545 -37.179607 578.622986 0.999252 -0.023147 0.030987 0.022579 0.999572 0.018586 -0.031404 -0.017872 0.999347
1732022807644168448.000000 -2280.870361 -37.523968 593.247253 0.999291 -0.019794 0.032013 0.019353 0.999714 0.014036 -0.032282 -0.013407 0.999389
1732022807677508864.000000 -2281.253174 -37.952137 603.751343 0.999235 -0.017079 0.035169 0.016656 0.999786 0.012305 -0.035371 -0.011709 0.999306
1732022807710850560.000000 -2281.657471 -38.636311 613.881653 0.999251 -0.014168 0.036018 0.013811 0.999853 0.010134 -0.036156 -0.009629 0.999300
1732022807744191744.000000 -2282.263428 -39.529030 626.841797 0.999223 -0.009740 0.038191 0.009366 0.999907 0.009959 -0.038284 -0.009594 0.999221
1732022807777533184.000000 -2282.677490 -40.116196 636.338440 0.999228 -0.006959 0.038656 0.006669 0.999949 0.007625 -0.038707 -0.007361 0.999223
1732022807810874368.000000 -2283.005127 -40.704002 645.656128 0.999316 -0.005576 0.036558 0.005339 0.999964 0.006562 -0.036593 -0.006363 0.999310
1732022807844216064.000000 -2283.439209 -41.466320 657.799561 0.999447 -0.004287 0.032985 0.004115 0.999978 0.005254 -0.033007 -0.005116 0.999442
1732022807877557504.000000 -2283.924561 -42.055817 666.632935 0.999528 -0.004021 0.030466 0.003880 0.999982 0.004664 -0.030485 -0.004544 0.999525
1732022807910898944.000000 -2284.774658 -42.776505 675.149719 0.999571 -0.004852 0.028870 0.004703 0.999975 0.005237 -0.028895 -0.005099 0.999569
1732022807944240640.000000 -2285.542725 -43.165493 685.655884 0.999637 -0.006224 0.026204 0.005940 0.999923 0.010880 -0.026270 -0.010720 0.999597
1732022807977582080.000000 -2285.854736 -43.904037 692.842957 0.999699 -0.009423 0.022640 0.009101 0.999857 0.014276 -0.022771 -0.014066 0.999642
1732022808010923264.000000 -2286.305908 -43.047096 700.617065 0.999687 -0.006820 0.024079 0.006604 0.999937 0.009032 -0.024139 -0.008870 0.999669
1732022808044264960.000000 -2286.954590 -42.656227 709.736938 0.999662 -0.011769 0.023176 0.011611 0.999908 0.006952 -0.023256 -0.006681 0.999707
1732022808077606400.000000 -2287.033936 -42.783501 715.715088 0.999662 -0.015189 0.021103 0.015047 0.999863 0.006860 -0.021204 -0.006540 0.999754
1732022808110946816.000000 -2287.167725 -42.361565 721.439026 0.999645 -0.017737 0.019896 0.017579 0.999813 0.008096 -0.020036 -0.007743 0.999769
1732022808144288256.000000 -2287.582031 -41.339741 728.810425 0.999618 -0.018213 0.020793 0.018025 0.999795 0.009207 -0.020957 -0.008828 0.999741
1732022808177629952.000000 -2287.685791 -41.670490 733.094971 0.999564 -0.024368 0.016645 0.024127 0.999604 0.014501 -0.016991 -0.014093 0.999756
1732022808210971392.000000 -2287.863770 -41.517715 737.046814 0.999549 -0.026381 0.014327 0.026141 0.999518 0.016731 -0.014762 -0.016349 0.999757
1732022808244312832.000000 -2288.263672 -41.150013 741.507263 0.999501 -0.027885 0.014825 0.027571 0.999399 0.021003 -0.015402 -0.020584 0.999669
1732022808277654528.000000 -2288.417969 -40.990055 744.327698 0.999436 -0.029427 0.016165 0.029046 0.999306 0.023315 -0.016840 -0.022833 0.999597
1732022808310995712.000000 -2288.470459 -40.810955 746.893799 0.999438 -0.029354 0.016172 0.028928 0.999244 0.025966 -0.016922 -0.025483 0.999532
1732022808344337408.000000 -2288.104980 -40.898247 750.198853 0.999498 -0.027307 0.016094 0.026883 0.999300 0.026009 -0.016793 -0.025563 0.999532
1732022808377678592.000000 -2287.976562 -40.920471 752.927917 0.999515 -0.026586 0.016222 0.026161 0.999323 0.025881 -0.016899 -0.025444 0.999533
1732022808411020288.000000 -2287.645020 -41.464745 755.288147 0.999562 -0.024460 0.016658 0.024048 0.999410 0.024519 -0.017247 -0.024108 0.999561
1732022808444361984.000000 -2287.039307 -42.300182 757.630859 0.999652 -0.021346 0.015521 0.020957 0.999472 0.024815 -0.016042 -0.024481 0.999572
1732022808477703424.000000 -2286.849365 -42.725140 758.613647 0.999725 -0.018303 0.014675 0.017901 0.999474 0.027054 -0.015162 -0.026784 0.999526
1732022808511044864.000000 -2286.820801 -43.551434 758.228210 0.999734 -0.019026 0.013031 0.018651 0.999425 0.028309 -0.013562 -0.028058 0.999514
1732022808544386048.000000 -2287.448975 -44.112957 756.191711 0.999695 -0.020370 0.013930 0.019918 0.999295 0.031837 -0.014569 -0.031550 0.999396
1732022808577726720.000000 -2288.044678 -44.255795 753.725830 0.999664 -0.020944 0.015262 0.020473 0.999330 0.030353 -0.015888 -0.030031 0.999423
1732022808611068416.000000 -2288.556885 -44.553871 750.664001 0.999641 -0.021144 0.016472 0.020705 0.999437 0.026413 -0.017021 -0.026062 0.999515
1732022808644409600.000000 -2289.113525 -44.819511 744.501221 0.999654 -0.021459 0.015189 0.021042 0.999411 0.027113 -0.015762 -0.026784 0.999517
1732022808677751296.000000 -2289.651855 -44.027199 738.899780 0.999683 -0.018490 0.017068 0.017964 0.999375 0.030460 -0.017620 -0.030144 0.999390
1732022808711092736.000000 -2290.137695 -43.628990 732.268555 0.999654 -0.019772 0.017348 0.019214 0.999311 0.031755 -0.017964 -0.031411 0.999345
1732022808744434432.000000 -2290.265381 -43.255329 721.876953 0.999635 -0.023901 0.012614 0.023541 0.999333 0.027909 -0.013272 -0.027602 0.999531
1732022808777775872.000000 -2290.701660 -42.475471 713.356567 0.999642 -0.024288 0.011194 0.023949 0.999279 0.029455 -0.011901 -0.029176 0.999503
1732022808811117056.000000 -2291.233398 -41.322224 704.673950 0.999699 -0.021627 0.011610 0.021300 0.999393 0.027575 -0.012199 -0.027320 0.999552
1732022808844458752.000000 -2291.541992 -41.240135 692.029663 0.999669 -0.024378 0.008248 0.024128 0.999285 0.029106 -0.008952 -0.028898 0.999542
1732022808877800192.000000 -2292.074707 -39.908173 683.102112 0.999681 -0.021571 0.013123 0.021210 0.999408 0.027106 -0.013700 -0.026819 0.999546
1732022808911141888.000000 -2292.504639 -39.495186 673.192505 0.999680 -0.022416 0.011725 0.022071 0.999344 0.028710 -0.012361 -0.028442 0.999519
1732022808944483584.000000 -2293.055176 -38.943699 659.974731 0.999683 -0.022926 0.010448 0.022614 0.999323 0.029024 -0.011107 -0.028779 0.999524
1732022808977825024.000000 -2293.280518 -38.957054 649.694275 0.999686 -0.022762 0.010485 0.022467 0.999371 0.027424 -0.011103 -0.027179 0.999569
1732022809011165696.000000 -2293.828369 -38.655704 639.120667 0.999684 -0.023439 0.009090 0.023170 0.999322 0.028628 -0.009755 -0.028408 0.999549
1732022809044507392.000000 -2294.182129 -38.382179 624.869202 0.999740 -0.021330 0.008074 0.021082 0.999338 0.029639 -0.008701 -0.029462 0.999528
1732022809077848832.000000 -2294.278320 -38.186588 614.297302 0.999791 -0.017890 0.009849 0.017582 0.999379 0.030521 -0.010389 -0.030341 0.999486
1732022809111190528.000000 -2294.556641 -37.897041 603.468994 0.999795 -0.017185 0.010691 0.016871 0.999443 0.028791 -0.011180 -0.028604 0.999528
1732022809144531968.000000 -2294.351074 -37.908134 588.414001 0.999847 -0.014202 0.010251 0.013903 0.999492 0.028670 -0.010653 -0.028523 0.999536
1732022809177873664.000000 -2294.342285 -37.241573 577.586182 0.999866 -0.012158 0.010991 0.011833 0.999503 0.029209 -0.011340 -0.029075 0.999513
1732022809211215360.000000 -2294.282471 -36.661846 566.803284 0.999867 -0.013615 0.008925 0.013377 0.999566 0.026259 -0.009278 -0.026136 0.999615
1732022809244556800.000000 -2293.537842 -35.395031 552.333923 0.999874 -0.015272 0.004241 0.015164 0.999590 0.024279 -0.004610 -0.024212 0.999696
