1732023696531381248.000000 -2266.548340 -66.402138 139.584610 0.998588 -0.050774 0.015592 0.050649 0.998682 0.008289 -0.015992 -0.007488 0.999844 
1732023696564720128.000000 -2266.598633 -66.412666 139.602432 0.998610 -0.050511 0.015056 0.050395 0.998698 0.007965 -0.015438 -0.007195 0.999855 
1732023696598056704.000000 -2266.441162 -66.536652 139.584290 0.998656 -0.049558 0.015200 0.049437 0.998743 0.008249 -0.015590 -0.007487 0.999850 
1732023696631390720.000000 -2266.582764 -66.418480 139.645294 0.998620 -0.050506 0.014416 0.050404 0.998702 0.007346 -0.014768 -0.006609 0.999869 
1732023696664722432.000000 -2266.588379 -66.426216 139.641586 0.998615 -0.050648 0.014249 0.050549 0.998695 0.007246 -0.014598 -0.006515 0.999872 
1732023696698051584.000000 -2266.584961 -66.338470 139.693390 0.998636 -0.050181 0.014435 0.050085 0.998721 0.006919 -0.014763 -0.006186 0.999872 
1732023696731378432.000000 -2266.517334 -66.031242 139.898956 0.998586 -0.052007 0.011015 0.051967 0.998641 0.003847 -0.011200 -0.003269 0.999932 
1732023696764702976.000000 -2266.490479 -66.185745 139.799667 0.998502 -0.054029 0.008679 0.053995 0.998533 0.004044 -0.008885 -0.003570 0.999954 
1732023696798024960.000000 -2267.724365 -65.800278 139.910324 0.998303 -0.057520 0.009092 0.057491 0.998340 0.003434 -0.009274 -0.002905 0.999953 
1732023696831344384.000000 -2267.757568 -65.805862 139.868317 0.998294 -0.057713 0.008867 0.057682 0.998328 0.003683 -0.009065 -0.003165 0.999954 
1732023696864661504.000000 -2267.760010 -65.765152 139.855652 0.998285 -0.057810 0.009277 0.057776 0.998322 0.003886 -0.009486 -0.003343 0.999949 
1732023696897975808.000000 -2267.735352 -65.422874 139.490570 0.998117 -0.059698 0.014096 0.059586 0.998189 0.008239 -0.014563 -0.007383 0.999867 
1732023696931287040.000000 -2268.111328 -66.239128 140.180664 0.998379 -0.056725 0.004578 0.056725 0.998390 0.000054 -0.004574 0.000205 0.999990 
1732023696997904128.000000 -2267.609863 -66.446220 140.416107 0.998426 -0.055703 0.006464 0.055711 0.998446 -0.001056 -0.006395 0.001415 0.999979 
1732023697031208960.000000 -2267.000732 -66.225502 140.458908 0.998533 -0.054061 0.003028 0.054058 0.998537 0.001149 -0.003085 -0.000984 0.999995 
1732023697064511488.000000 -2266.986816 -66.231743 140.469299 0.998546 -0.053843 0.002737 0.053839 0.998549 0.001514 -0.002815 -0.001364 0.999995 
1732023697097811456.000000 -2266.968262 -66.271744 140.448715 0.998548 -0.053793 0.002826 0.053790 0.998552 0.001155 -0.002884 -0.001001 0.999995 
1732023697131109120.000000 -2266.802979 -66.569527 140.202469 0.998576 -0.053166 0.004386 0.053167 0.998586 -0.000201 -0.004369 0.000434 0.999990 
1732023697164404224.000000 -2266.816650 -66.574387 140.201202 0.998579 -0.053134 0.004041 0.053136 0.998587 -0.000178 -0.004026 0.000393 0.999992 
1732023697197697792.000000 -2266.808105 -66.550095 140.218857 0.998578 -0.053139 0.004254 0.053140 0.998587 -0.000110 -0.004242 0.000336 0.999991 
1732023697230979328.000000 -2267.072266 -66.666832 140.067154 0.998551 -0.053407 0.006627 0.053396 0.998572 0.001867 -0.006717 -0.001510 0.999976 
1732023697264258048.000000 -2267.041016 -66.589493 140.036438 0.998543 -0.053498 0.007080 0.053484 0.998566 0.002107 -0.007182 -0.001726 0.999973 
1732023697297532928.000000 -2267.046143 -66.575729 140.051010 0.998534 -0.053638 0.007302 0.053621 0.998558 0.002443 -0.007423 -0.002048 0.999970 
1732023697330804736.000000 -2267.054688 -66.542885 140.096573 0.998532 -0.053614 0.007755 0.053599 0.998560 0.002217 -0.007862 -0.001798 0.999967 
1732023697397336832.000000 -2266.914551 -67.201172 140.081757 0.998391 -0.056596 0.003565 0.056588 0.998395 0.002264 -0.003688 -0.002059 0.999991 
1732023697430598144.000000 -2266.981201 -66.788277 140.968643 0.998415 -0.056009 0.005447 0.056023 0.998426 -0.002440 -0.005302 0.002741 0.999982 
1732023697463855872.000000 -2267.137939 -66.523193 142.204269 0.998354 -0.057047 0.005934 0.057102 0.998322 -0.009585 -0.005377 0.009908 0.999936 
1732023697497110528.000000 -2267.195312 -66.212479 143.730499 0.998341 -0.057329 0.005310 0.057422 0.998164 -0.019295 -0.004194 0.019568 0.999800 
1732023697530361856.000000 -2267.216064 -65.683067 145.651733 0.998364 -0.056620 0.007960 0.056826 0.997976 -0.028549 -0.006328 0.028955 0.999561 
1732023697563609600.000000 -2267.315918 -65.853546 147.870895 0.998380 -0.056426 0.007268 0.056673 0.997590 -0.040024 -0.004992 0.040371 0.999172 
1732023697596854016.000000 -2267.433105 -66.102112 150.588364 0.998466 -0.055094 0.005568 0.055296 0.997349 -0.047296 -0.002947 0.047531 0.998865 
1732023697630095104.000000 -2268.058594 -67.716606 155.741638 0.998678 -0.051120 0.005386 0.051323 0.997462 -0.049359 -0.002849 0.049570 0.998767 
1732023697663332352.000000 -2268.395020 -68.403389 158.403671 0.998790 -0.048966 0.004496 0.049125 0.997652 -0.047712 -0.002149 0.047875 0.998851 
1732023697696566528.000000 -2268.925049 -69.863754 162.101181 0.998875 -0.047253 0.003954 0.047379 0.997947 -0.043096 -0.001909 0.043235 0.999063 
1732023697729797376.000000 -2269.564209 -70.862724 166.657104 0.999081 -0.042762 0.003006 0.042846 0.998353 -0.038138 -0.001371 0.038232 0.999268 
1732023697763024896.000000 -2270.218994 -72.189842 171.259354 0.999217 -0.039479 0.002452 0.039541 0.998593 -0.035322 -0.001054 0.035392 0.999373 
1732023697796247552.000000 -2271.263916 -73.393646 178.069977 0.999377 -0.035155 0.002991 0.035231 0.998897 -0.031027 -0.001897 0.031113 0.999514 
1732023697829468160.000000 -2272.194824 -72.990082 184.630432 0.999640 -0.025778 0.007429 0.026039 0.998958 -0.037474 -0.006456 0.037654 0.999270 
1732023697862685440.000000 -2272.550049 -73.696167 190.397156 0.999694 -0.024026 0.005896 0.024231 0.998993 -0.037749 -0.004983 0.037880 0.999270 
1732023697895899136.000000 -2273.168701 -73.796219 199.756653 0.999806 -0.018463 0.006862 0.018728 0.998994 -0.040756 -0.006103 0.040877 0.999146 
1732023697929109248.000000 -2273.513184 -74.237152 207.288528 0.999835 -0.017315 0.005459 0.017514 0.999090 -0.038900 -0.004781 0.038990 0.999228 
1732023697962316288.000000 -2273.782227 -74.600479 215.247147 0.999862 -0.015137 0.006846 0.015377 0.999215 -0.036503 -0.006288 0.036604 0.999310 
1732023697995520000.000000 -2274.242676 -75.036461 226.698212 0.999881 -0.014222 0.005913 0.014393 0.999452 -0.029818 -0.005486 0.029900 0.999538 
1732023698028719872.000000 -2274.483398 -75.094894 235.658707 0.999895 -0.013364 0.005680 0.013485 0.999672 -0.021764 -0.005388 0.021838 0.999747 
1732023698061916672.000000 -2274.687988 -75.195129 244.477142 0.999879 -0.015022 0.004060 0.015074 0.999803 -0.012893 -0.003866 0.012953 0.999909 
1732023698095109888.000000 -2274.971191 -74.533714 256.625488 0.999891 -0.013570 0.005904 0.013598 0.999897 -0.004633 -0.005840 0.004713 0.999972 
1732023698128300032.000000 -2275.136719 -74.101540 265.412048 0.999865 -0.015842 0.004433 0.015841 0.999874 0.000268 -0.004437 -0.000198 0.999990 
1732023698161486336.000000 -2275.223877 -73.792137 273.943298 0.999868 -0.016097 0.002377 0.016095 0.999870 0.000749 -0.002388 -0.000711 0.999997 
1732023698194670848.000000 -2275.385010 -73.888550 284.711609 0.999811 -0.019255 -0.002530 0.019267 0.999804 0.004520 0.002442 -0.004568 0.999987 
1732023698228012288.000000 -2275.728760 -73.922371 292.822968 0.999784 -0.020232 -0.004818 0.020266 0.999769 0.007107 0.004674 -0.007203 0.999963 
1732023698261352448.000000 -2276.107422 -74.278534 300.315369 0.999759 -0.021406 -0.004933 0.021458 0.999712 0.010752 0.004702 -0.010856 0.999930 
1732023698294693888.000000 -2276.566650 -75.117538 310.377747 0.999768 -0.020975 -0.004971 0.021038 0.999694 0.012988 0.004698 -0.013090 0.999903 
1732023698328034816.000000 -2276.963867 -75.762360 317.892151 0.999761 -0.021474 -0.004112 0.021527 0.999679 0.013362 0.003823 -0.013448 0.999902 
1732023698361376256.000000 -2277.141113 -76.555779 325.397217 0.999745 -0.022368 -0.002948 0.022402 0.999675 0.012134 0.002676 -0.012197 0.999922 
1732023698394717184.000000 -2277.746826 -77.027153 335.708862 0.999752 -0.022274 -0.000423 0.022278 0.999599 0.017473 0.000033 -0.017478 0.999847 
1732023698428058624.000000 -2277.843262 -78.001068 343.430023 0.999729 -0.023175 -0.002195 0.023208 0.999593 0.016596 0.001810 -0.016642 0.999860 
1732023698461399808.000000 -2278.009277 -78.651665 351.322113 0.999703 -0.024263 -0.002157 0.024297 0.999555 0.017313 0.001736 -0.017360 0.999848 
1732023698494740736.000000 -2278.111572 -79.827263 361.689514 0.999637 -0.026526 -0.004766 0.026598 0.999522 0.015776 0.004345 -0.015897 0.999864 
1732023698528081920.000000 -2278.146484 -80.378960 369.729248 0.999621 -0.026942 -0.005626 0.027016 0.999543 0.013555 0.005258 -0.013702 0.999892 
1732023698561422848.000000 -2278.131592 -80.961021 377.418945 0.999512 -0.030239 -0.007823 0.030337 0.999459 0.012693 0.007435 -0.012924 0.999889 
1732023698594764032.000000 -2278.370850 -81.594162 387.770966 0.999475 -0.031535 -0.007457 0.031621 0.999433 0.011607 0.007087 -0.011837 0.999905 
1732023698628104960.000000 -2278.577393 -81.991562 395.484772 0.999461 -0.032290 -0.005949 0.032357 0.999410 0.011503 0.005574 -0.011690 0.999916 
1732023698661446144.000000 -2278.691406 -82.702179 403.150543 0.999378 -0.034260 -0.008364 0.034341 0.999364 0.009649 0.008028 -0.009930 0.999918 
1732023698694785792.000000 -2279.153809 -82.739197 413.399506 0.999300 -0.036481 -0.008334 0.036555 0.999292 0.008945 0.008001 -0.009244 0.999925 
1732023698728126720.000000 -2279.264893 -82.839424 421.071045 0.999298 -0.036377 -0.008952 0.036458 0.999294 0.009045 0.008617 -0.009365 0.999919 
1732023698761467648.000000 -2279.520508 -82.492020 428.922363 0.999279 -0.037030 -0.008406 0.037090 0.999287 0.007044 0.008139 -0.007351 0.999940 
1732023698794808576.000000 -2279.680908 -81.933296 439.327606 0.999244 -0.037943 -0.008485 0.037998 0.999257 0.006460 0.008234 -0.006778 0.999943 
1732023698828149504.000000 -2279.773193 -81.372139 447.250885 0.999253 -0.037744 -0.008249 0.037804 0.999259 0.007294 0.007967 -0.007601 0.999939 
1732023698861490176.000000 -2279.696289 -80.853539 455.107758 0.999225 -0.038141 -0.009759 0.038231 0.999227 0.009190 0.009401 -0.009556 0.999910 
1732023698894831104.000000 -2279.599365 -79.858055 465.885468 0.999229 -0.037312 -0.012234 0.037428 0.999256 0.009344 0.011876 -0.009795 0.999882 
1732023698928171776.000000 -2279.485596 -79.256668 474.123291 0.999179 -0.037539 -0.015210 0.037724 0.999216 0.012037 0.014746 -0.012601 0.999812 
1732023698961512448.000000 -2279.344238 -78.580391 482.256409 0.999186 -0.036496 -0.017169 0.036737 0.999227 0.013995 0.016645 -0.014615 0.999755 
1732023698994853376.000000 -2279.114014 -77.202454 493.700531 0.999271 -0.033637 -0.018078 0.033935 0.999289 0.016443 0.017512 -0.017045 0.999701 
1732023699028194048.000000 -2278.925781 -76.253136 502.179840 0.999306 -0.032862 -0.017560 0.033195 0.999267 0.019050 0.016922 -0.019620 0.999664 
1732023699061534464.000000 -2278.683105 -75.367798 510.794739 0.999315 -0.032383 -0.017920 0.032749 0.999253 0.020534 0.017242 -0.021106 0.999629 
1732023699094875392.000000 -2277.983398 -73.726097 522.757019 0.999400 -0.030634 -0.016150 0.030994 0.999266 0.022516 0.015449 -0.023003 0.999616 
1732023699128214784.000000 -2277.538330 -72.271309 531.783142 0.999447 -0.029519 -0.015289 0.029907 0.999220 0.025778 0.014517 -0.026221 0.999551 
1732023699161555456.000000 -2276.837891 -70.935326 540.611206 0.999462 -0.029595 -0.014107 0.030015 0.999081 0.030583 0.013189 -0.030990 0.999433 
1732023699194895872.000000 -2276.020996 -69.090523 552.323486 0.999468 -0.029819 -0.013225 0.030320 0.998762 0.039423 0.012033 -0.039803 0.999135 
1732023699228236288.000000 -2275.278564 -67.495644 560.816040 0.999434 -0.030958 -0.013182 0.031532 0.998450 0.045866 0.011741 -0.046256 0.998861 
1732023699261576192.000000 -2274.527344 -66.226959 569.046875 0.999439 -0.031392 -0.011657 0.031931 0.998270 0.049361 0.010088 -0.049706 0.998713 
1732023699294916352.000000 -2273.434570 -64.680588 579.217773 0.999368 -0.034076 -0.010116 0.034598 0.997776 0.056972 0.008152 -0.057286 0.998325 
1732023699328256256.000000 -2272.626709 -63.379253 586.804626 0.999356 -0.034760 -0.008925 0.035254 0.997397 0.062903 0.006715 -0.063178 0.997980 
1732023699361596416.000000 -2272.156738 -62.867302 594.132385 0.999273 -0.037187 -0.008384 0.037651 0.997202 0.064578 0.005959 -0.064847 0.997877 
1732023699394936320.000000 -2271.222656 -62.329422 604.211487 0.999333 -0.036187 -0.004973 0.036436 0.997183 0.065570 0.002586 -0.065708 0.997836 
1732023699428275968.000000 -2270.801514 -62.341007 611.723877 0.999354 -0.035865 -0.002090 0.035925 0.997161 0.066182 -0.000289 -0.066214 0.997805 
1732023699461616384.000000 -2270.443115 -62.278400 619.137451 0.999406 -0.034470 0.000694 0.034347 0.997170 0.066868 -0.002997 -0.066805 0.997762 
1732023699494956032.000000 -2269.978516 -62.651081 628.665833 0.999440 -0.033164 0.004452 0.032804 0.997332 0.065216 -0.006603 -0.065033 0.997861 
1732023699528295936.000000 -2269.854248 -63.083374 635.528992 0.999448 -0.032575 0.006540 0.032090 0.997432 0.064027 -0.008609 -0.063782 0.997927 
1732023699561635840.000000 -2269.723145 -63.567120 642.302551 0.999496 -0.031077 0.006491 0.030589 0.997401 0.065237 -0.008501 -0.065006 0.997849 
1732023699594974464.000000 -2269.498291 -64.740753 651.460815 0.999627 -0.026715 0.005744 0.026264 0.997349 0.067868 -0.007542 -0.067692 0.997678 
1732023699628314368.000000 -2269.542969 -65.443771 658.258972 0.999702 -0.023889 0.005110 0.023469 0.997224 0.070663 -0.006784 -0.070522 0.997487 
1732023699661653760.000000 -2269.541504 -66.308884 664.929749 0.999787 -0.020281 0.003810 0.019946 0.997098 0.073472 -0.005289 -0.073380 0.997290 
1732023699694993664.000000 -2269.838623 -67.339409 673.942322 0.999873 -0.015597 0.003422 0.015292 0.996977 0.076179 -0.004600 -0.076117 0.997088 
1732023699728333312.000000 -2270.023926 -67.586044 680.580688 0.999913 -0.011907 0.005646 0.011431 0.996891 0.077965 -0.006557 -0.077894 0.996940 
1732023699761672960.000000 -2270.516113 -67.984322 687.336670 0.999931 -0.009168 0.007379 0.008581 0.997073 0.075968 -0.008054 -0.075900 0.997083 
1732023699795012352.000000 -2271.312988 -69.030434 696.134216 0.999930 -0.008727 0.007964 0.008123 0.997300 0.072988 -0.008580 -0.072918 0.997301 
1732023699828352000.000000 -2271.553223 -69.617004 702.741943 0.999938 -0.006961 0.008706 0.006324 0.997438 0.071255 -0.009179 -0.071195 0.997420 
1732023699861691392.000000 -2271.894775 -70.225128 709.337524 0.999943 -0.006618 0.008421 0.006004 0.997462 0.070951 -0.008870 -0.070897 0.997444 
1732023699895031040.000000 -2272.510010 -71.088768 717.647156 0.999928 -0.009283 0.007584 0.008700 0.997251 0.073587 -0.008246 -0.073516 0.997260 
1732023699928370432.000000 -2272.297607 -70.790459 723.835938 0.999929 -0.007120 0.009527 0.006361 0.996973 0.077494 -0.010049 -0.077428 0.996947 
1732023699961709824.000000 -2272.292725 -71.068855 729.539795 0.999932 -0.006628 0.009589 0.005838 0.996757 0.080264 -0.010090 -0.080202 0.996728 
1732023699995048960.000000 -2272.118896 -71.039505 736.347595 0.999943 -0.007014 0.008018 0.006317 0.996453 0.083917 -0.008578 -0.083862 0.996440 
1732023700028387584.000000 -2271.984131 -70.375412 740.761719 0.999949 -0.005225 0.008619 0.004452 0.996169 0.087337 -0.009042 -0.087295 0.996141 
1732023700061726720.000000 -2271.735352 -69.800232 744.549561 0.999939 -0.005765 0.009392 0.004899 0.995957 0.089701 -0.009871 -0.089650 0.995924 
1732023700095066368.000000 -2271.411865 -69.382278 748.590271 0.999948 -0.005811 0.008414 0.005024 0.995866 0.090694 -0.008906 -0.090647 0.995843 
1732023700128405248.000000 -2271.212646 -69.988350 750.176514 0.999924 -0.011593 0.004139 0.011160 0.995632 0.092692 -0.005196 -0.092639 0.995686 
1732023700161744640.000000 -2271.549805 -68.289879 752.093079 0.999943 -0.005922 0.008838 0.005085 0.995755 0.091900 -0.009345 -0.091850 0.995729 
1732023700195083776.000000 -2271.814453 -67.367447 752.036743 0.999939 -0.002394 0.010779 0.001327 0.995194 0.097916 -0.010961 -0.097895 0.995136 
1732023700228429568.000000 -2271.317871 -67.384064 750.647766 0.999923 -0.000429 0.012426 -0.000865 0.994582 0.103955 -0.012403 -0.103958 0.994504 
1732023700261775360.000000 -2272.454834 -67.867226 748.269348 0.999898 -0.005250 0.013247 0.003801 0.994235 0.107160 -0.013734 -0.107099 0.994153 
1732023700295120896.000000 -2272.432373 -66.842613 743.737732 0.999885 -0.001556 0.015077 -0.000114 0.993917 0.110127 -0.015157 -0.110116 0.993803 
1732023700328466688.000000 -2273.489990 -66.598839 739.116882 0.999919 -0.003798 0.012153 0.002438 0.993927 0.110015 -0.012497 -0.109976 0.993856 
1732023700361812480.000000 -2273.362305 -66.685524 734.242737 0.999911 -0.003841 0.012813 0.002460 0.994347 0.106147 -0.013148 -0.106106 0.994268 
1732023700395158528.000000 -2273.751465 -67.250443 725.748596 0.999951 -0.003679 0.009135 0.002691 0.994384 0.105801 -0.009473 -0.105772 0.994345 
1732023700428504576.000000 -2274.187012 -67.552597 718.928101 0.999965 -0.002102 0.008134 0.001228 0.994361 0.106037 -0.008311 -0.106023 0.994329 
1732023700461849344.000000 -2274.308350 -68.449059 711.273438 0.999984 -0.000232 0.005639 -0.000364 0.994432 0.105381 -0.005632 -0.105381 0.994416 
1732023700495195392.000000 -2275.230469 -69.630371 699.835754 0.999996 -0.002089 0.002081 0.001858 0.994398 0.105687 -0.002290 -0.105683 0.994397 
1732023700528541440.000000 -2275.806641 -71.107567 685.065796 0.999996 0.000511 -0.002775 -0.000234 0.995083 0.099045 0.002812 -0.099044 0.995079 
1732023700561887744.000000 -2276.043945 -71.899933 678.968506 0.999994 -0.000321 -0.003544 0.000657 0.995457 0.095211 0.003498 -0.095213 0.995451 
1732023700595233792.000000 -2276.479004 -72.930901 669.791016 0.999984 0.000710 -0.005591 -0.000220 0.996196 0.087135 0.005632 -0.087133 0.996181 
1732023700628580096.000000 -2276.809570 -74.266327 660.600891 0.999981 -0.000975 -0.006126 0.001455 0.996883 0.078886 0.006030 -0.078893 0.996865 
1732023700661926144.000000 -2276.900391 -75.592361 651.392578 0.999961 -0.002604 -0.008397 0.003209 0.997332 0.072932 0.008185 -0.072956 0.997302 
1732023700695272704.000000 -2277.059326 -77.316231 639.301697 0.999934 -0.003890 -0.010849 0.004608 0.997743 0.066988 0.010564 -0.067034 0.997695 
1732023700728619008.000000 -2277.341309 -78.844727 630.136963 0.999886 -0.005576 -0.014007 0.006467 0.997903 0.064406 0.013618 -0.064489 0.997826 
1732023700761965568.000000 -2276.711914 -79.758858 620.556763 0.999885 -0.003697 -0.014733 0.004662 0.997806 0.066045 0.014456 -0.066106 0.997708 
1732023700795312128.000000 -2276.505615 -81.336700 607.690674 0.999786 -0.005839 -0.019826 0.007157 0.997724 0.067055 0.019389 -0.067183 0.997552 
1732023700828658688.000000 -2276.179443 -81.874062 597.807617 0.999730 -0.008117 -0.021773 0.009575 0.997657 0.067734 0.021172 -0.067924 0.997466 
1732023700862005248.000000 -2275.886963 -82.144028 587.982971 0.999714 -0.009437 -0.021958 0.010856 0.997798 0.065435 0.021292 -0.065655 0.997615 
1732023700895351808.000000 -2275.273438 -82.292389 575.344788 0.999671 -0.010287 -0.023481 0.011597 0.998344 0.056354 0.022863 -0.056608 0.998135 
1732023700928697344.000000 -2274.797363 -82.411125 565.928345 0.999663 -0.010790 -0.023590 0.011972 0.998649 0.050556 0.023013 -0.050821 0.998443 
1732023700962044160.000000 -2274.370605 -82.687202 556.611267 0.999649 -0.011939 -0.023643 0.013040 0.998810 0.047005 0.023054 -0.047296 0.998615 
1732023700995390976.000000 -2273.916016 -82.900917 544.172852 0.999697 -0.012142 -0.021417 0.013111 0.998870 0.045676 0.020838 -0.045943 0.998727 
1732023701028737536.000000 -2273.614258 -83.043625 534.951782 0.999725 -0.011370 -0.020517 0.012308 0.998859 0.046148 0.019968 -0.046388 0.998724 
1732023701062084352.000000 -2273.298096 -83.160034 525.740295 0.999763 -0.011457 -0.018536 0.012342 0.998756 0.048316 0.017959 -0.048534 0.998660 
1732023701095431424.000000 -2272.755615 -83.513870 513.376343 0.999755 -0.012569 -0.018229 0.013452 0.998702 0.049125 0.017587 -0.049358 0.998626 
1732023701128778496.000000 -2272.335449 -83.180939 504.592712 0.999799 -0.011354 -0.016542 0.012199 0.998576 0.051942 0.015929 -0.052133 0.998513 
1732023701162125568.000000 -2271.569092 -82.906982 495.821747 0.999799 -0.010255 -0.017250 0.011155 0.998538 0.052890 0.016683 -0.053072 0.998451 
1732023701195472384.000000 -2270.596924 -82.493942 483.790436 0.999698 -0.012717 -0.021027 0.013851 0.998407 0.054703 0.020298 -0.054978 0.998281 
1732023701228813056.000000 -2269.737305 -80.978401 471.939056 0.999652 -0.012836 -0.023044 0.014164 0.998192 0.058408 0.022252 -0.058715 0.998027 
1732023701262153984.000000 -2269.312012 -80.452148 465.973602 0.999601 -0.013860 -0.024625 0.015302 0.998118 0.059377 0.023755 -0.059730 0.997932 
1732023701295494656.000000 -2268.471924 -79.104111 453.947906 0.999482 -0.016247 -0.027765 0.017922 0.997966 0.061183 0.026715 -0.061649 0.997740 
1732023701328835328.000000 -2267.898682 -78.888412 444.476044 0.999551 -0.013580 -0.026700 0.015101 0.998223 0.057641 0.025870 -0.058018 0.997980 
1732023701362174720.000000 -2267.355225 -78.123352 435.251801 0.999575 -0.014380 -0.025349 0.015846 0.998154 0.058628 0.024459 -0.059005 0.997958 
1732023701395515392.000000 -2266.646484 -77.452347 422.274353 0.999644 -0.015058 -0.022029 0.016346 0.998093 0.059523 0.021090 -0.059862 0.997984 
1732023701428855808.000000 -2265.921143 -76.738365 412.868256 0.999602 -0.014041 -0.024461 0.015344 0.998427 0.053929 0.023665 -0.054283 0.998245 
1732023701462196480.000000 -2265.542725 -75.836998 402.718292 0.999829 -0.013003 -0.013188 0.013774 0.998089 0.060235 0.012379 -0.060407 0.998097 
1732023701495537152.000000 -2264.625000 -75.204994 389.508057 0.999891 -0.011535 -0.009262 0.012082 0.998043 0.061354 0.008536 -0.061459 0.998073 
1732023701528877824.000000 -2263.810303 -74.852005 380.138306 0.999924 -0.008711 -0.008707 0.009197 0.998310 0.057373 0.008192 -0.057448 0.998315 
1732023701562218240.000000 -2262.710693 -74.554054 371.266571 0.999929 -0.004217 -0.011150 0.004796 0.998614 0.052421 0.010914 -0.052471 0.998563 
1732023701595558656.000000 -2261.986572 -74.657982 358.685150 0.999982 -0.001700 -0.005733 0.002025 0.998357 0.057266 0.005626 -0.057277 0.998342 
1732023701628899072.000000 -2261.139404 -74.702675 349.780762 0.999983 0.001154 -0.005785 -0.000817 0.998316 0.058008 0.005842 -0.058002 0.998299 
1732023701662239488.000000 -2260.568359 -75.170151 341.344696 0.999966 0.005756 -0.005888 -0.005418 0.998414 0.056032 0.006202 -0.055998 0.998412 
1732023701695579904.000000 -2259.862305 -75.358162 329.834778 0.999965 0.008039 -0.002181 -0.007905 0.998421 0.055620 0.002624 -0.055600 0.998450 
1732023701728920576.000000 -2259.635498 -74.651787 321.549103 0.999948 0.009826 0.002646 -0.009969 0.998105 0.060713 -0.002044 -0.060737 0.998152 
1732023701762260736.000000 -2259.154541 -74.860985 312.763580 0.999937 0.011028 0.002204 -0.011142 0.998094 0.060700 -0.001530 -0.060721 0.998154 
1732023701795600128.000000 -2258.567383 -75.308266 301.113831 0.999892 0.014386 0.003162 -0.014546 0.998195 0.058273 -0.002318 -0.058313 0.998296 
1732023701828940288.000000 -2258.131836 -75.065765 291.992798 0.999878 0.014349 0.006191 -0.014665 0.998409 0.054451 -0.005400 -0.054535 0.998497 
1732023701862280960.000000 -2257.897217 -74.963318 283.536957 0.999827 0.017941 0.004960 -0.018140 0.998889 0.043484 -0.004174 -0.043567 0.999042 
1732023701895621120.000000 -2257.758789 -75.016785 272.433228 0.999856 0.016800 0.002249 -0.016866 0.999301 0.033367 -0.001687 -0.033400 0.999441 
1732023701928961536.000000 -2257.688965 -75.472908 264.430023 0.999872 0.015927 0.001480 -0.015962 0.999486 0.027806 -0.001036 -0.027826 0.999612 
1732023701962301696.000000 -2257.734863 -75.911591 257.206848 0.999886 0.014815 -0.002990 -0.014743 0.999630 0.022854 0.003328 -0.022807 0.999734 
1732023701995641856.000000 -2258.174805 -76.343094 247.976471 0.999875 0.015385 -0.003602 -0.015293 0.999587 0.024348 0.003975 -0.024289 0.999697 
1732023702028982272.000000 -2258.440430 -76.863113 241.198090 0.999875 0.014952 -0.005195 -0.014806 0.999526 0.026992 0.005597 -0.026911 0.999622 
1732023702062322432.000000 -2259.011230 -77.618919 234.566650 0.999838 0.016100 -0.007996 -0.015874 0.999497 0.027456 0.008434 -0.027325 0.999591 
1732023702095662592.000000 -2259.532959 -77.986099 225.875641 0.999800 0.017782 -0.009107 -0.017512 0.999427 0.028971 0.009617 -0.028806 0.999539 
1732023702129002752.000000 -2259.717773 -78.406960 219.398056 0.999756 0.019257 -0.010859 -0.018973 0.999490 0.025697 0.011348 -0.025485 0.999611 
1732023702162342912.000000 -2260.321533 -78.428795 213.153275 0.999727 0.021104 -0.009985 -0.020835 0.999438 0.026271 0.010534 -0.026056 0.999605 
1732023702195683072.000000 -2260.896729 -78.535507 205.365952 0.999676 0.023478 -0.009858 -0.023237 0.999445 0.023872 0.010412 -0.023635 0.999666 
1732023702229023488.000000 -2261.271729 -78.500381 199.533127 0.999704 0.022673 -0.008842 -0.022468 0.999492 0.022586 0.009350 -0.022380 0.999706 
1732023702262362880.000000 -2261.730469 -78.479813 194.033524 0.999698 0.022752 -0.009239 -0.022529 0.999469 0.023534 0.009769 -0.023319 0.999680 
1732023702295703808.000000 -2262.236816 -78.478371 186.842941 0.999695 0.021144 -0.012794 -0.020842 0.999512 0.023278 0.013280 -0.023004 0.999647 
1732023702329044480.000000 -2262.534668 -78.240868 181.317566 0.999718 0.019427 -0.013692 -0.019104 0.999545 0.023364 0.014139 -0.023096 0.999633 
1732023702362385152.000000 -2262.762939 -78.091476 176.130264 0.999754 0.016816 -0.014473 -0.016461 0.999570 0.024259 0.014875 -0.024015 0.999601 
1732023702395725824.000000 -2262.806885 -77.194305 169.656616 0.999842 0.012272 -0.012861 -0.011937 0.999594 0.025875 0.013174 -0.025718 0.999582 
1732023702429065984.000000 -2262.938232 -76.873817 165.298904 0.999848 0.009244 -0.014775 -0.008936 0.999744 0.020797 0.014963 -0.020662 0.999675 
1732023702462406656.000000 -2263.143555 -76.842842 161.842514 0.999783 0.006700 -0.019720 -0.006418 0.999877 0.014335 0.019814 -0.014206 0.999703 
1732023702495747072.000000 -2263.379639 -76.277565 157.443802 0.999826 0.002856 -0.018434 -0.002593 0.999894 0.014295 0.018473 -0.014245 0.999728 
1732023702529087744.000000 -2263.458252 -76.049805 154.256042 0.999859 -0.001567 -0.016702 0.001862 0.999842 0.017670 0.016672 -0.017699 0.999704 
1732023702562427904.000000 -2263.397705 -75.862656 151.892578 0.999828 -0.003813 -0.018126 0.004214 0.999746 0.022160 0.018037 -0.022233 0.999590 
1732023702595768576.000000 -2263.285889 -76.110146 149.303329 0.999811 -0.004165 -0.018998 0.004654 0.999658 0.025733 0.018885 -0.025817 0.999488 
1732023702629108992.000000 -2263.111328 -75.664070 147.118820 0.999839 -0.008026 -0.016069 0.008480 0.999560 0.028426 0.015834 -0.028558 0.999467 
1732023702662449664.000000 -2263.164307 -75.210617 145.092041 0.999894 -0.005120 -0.013614 0.005311 0.999887 0.014080 0.013540 -0.014151 0.999808 
1732023702695788800.000000 -2263.477783 -74.393105 143.375687 0.999969 -0.004489 -0.006478 0.004552 0.999942 0.009724 0.006434 -0.009753 0.999932 
1732023702729129216.000000 -2264.176758 -73.818787 142.059174 0.999986 -0.004377 -0.003137 0.004387 0.999985 0.003182 0.003123 -0.003196 0.999990 
1732023702762469888.000000 -2265.072998 -73.839684 141.635956 0.999996 -0.001722 -0.002031 0.001716 0.999993 -0.003375 0.002037 0.003371 0.999992 
1732023702795810048.000000 -2265.452148 -73.328621 140.831070 0.999982 -0.003802 0.004594 0.003806 0.999992 -0.000891 -0.004591 0.000909 0.999989 
1732023702829150464.000000 -2265.179443 -73.541733 141.003830 0.999988 -0.003070 0.003870 0.003066 0.999995 0.000942 -0.003873 -0.000930 0.999992 
1732023702862490880.000000 -2265.033936 -74.227989 141.423676 0.999996 -0.002495 -0.001641 0.002494 0.999997 -0.000776 0.001643 0.000772 0.999998 
1732023702895831296.000000 -2265.124756 -74.075172 142.107574 0.999998 -0.000835 -0.001954 0.000827 0.999990 -0.004326 0.001957 0.004324 0.999989 
1732023702929171456.000000 -2265.152100 -73.956154 142.369553 0.999994 -0.002457 0.002269 0.002461 0.999996 -0.001662 -0.002264 0.001668 0.999996 
1732023702962512128.000000 -2265.252441 -74.557243 143.230820 0.999987 -0.004606 0.002389 0.004607 0.999989 -0.000408 -0.002387 0.000419 0.999997 
1732023702995852032.000000 -2265.516846 -75.681076 145.764404 0.999982 -0.005835 -0.001047 0.005833 0.999982 -0.001692 0.001057 0.001686 0.999998 
1732023703029192448.000000 -2265.822754 -75.914932 148.979752 0.999954 -0.008399 0.004600 0.008377 0.999954 0.004756 -0.004640 -0.004717 0.999978 
1732023703062532608.000000 -2266.036133 -76.835564 151.194778 0.999966 -0.008064 0.001782 0.008057 0.999961 0.003705 -0.001812 -0.003691 0.999992 
1732023703095873024.000000 -2266.238525 -77.610268 156.007248 0.999942 -0.010332 0.003040 0.010325 0.999944 0.002368 -0.003065 -0.002337 0.999993 
1732023703129212160.000000 -2266.293457 -78.080055 160.500687 0.999920 -0.012315 0.002885 0.012318 0.999924 -0.001108 -0.002871 0.001144 0.999995 
1732023703162552576.000000 -2266.156494 -79.073074 165.459320 0.999908 -0.013515 0.001338 0.013524 0.999883 -0.007174 -0.001241 0.007191 0.999973 
1732023703195892736.000000 -2266.108398 -80.215584 173.382965 0.999922 -0.012432 0.001003 0.012443 0.999857 -0.011469 -0.000861 0.011480 0.999934 
1732023703229233152.000000 -2266.005615 -81.243088 180.016769 0.999926 -0.012138 0.000599 0.012146 0.999792 -0.016373 -0.000400 0.016379 0.999866 
1732023703262573056.000000 -2266.030762 -82.242523 187.024887 0.999919 -0.012253 0.003417 0.012311 0.999770 -0.017590 -0.003200 0.017630 0.999839 
1732023703295913216.000000 -2266.080811 -83.492516 197.581863 0.999934 -0.010195 0.005340 0.010306 0.999724 -0.021110 -0.005123 0.021164 0.999763 
1732023703329253120.000000 -2265.721680 -85.249268 205.233643 0.999914 -0.012571 0.003622 0.012640 0.999728 -0.019596 -0.003375 0.019640 0.999801 
1732023703362593536.000000 -2265.480225 -86.201332 213.285629 0.999919 -0.012154 0.003760 0.012236 0.999671 -0.022528 -0.003485 0.022572 0.999739 
1732023703395933440.000000 -2265.115479 -87.356377 224.175781 0.999923 -0.010797 0.006072 0.010923 0.999720 -0.021010 -0.005844 0.021075 0.999761 
1732023703429273344.000000 -2264.979004 -88.270966 232.265350 0.999931 -0.011378 0.003070 0.011436 0.999743 -0.019574 -0.002847 0.019607 0.999804 
1732023703462613248.000000 -2264.659912 -89.159492 239.884995 0.999912 -0.012901 0.003031 0.012948 0.999788 -0.016011 -0.002824 0.016049 0.999867 
1732023703495953408.000000 -2264.228516 -90.165253 250.176849 0.999895 -0.014203 0.002863 0.014250 0.999756 -0.016866 -0.002623 0.016905 0.999854 
1732023703529293568.000000 -2263.953369 -90.615875 257.708282 0.999889 -0.014765 0.001868 0.014797 0.999718 -0.018552 -0.001594 0.018578 0.999826 
1732023703562633216.000000 -2263.860596 -90.802185 264.790619 0.999833 -0.016909 0.006894 0.017006 0.999754 -0.014262 -0.006651 0.014376 0.999875 
1732023703595972352.000000 -2263.640381 -90.890663 275.180023 0.999829 -0.014908 0.010980 0.015074 0.999772 -0.015138 -0.010752 0.015301 0.999825 
1732023703629312256.000000 -2263.135742 -91.435783 283.243927 0.999876 -0.013751 0.007688 0.013890 0.999734 -0.018424 -0.007432 0.018529 0.999801 
1732023703662652160.000000 -2262.915771 -91.661659 291.273132 0.999863 -0.014501 0.007940 0.014660 0.999686 -0.020305 -0.007643 0.020419 0.999762 
1732023703695992064.000000 -2262.553467 -91.854507 302.291473 0.999808 -0.015923 0.011383 0.016177 0.999614 -0.022598 -0.011019 0.022778 0.999680 
1732023703729331968.000000 -2262.270508 -91.602737 311.028442 0.999775 -0.018930 0.009608 0.019144 0.999558 -0.022754 -0.009173 0.022933 0.999695 
1732023703762671872.000000 -2261.992188 -91.882751 319.603546 0.999758 -0.020669 0.007586 0.020838 0.999522 -0.022858 -0.007110 0.023010 0.999710 
1732023703796011776.000000 -2261.588135 -92.086441 330.874481 0.999707 -0.022217 0.009639 0.022442 0.999462 -0.023938 -0.009102 0.024147 0.999667 
1732023703829351680.000000 -2261.457520 -92.479744 339.223694 0.999640 -0.024867 0.010066 0.025071 0.999472 -0.020656 -0.009547 0.020900 0.999736 
1732023703862691328.000000 -2261.095703 -92.744995 347.773987 0.999614 -0.026491 0.008342 0.026656 0.999437 -0.020391 -0.007797 0.020605 0.999757 
1732023703896031488.000000 -2260.389404 -92.965767 358.684387 0.999523 -0.030326 0.005869 0.030451 0.999284 -0.022442 -0.005184 0.022610 0.999731 
1732023703929371136.000000 -2260.080566 -92.916161 366.745850 0.999486 -0.031769 0.004400 0.031868 0.999195 -0.024383 -0.003622 0.024511 0.999693 
1732023703962710528.000000 -2259.833496 -92.982750 374.408630 0.999410 -0.034137 0.003750 0.034215 0.999152 -0.022923 -0.002964 0.023038 0.999730 
1732023703996050688.000000 -2259.219727 -92.908607 384.557007 0.999376 -0.034887 0.005610 0.034994 0.999183 -0.020221 -0.004900 0.020405 0.999780 
1732023704029389312.000000 -2258.493164 -93.107582 391.942657 0.999372 -0.034958 0.005783 0.035068 0.999179 -0.020273 -0.005070 0.020463 0.999778 
1732023704062729216.000000 -2257.810547 -93.440170 399.271881 0.999436 -0.033250 0.004774 0.033338 0.999247 -0.019830 -0.004112 0.019978 0.999792 
1732023704096068864.000000 -2256.778320 -93.727425 408.725525 0.999447 -0.033080 0.003331 0.033142 0.999241 -0.020479 -0.002651 0.020578 0.999785 
1732023704129408512.000000 -2256.014404 -93.972374 415.512115 0.999403 -0.034452 0.002529 0.034496 0.999205 -0.020010 -0.001837 0.020085 0.999797 
1732023704162748160.000000 -2255.527344 -93.615913 422.470154 0.999417 -0.034044 0.002550 0.034091 0.999190 -0.021396 -0.001819 0.021471 0.999768 
1732023704196087808.000000 -2254.244141 -93.701653 431.311188 0.999379 -0.035229 0.000801 0.035238 0.999184 -0.019754 -0.000105 0.019770 0.999805 
1732023704229428736.000000 -2253.714355 -93.440063 438.187317 0.999389 -0.034869 0.002432 0.034909 0.999210 -0.018984 -0.001768 0.019058 0.999817 
1732023704262769408.000000 -2252.931396 -93.258820 445.044342 0.999388 -0.034928 0.002130 0.034959 0.999247 -0.016811 -0.001541 0.016875 0.999856 
1732023704296110336.000000 -2251.659668 -92.876495 454.093689 0.999407 -0.034055 0.005017 0.034129 0.999296 -0.015590 -0.004482 0.015752 0.999866 
1732023704329451264.000000 -2251.027100 -92.430916 461.142944 0.999433 -0.033104 0.006110 0.033192 0.999337 -0.014990 -0.005610 0.015184 0.999869 
1732023704362791936.000000 -2250.403076 -91.830101 468.454315 0.999443 -0.032735 0.006495 0.032841 0.999315 -0.017059 -0.005932 0.017262 0.999833 
1732023704396133120.000000 -2249.884277 -91.452667 478.321777 0.999385 -0.033645 0.009863 0.033832 0.999239 -0.019423 -0.009202 0.019745 0.999763 
1732023704429473792.000000 -2249.676270 -91.030441 485.968323 0.999328 -0.033474 0.014956 0.033799 0.999185 -0.022051 -0.014206 0.022542 0.999645 
1732023704929583360.000000 -2250.939941 -96.453865 608.795959 0.999562 -0.027293 0.011402 0.027240 0.999617 0.004799 -0.011529 -0.004486 0.999923 
1732023704962924032.000000 -2251.032959 -96.465561 615.697083 0.999629 -0.024282 0.012370 0.024234 0.999698 0.004067 -0.012465 -0.003765 0.999915 
1732023704996264704.000000 -2251.482178 -95.723869 625.254944 0.999705 -0.022650 0.008787 0.022611 0.999734 0.004499 -0.008887 -0.004299 0.999951 
1732023705029605376.000000 -2251.805664 -95.345703 631.978027 0.999707 -0.021482 0.011114 0.021403 0.999746 0.007114 -0.011264 -0.006874 0.999913 
1732023705062946048.000000 -2252.376709 -94.426094 640.792053 0.999684 -0.020279 0.014870 0.020097 0.999723 0.012262 -0.015114 -0.011960 0.999814 
1732023705096286976.000000 -2252.686523 -94.467369 646.594360 0.999655 -0.021345 0.015328 0.021112 0.999662 0.015204 -0.015647 -0.014875 0.999767 
1732023705129627392.000000 -2253.473145 -93.470901 652.503967 0.999558 -0.023501 0.018230 0.023108 0.999502 0.021502 -0.018726 -0.021071 0.999603 
1732023705162968064.000000 -2253.888184 -92.760506 659.501648 0.999469 -0.026762 0.018564 0.026245 0.999275 0.027597 -0.019289 -0.027095 0.999447 
1732023705196308736.000000 -2254.254883 -91.943527 664.468933 0.999383 -0.030648 0.017161 0.030160 0.999154 0.027971 -0.018004 -0.027436 0.999461 
1732023705296330240.000000 -2254.961426 -90.223038 680.237305 0.998714 -0.050199 0.007119 0.049973 0.998329 0.029029 -0.008564 -0.028636 0.999553 
1732023705329670656.000000 -2255.040771 -89.764702 683.112244 0.998630 -0.051742 0.007829 0.051497 0.998258 0.028790 -0.009305 -0.028348 0.999555 
1732023705363010048.000000 -2255.196777 -89.535660 687.100708 0.998549 -0.053421 0.006729 0.053201 0.998148 0.029514 -0.008294 -0.029113 0.999542 
1732023705396350720.000000 -2255.302979 -89.387749 692.507446 0.998525 -0.053910 0.006412 0.053683 0.998064 0.031418 -0.008094 -0.031028 0.999486 
1732023705429690880.000000 -2255.513672 -89.323296 696.333740 0.998558 -0.053236 0.006956 0.052971 0.998018 0.033980 -0.008752 -0.033563 0.999398 
1732023705463031296.000000 -2255.720947 -89.360725 701.390259 0.998598 -0.052587 0.006031 0.052350 0.998040 0.034294 -0.007822 -0.033931 0.999394 
1732023705496371456.000000 -2255.839600 -89.228325 705.341858 0.998627 -0.051927 0.006876 0.051667 0.998093 0.033781 -0.008617 -0.033380 0.999406 
1732023705529712128.000000 -2255.936768 -89.270203 709.090637 0.998669 -0.051082 0.007189 0.050831 0.998208 0.031576 -0.008789 -0.031169 0.999475 
1732023705563052288.000000 -2256.023193 -87.853043 714.297424 0.998942 -0.044272 0.012430 0.043864 0.998545 0.031362 -0.013800 -0.030784 0.999431 
1732023705696413696.000000 -2255.468506 -86.641479 727.106445 0.999154 -0.039927 0.009859 0.039539 0.998538 0.036856 -0.011316 -0.036435 0.999272 
1732023705796433664.000000 -2255.485352 -85.331055 729.915649 0.999055 -0.041921 0.011458 0.041335 0.998025 0.047295 -0.013418 -0.046777 0.998815 
1732023705929794816.000000 -2255.403076 -84.882927 720.217590 0.998991 -0.043798 0.009953 0.043179 0.997517 0.055642 -0.012365 -0.055156 0.998401 
1732023705963134720.000000 -2255.468262 -84.967651 714.772949 0.999018 -0.043657 0.007571 0.043168 0.997508 0.055810 -0.009989 -0.055428 0.998413 
1732023705996475136.000000 -2255.397461 -85.109596 709.452087 0.998989 -0.044379 0.007149 0.043886 0.997319 0.058549 -0.009728 -0.058176 0.998259 
1732023706029815296.000000 -2255.485107 -85.286194 703.800720 0.998996 -0.044167 0.007538 0.043658 0.997371 0.057833 -0.010073 -0.057446 0.998298 
1732023706063155712.000000 -2255.404297 -85.741241 695.458252 0.999003 -0.044218 0.006216 0.043804 0.997483 0.055760 -0.008666 -0.055433 0.998425 
1732023706096495616.000000 -2255.309326 -86.304077 688.407043 0.998969 -0.045269 0.003345 0.045018 0.997486 0.054724 -0.005814 -0.054517 0.998496 
1732023706129836032.000000 -2255.076904 -86.776886 680.857117 0.998923 -0.046342 0.002427 0.046138 0.997405 0.055261 -0.004982 -0.055090 0.998469 
1732023706163175936.000000 -2254.887207 -87.285530 669.851562 0.998867 -0.047576 -0.000676 0.047540 0.997339 0.055273 -0.001955 -0.055242 0.998471 
1732023706196516096.000000 -2254.858398 -86.697189 661.923035 0.998960 -0.045527 0.002422 0.045346 0.997687 0.050645 -0.004722 -0.050483 0.998714 
1732023706229858048.000000 -2254.662598 -86.684372 653.463440 0.998929 -0.046098 0.003889 0.045867 0.997860 0.046610 -0.006029 -0.046382 0.998906 
1732023706263198976.000000 -2254.094482 -87.661270 640.962769 0.998745 -0.050056 0.001560 0.049946 0.997861 0.042170 -0.003667 -0.042039 0.999109 
1732023706296540672.000000 -2253.869629 -88.251259 631.697083 0.998721 -0.050544 0.001087 0.050458 0.997900 0.040614 -0.003138 -0.040507 0.999174 
1732023706329882624.000000 -2253.748535 -88.629883 622.363953 0.998612 -0.052655 -0.001038 0.052658 0.997976 0.035642 -0.000841 -0.035647 0.999364 
1732023706363224576.000000 -2253.325684 -89.535294 609.414185 0.998437 -0.055668 -0.005024 0.055787 0.998049 0.028034 0.003453 -0.028270 0.999594 
1732023706396566272.000000 -2253.180664 -89.968033 596.503906 0.998358 -0.056912 -0.006574 0.057071 0.997997 0.027283 0.005008 -0.027614 0.999606 
1732023706563275264.000000 -2252.590332 -92.687729 545.295776 0.998191 -0.058947 -0.011858 0.059221 0.997951 0.024225 0.010405 -0.024884 0.999636 
