1732024554986437888.000000 -2823.227783 1208.595459 136.289078 -0.039178 -0.998317 0.042757 0.999031 -0.038276 0.021721 -0.020048 0.043567 0.998849 
1732024555019777536.000000 -2823.206543 1208.611206 136.293884 -0.038935 -0.998327 0.042746 0.999036 -0.038024 0.021915 -0.020253 0.043558 0.998846 
1732024555053115136.000000 -2823.224854 1208.607544 136.297455 -0.038904 -0.998328 0.042746 0.999038 -0.037993 0.021923 -0.020262 0.043557 0.998845 
1732024555086450432.000000 -2823.275146 1208.606567 136.287064 -0.039163 -0.998226 0.044834 0.998978 -0.038100 0.024337 -0.022586 0.045741 0.998698 
1732024555119783168.000000 -2823.277832 1208.610718 136.242218 -0.039064 -0.998219 0.045089 0.998972 -0.037974 0.024771 -0.023015 0.046010 0.998676 
1732024555153113600.000000 -2823.302490 1208.604736 136.270447 -0.039013 -0.998229 0.044911 0.998977 -0.037935 0.024623 -0.022875 0.045825 0.998688 
1732024555186441984.000000 -2823.276123 1208.602905 136.475815 -0.039078 -0.998282 0.043662 0.999013 -0.038108 0.022815 -0.021112 0.044510 0.998786 
1732024555253091328.000000 -2823.261230 1208.598999 136.597839 -0.039010 -0.998304 0.043206 0.999032 -0.038087 0.021988 -0.020305 0.044022 0.998824 
1732024555286412544.000000 -2823.269775 1208.579224 136.646500 -0.038869 -0.998312 0.043144 0.999041 -0.037955 0.021819 -0.020145 0.043950 0.998831 
1732024555319731200.000000 -2823.251221 1208.568115 136.649841 -0.038864 -0.998300 0.043433 0.999041 -0.037942 0.021862 -0.020177 0.044241 0.998817 
1732024555353047808.000000 -2823.237061 1208.528442 136.721024 -0.038769 -0.998310 0.043291 0.999049 -0.037859 0.021639 -0.019964 0.044089 0.998828 
1732024555386360832.000000 -2823.211426 1208.508179 136.800858 -0.038689 -0.998316 0.043222 0.999056 -0.037790 0.021419 -0.019750 0.044010 0.998836 
1732024555452982272.000000 -2823.222900 1208.479248 136.831924 -0.038359 -0.998300 0.043875 0.999056 -0.037417 0.022081 -0.020402 0.044680 0.998793 
1732024555486289152.000000 -2823.118652 1208.546753 136.986969 -0.038372 -0.998256 0.044865 0.999074 -0.037452 0.021168 -0.019451 0.045636 0.998769 
1732024555519594240.000000 -2823.028076 1208.610840 137.213516 -0.038383 -0.998233 0.045370 0.999097 -0.037508 0.019977 -0.018240 0.046096 0.998770 
1732024555552896768.000000 -2823.087891 1208.701538 137.445236 -0.039225 -0.998116 0.047181 0.999077 -0.038347 0.019367 -0.017521 0.047897 0.998699 
1732024555586196992.000000 -2823.082520 1208.990356 137.702454 -0.040753 -0.997964 0.049060 0.999020 -0.039851 0.019237 -0.017242 0.049796 0.998611 
1732024555619494656.000000 -2823.359375 1209.681396 139.221970 -0.042090 -0.998295 0.040431 0.999022 -0.041503 0.015257 -0.013553 0.041034 0.999066 
1732024555652791040.000000 -2823.064453 1210.102295 139.579147 -0.044668 -0.998079 0.042936 0.998890 -0.043979 0.016864 -0.014943 0.043642 0.998935 
1732024555686072576.000000 -2823.768311 1210.546509 142.754211 -0.048455 -0.997373 0.053846 0.998673 -0.047435 0.020071 -0.017464 0.054747 0.998348 
1732024555752625152.000000 -2824.334717 1210.461792 146.564758 -0.051891 -0.997106 0.055556 0.998514 -0.050874 0.019558 -0.016675 0.056489 0.998264 
1732024555785896448.000000 -2824.329590 1209.454956 153.579681 -0.055678 -0.996546 0.061615 0.998316 -0.054556 0.019737 -0.016308 0.062610 0.997905 
1732024555819163392.000000 -2823.742920 1207.370972 164.914062 -0.054807 -0.996488 0.063310 0.998455 -0.054112 0.012645 -0.009174 0.063905 0.997914 
1732024555852428032.000000 -2823.661865 1206.196899 169.752975 -0.054096 -0.996598 0.062180 0.998507 -0.053519 0.010905 -0.007540 0.062677 0.998005 
1732024555885689344.000000 -2823.425293 1204.959717 175.320786 -0.052336 -0.997171 0.053958 0.998628 -0.052350 0.001157 0.001671 0.053945 0.998543 
1732024555918947072.000000 -2823.279785 1202.112061 186.565231 -0.048641 -0.997547 0.050344 0.998796 -0.048900 -0.003919 0.006371 0.050093 0.998724 
1732024555952201472.000000 -2823.568604 1200.432739 196.088470 -0.041955 -0.998367 0.038758 0.998944 -0.042643 -0.017078 0.018703 0.038001 0.999103 
1732024555985452288.000000 -2823.225586 1197.923950 208.562363 -0.041228 -0.998006 0.047790 0.999020 -0.041946 -0.014137 0.016114 0.047161 0.998757 
1732024556018700032.000000 -2822.285645 1197.599365 217.049469 -0.034370 -0.998163 0.049899 0.999121 -0.035516 -0.022250 0.023982 0.049090 0.998506 
1732024556051944192.000000 -2821.434082 1196.670410 225.893326 -0.033718 -0.997612 0.060275 0.999178 -0.035006 -0.020435 0.022496 0.059536 0.997973 
1732024556085185280.000000 -2820.093018 1196.330933 237.371765 -0.030984 -0.997216 0.067832 0.999186 -0.032658 -0.023702 0.025852 0.067042 0.997415 
1732024556118423040.000000 -2819.399170 1195.723755 245.137314 -0.028280 -0.997504 0.064699 0.999383 -0.029564 -0.018970 0.020836 0.064122 0.997725 
1732024556151657216.000000 -2818.622314 1196.179565 254.181335 -0.029659 -0.997273 0.067585 0.999385 -0.030851 -0.016674 0.018714 0.067049 0.997574 
1732024556184887808.000000 -2817.760254 1196.068359 265.904388 -0.030046 -0.997958 0.056372 0.999386 -0.031009 -0.016291 0.018006 0.055848 0.998277 
1732024556218115584.000000 -2816.847412 1195.883423 274.344666 -0.030353 -0.998382 0.048084 0.999361 -0.031220 -0.017380 0.018853 0.047525 0.998692 
1732024556251339520.000000 -2816.135498 1195.371338 282.999359 -0.029515 -0.998973 0.034385 0.999264 -0.030331 -0.023463 0.024482 0.033667 0.999133 
1732024556284559104.000000 -2815.259033 1195.502197 293.413300 -0.025006 -0.999629 0.010775 0.998514 -0.025497 -0.048165 0.048421 0.009555 0.998781 
1732024556317776640.000000 -2814.666748 1194.297485 303.336945 -0.028774 -0.999527 0.010894 0.998795 -0.029183 -0.039464 0.039763 0.009745 0.999162 
1732024556350990592.000000 -2814.551514 1194.164429 311.705902 -0.028978 -0.999560 0.006293 0.998466 -0.029243 -0.047006 0.047170 0.004921 0.998875 
1732024556384201216.000000 -2814.861328 1194.006348 322.764221 -0.028622 -0.999590 -0.000152 0.998370 -0.028579 -0.049405 0.049380 -0.001566 0.998779 
1732024556417408256.000000 -2815.307617 1194.125000 331.434204 -0.028467 -0.999595 -0.000340 0.998445 -0.028418 -0.047950 0.047921 -0.001705 0.998850 
1732024556450611968.000000 -2815.889648 1194.291870 340.060669 -0.027696 -0.999615 0.001492 0.998639 -0.027735 -0.044162 0.044187 0.000267 0.999023 
1732024556483812608.000000 -2816.455322 1194.382568 349.183868 -0.028119 -0.999595 0.004290 0.998823 -0.028266 -0.039419 0.039525 0.003177 0.999214 
1732024556517009664.000000 -2816.711670 1194.281372 361.786377 -0.029796 -0.999527 0.007601 0.998871 -0.030056 -0.036787 0.036998 0.006496 0.999294 
1732024556550203392.000000 -2816.508057 1194.709839 371.191986 -0.027726 -0.999610 0.003180 0.998613 -0.027841 -0.044677 0.044748 0.001937 0.998996 
1732024556583393792.000000 -2816.947998 1193.263428 385.190491 -0.034336 -0.999371 0.008899 0.998587 -0.034668 -0.040287 0.040570 0.007504 0.999148 
1732024556616580864.000000 -2816.751953 1193.278076 394.826172 -0.033202 -0.999438 0.004530 0.998292 -0.033381 -0.047939 0.048063 0.002930 0.998840 
1732024556649765888.000000 -2817.077637 1191.843384 406.377197 -0.037330 -0.999279 0.006857 0.998273 -0.037602 -0.045136 0.045361 0.005161 0.998957 
1732024556683106048.000000 -2817.872803 1190.884766 420.496887 -0.042036 -0.999116 0.000443 0.998410 -0.042023 -0.037574 0.037559 -0.001137 0.999294 
1732024556716445184.000000 -2818.606934 1189.336304 429.464020 -0.043001 -0.999062 -0.005037 0.998391 -0.042784 -0.037221 0.036971 -0.006629 0.999294 
1732024556749784832.000000 -2819.058838 1189.733276 440.071960 -0.043217 -0.999048 -0.005868 0.998258 -0.042946 -0.040459 0.040168 -0.007606 0.999164 
1732024556783124992.000000 -2820.466064 1188.639038 453.563263 -0.047102 -0.998888 -0.002268 0.998343 -0.047001 -0.033198 0.033054 -0.003828 0.999446 
1732024556816464896.000000 -2821.068359 1188.055420 462.659149 -0.047035 -0.998893 0.001051 0.998284 -0.047043 -0.034883 0.034893 -0.000591 0.999391 
1732024556849804544.000000 -2821.418457 1187.818115 471.699127 -0.046830 -0.998886 0.005796 0.998228 -0.047011 -0.036470 0.036702 0.004077 0.999318 
1732024556883144704.000000 -2821.541748 1187.641968 483.744171 -0.047070 -0.998832 0.010945 0.998027 -0.047482 -0.041085 0.041557 0.008990 0.999096 
1732024556916484352.000000 -2821.694580 1187.998535 491.464783 -0.043836 -0.999021 0.006011 0.997226 -0.044118 -0.059946 0.060152 0.003367 0.998184 
1732024556949824256.000000 -2821.469238 1189.600952 503.238922 -0.037091 -0.999285 0.007321 0.998397 -0.037370 -0.042513 0.042756 0.005733 0.999069 
1732024556983164160.000000 -2821.640381 1189.584961 514.600220 -0.034963 -0.999384 0.003129 0.997989 -0.035080 -0.052797 0.052875 0.001277 0.998600 
1732024557016503808.000000 -2821.702881 1188.114624 519.449036 -0.039807 -0.999183 -0.007047 0.994438 -0.038928 -0.097864 0.097509 -0.010903 0.995175 
1732024557049843456.000000 -2822.399170 1187.422607 529.946960 -0.039817 -0.999203 -0.002692 0.996906 -0.039543 -0.067936 0.067776 -0.005388 0.997686 
1732024557083183104.000000 -2822.254639 1187.545654 539.036377 -0.038397 -0.999088 -0.018664 0.995398 -0.036601 -0.088556 0.087793 -0.021979 0.995896 
1732024557116523008.000000 -2822.542236 1188.085938 548.319397 -0.038540 -0.998969 -0.024004 0.995497 -0.036301 -0.087569 0.086607 -0.027270 0.995869 
1732024557149861632.000000 -2822.846680 1186.816650 559.095215 -0.042829 -0.998692 -0.027933 0.997121 -0.040978 -0.063794 0.062566 -0.030585 0.997572 
1732024557183201280.000000 -2823.053467 1187.509888 571.763916 -0.043077 -0.998649 -0.029054 0.996964 -0.041079 -0.066145 0.064862 -0.031816 0.997387 
1732024557216540928.000000 -2823.670410 1188.216797 579.079041 -0.035546 -0.998930 -0.029589 0.995809 -0.032908 -0.085332 0.084267 -0.032498 0.995913 
1732024557249880320.000000 -2823.710449 1189.029541 589.162231 -0.033446 -0.999085 -0.026637 0.995608 -0.030974 -0.088346 0.087440 -0.029475 0.995734 
1732024557283219712.000000 -2824.837646 1189.144043 602.380920 -0.029055 -0.999353 -0.021208 0.995592 -0.027040 -0.089812 0.089180 -0.023724 0.995733 
1732024557316559360.000000 -2824.466797 1189.207153 611.992249 -0.031336 -0.999344 -0.018171 0.995244 -0.029520 -0.092831 0.092234 -0.020994 0.995516 
1732024557349899008.000000 -2825.247803 1189.200439 622.716614 -0.030394 -0.999377 -0.017922 0.995874 -0.028744 -0.086075 0.085506 -0.020464 0.996127 
1732024557383238400.000000 -2825.770020 1190.094482 636.111206 -0.030663 -0.999507 -0.006773 0.995758 -0.029959 -0.086995 0.086749 -0.009412 0.996186 
1732024557416577536.000000 -2826.658447 1188.873779 645.582642 -0.028403 -0.999562 -0.008356 0.996525 -0.027660 -0.078573 0.078307 -0.010559 0.996873 
1732024557449917184.000000 -2827.881592 1188.686035 655.399841 -0.023665 -0.999715 -0.003048 0.997039 -0.023378 -0.073260 0.073168 -0.004773 0.997308 
1732024557483256320.000000 -2827.166992 1188.847168 664.981079 -0.028534 -0.999593 0.000223 0.996558 -0.028465 -0.077860 0.077835 -0.002000 0.996964 
1732024557516595968.000000 -2827.430176 1186.748047 679.390442 -0.030864 -0.999494 -0.007745 0.997951 -0.030380 -0.056305 0.056041 -0.009467 0.998384 
1732024557549935104.000000 -2827.336182 1186.671509 688.521790 -0.032710 -0.999434 -0.007830 0.996906 -0.032065 -0.071766 0.071475 -0.010154 0.997391 
1732024557583274240.000000 -2826.792725 1185.088745 703.012207 -0.037110 -0.999149 -0.017993 0.997004 -0.035795 -0.068565 0.067862 -0.020484 0.997484 
1732024557616612608.000000 -2826.396484 1183.927246 713.422485 -0.038656 -0.998999 -0.022488 0.997050 -0.037068 -0.067206 0.066305 -0.025020 0.997486 
1732024557649952000.000000 -2825.889648 1184.124390 724.816284 -0.041216 -0.998900 -0.022345 0.996961 -0.039635 -0.067073 0.066113 -0.025042 0.997498 
1732024557683292928.000000 -2825.467041 1183.396973 739.150940 -0.040873 -0.998991 -0.018586 0.997211 -0.039623 -0.063254 0.062453 -0.021119 0.997824 
1732024557716633600.000000 -2824.805176 1183.406372 750.071411 -0.039258 -0.999159 -0.011855 0.997309 -0.038444 -0.062430 0.061922 -0.014274 0.997979 
1732024557749974528.000000 -2824.689453 1183.987183 760.726501 -0.036706 -0.999325 -0.001612 0.997125 -0.036518 -0.066395 0.066291 -0.004045 0.997792 
1732024557783315200.000000 -2823.946289 1184.438232 775.429321 -0.034364 -0.999312 0.013938 0.997032 -0.035240 -0.068457 0.068901 0.011544 0.997557 
1732024557816656128.000000 -2823.060059 1184.273682 786.656494 -0.032615 -0.999136 0.025745 0.997336 -0.034216 -0.064426 0.065251 0.023575 0.997590 
1732024557849996800.000000 -2822.220215 1183.647339 798.913147 -0.034294 -0.998801 0.034942 0.998103 -0.036017 -0.049932 0.051131 0.033163 0.998141 
1732024557883337728.000000 -2822.938721 1184.506836 810.776001 -0.022887 -0.998646 0.046712 0.997312 -0.026059 -0.068474 0.069599 0.045020 0.996559 
1732024557916678400.000000 -2822.609375 1184.693481 821.017944 -0.022407 -0.998573 0.048479 0.997396 -0.025653 -0.067398 0.068545 0.046842 0.996548 
1732024557950019328.000000 -2821.722168 1184.683228 830.961304 -0.023848 -0.998636 0.046452 0.997702 -0.026722 -0.062268 0.063425 0.044860 0.996978 
1732024557983360000.000000 -2822.238037 1184.604980 843.102600 -0.018883 -0.998883 0.043325 0.997833 -0.021560 -0.062171 0.063036 0.042057 0.997125 
1732024558016700928.000000 -2822.089844 1184.642944 851.702637 -0.018242 -0.999126 0.037615 0.997732 -0.020629 -0.064077 0.064797 0.036361 0.997236 
1732024558050040832.000000 -2821.898926 1184.674194 859.571777 -0.017803 -0.999296 0.033019 0.997687 -0.019922 -0.064993 0.065605 0.031785 0.997339 
1732024558083381504.000000 -2820.497070 1184.439453 866.877869 -0.024856 -0.999279 0.028685 0.997490 -0.026694 -0.065579 0.066297 0.026983 0.997435 
1732024558116722176.000000 -2820.116943 1184.882324 875.223083 -0.022627 -0.999255 0.031252 0.997301 -0.024744 -0.069120 0.069842 0.029603 0.997119 
1732024558150063104.000000 -2819.892334 1185.395630 881.142029 -0.022436 -0.999236 0.032000 0.997207 -0.024649 -0.070510 0.071245 0.030329 0.996998 
1732024558183403776.000000 -2819.641113 1186.150757 888.925171 -0.022566 -0.999148 0.034548 0.997395 -0.024867 -0.067706 0.068507 0.032931 0.997107 
1732024558216744448.000000 -2819.609863 1186.712280 894.660522 -0.022828 -0.999046 0.037227 0.997707 -0.025138 -0.062833 0.063709 0.035707 0.997330 
1732024558250085376.000000 -2819.395752 1187.011475 900.175415 -0.023419 -0.998892 0.040823 0.997966 -0.025780 -0.058307 0.059295 0.039375 0.997464 
1732024558283426048.000000 -2819.211670 1188.049438 907.888489 -0.022730 -0.998782 0.043796 0.998347 -0.024989 -0.051762 0.052793 0.042547 0.997699 
1732024558316766720.000000 -2818.966553 1189.348022 914.052734 -0.022571 -0.998767 0.044215 0.998514 -0.024715 -0.048560 0.049593 0.043054 0.997841 
1732024558350107392.000000 -2818.475098 1189.951538 920.045593 -0.024318 -0.998666 0.045554 0.998451 -0.026543 -0.048896 0.050040 0.044294 0.997764 
1732024558383448320.000000 -2817.751953 1191.072754 928.327332 -0.023544 -0.998586 0.047656 0.998474 -0.025870 -0.048787 0.049951 0.046435 0.997672 
1732024558416788736.000000 -2817.202148 1192.115479 934.833862 -0.021659 -0.998698 0.046195 0.998427 -0.023997 -0.050670 0.051713 0.045025 0.997647 
1732024558450129664.000000 -2816.376709 1192.731445 940.833435 -0.019983 -0.998698 0.046934 0.998420 -0.022400 -0.051541 0.052526 0.045830 0.997567 
1732024558483469312.000000 -2815.359863 1193.091675 948.041809 -0.021011 -0.998510 0.050361 0.998197 -0.023785 -0.055115 0.056231 0.049113 0.997209 
1732024558516809984.000000 -2814.727783 1193.483765 952.774780 -0.020737 -0.998387 0.052854 0.998187 -0.023663 -0.055351 0.056512 0.051610 0.997067 
1732024558550150656.000000 -2814.286377 1194.282471 957.021667 -0.019802 -0.998270 0.055355 0.998394 -0.022683 -0.051911 0.053077 0.054238 0.997116 
1732024558583491328.000000 -2813.807373 1194.795044 960.796021 -0.019447 -0.997968 0.060682 0.998555 -0.022428 -0.048836 0.050098 0.059645 0.996962 
1732024558616832000.000000 -2813.590088 1195.272461 962.703613 -0.019182 -0.997724 0.064649 0.998628 -0.022270 -0.047395 0.048727 0.063652 0.996782 
1732024558650172672.000000 -2813.405029 1195.800659 963.808228 -0.017850 -0.997602 0.066870 0.998745 -0.020921 -0.045510 0.046800 0.065974 0.996723 
1732024558683513344.000000 -2813.268799 1196.258057 963.969299 -0.016977 -0.997626 0.066739 0.998882 -0.019869 -0.042904 0.044128 0.065936 0.996848 
1732024558716854016.000000 -2813.253174 1196.349121 963.113159 -0.017231 -0.997786 0.064231 0.998998 -0.019835 -0.040132 0.041317 0.063475 0.997128 
1732024558750194688.000000 -2813.166016 1196.328491 961.799072 -0.017425 -0.998073 0.059560 0.999105 -0.019677 -0.037445 0.038545 0.058854 0.997522 
1732024558783535360.000000 -2812.894775 1196.012695 958.970398 -0.018835 -0.998407 0.053187 0.999143 -0.020756 -0.035803 0.036850 0.052467 0.997943 
1732024558816876288.000000 -2812.605225 1195.888550 956.072327 -0.019990 -0.998712 0.046625 0.999136 -0.021654 -0.035470 0.036434 0.045876 0.998283 
1732024558850216960.000000 -2812.257324 1195.646606 952.361206 -0.022084 -0.998835 0.042917 0.999065 -0.023645 -0.036199 0.037172 0.042077 0.998423 
1732024558883557632.000000 -2811.962402 1195.213989 946.341431 -0.022984 -0.998932 0.040088 0.999017 -0.024470 -0.036976 0.037918 0.039199 0.998512 
1732024558916898304.000000 -2811.825195 1194.602051 940.760315 -0.025798 -0.998918 0.038685 0.998813 -0.027356 -0.040299 0.041313 0.037599 0.998439 
1732024558950237952.000000 -2811.899414 1194.474731 934.772400 -0.024232 -0.998976 0.038215 0.998948 -0.025685 -0.037996 0.038938 0.037254 0.998547 
1732024558983578624.000000 -2812.044189 1193.981323 925.276550 -0.023735 -0.999018 0.037406 0.999009 -0.025111 -0.036740 0.037643 0.036497 0.998625 
1732024559016919296.000000 -2812.274170 1193.819580 917.510132 -0.023896 -0.999117 0.034547 0.998981 -0.025188 -0.037463 0.038301 0.033617 0.998701 
1732024559050259968.000000 -2812.544434 1193.449951 908.973083 -0.024551 -0.999182 0.032119 0.999041 -0.025687 -0.035459 0.036255 0.031218 0.998855 
1732024559083600640.000000 -2813.062500 1192.551025 896.183777 -0.025053 -0.999336 0.026465 0.999215 -0.025845 -0.030037 0.030701 0.025691 0.999198 
1732024559116941568.000000 -2813.543701 1191.822144 886.093201 -0.026215 -0.999487 0.018417 0.999260 -0.026719 -0.027666 0.028144 0.017678 0.999448 
1732024559150282240.000000 -2814.136230 1191.200439 875.600098 -0.028176 -0.999564 0.008774 0.999281 -0.028388 -0.025145 0.025383 0.008059 0.999645 
1732024559183622912.000000 -2814.943115 1189.998779 860.707947 -0.030881 -0.999519 -0.003021 0.999318 -0.030813 -0.020338 0.020236 -0.003647 0.999789 
1732024559216963840.000000 -2815.568115 1189.498169 849.704773 -0.031791 -0.999418 -0.012405 0.999380 -0.031597 -0.015508 0.015107 -0.012890 0.999803 
1732024559250304256.000000 -2816.221436 1188.774170 838.791870 -0.034171 -0.999074 -0.026159 0.999380 -0.033936 -0.009393 0.008497 -0.026464 0.999614 
1732024559283644928.000000 -2818.328613 1188.185181 822.487061 -0.031390 -0.998868 -0.035741 0.999452 -0.030992 -0.011642 0.010521 -0.036087 0.999293 
1732024559316985600.000000 -2818.675537 1187.389771 810.298401 -0.038367 -0.998267 -0.044631 0.999216 -0.037888 -0.011525 0.009814 -0.045038 0.998937 
1732024559350326272.000000 -2819.776367 1186.885254 798.800049 -0.038118 -0.997702 -0.056024 0.999269 -0.037902 -0.004914 0.002779 -0.056171 0.998417 
1732024559383665920.000000 -2821.055664 1186.074707 783.217407 -0.039565 -0.996996 -0.066584 0.999215 -0.039621 -0.000473 -0.002167 -0.066551 0.997781 
1732024559417006848.000000 -2821.789307 1184.944092 771.964722 -0.043739 -0.996649 -0.069120 0.999012 -0.044180 0.004867 -0.007904 -0.068839 0.997597 
1732024559450347264.000000 -2822.984131 1184.687866 760.567688 -0.043543 -0.996340 -0.073551 0.999002 -0.044155 0.006707 -0.009930 -0.073186 0.997269 
1732024559483687936.000000 -2823.989014 1184.927246 745.914795 -0.038843 -0.995990 -0.080596 0.999176 -0.039667 0.008646 -0.011809 -0.080194 0.996709 
1732024559517028608.000000 -2824.007568 1186.038940 735.321106 -0.040905 -0.996219 -0.076648 0.999147 -0.041223 0.002579 -0.005729 -0.076477 0.997055 
1732024559550369280.000000 -2824.834229 1185.274902 724.662842 -0.042163 -0.996381 -0.073799 0.999024 -0.043019 0.010049 -0.013188 -0.073303 0.997222 
1732024559583709696.000000 -2825.360596 1186.177612 711.618469 -0.042284 -0.996386 -0.073672 0.998986 -0.043304 0.012302 -0.015448 -0.073077 0.997207 
1732024559617050368.000000 -2825.708984 1186.112061 701.218628 -0.040701 -0.996514 -0.072820 0.998962 -0.042077 0.017459 -0.020463 -0.072034 0.997192 
1732024559650391040.000000 -2826.063965 1186.532471 691.582214 -0.041176 -0.996516 -0.072527 0.998873 -0.042771 0.020574 -0.023604 -0.071598 0.997154 
1732024559683731968.000000 -2826.207275 1187.307739 679.430664 -0.042396 -0.996329 -0.074365 0.998814 -0.044049 0.020730 -0.023930 -0.073398 0.997016 
1732024559717072640.000000 -2826.338135 1187.284790 670.325134 -0.043235 -0.996426 -0.072571 0.998856 -0.044598 0.017268 -0.020443 -0.071741 0.997214 
1732024559750413568.000000 -2826.616211 1187.564331 661.473999 -0.042407 -0.996334 -0.074292 0.998858 -0.043918 0.018832 -0.022026 -0.073409 0.997059 
1732024559783754496.000000 -2827.123047 1187.877319 649.722961 -0.042980 -0.996324 -0.074109 0.998746 -0.044753 0.022429 -0.025663 -0.073052 0.996998 
1732024559817094656.000000 -2827.292480 1188.875854 640.743591 -0.043046 -0.996461 -0.072193 0.998840 -0.044483 0.018419 -0.021565 -0.071317 0.997221 
1732024559850435328.000000 -2828.014893 1188.658936 631.024170 -0.044835 -0.996157 -0.075242 0.998524 -0.046997 0.027205 -0.030637 -0.073911 0.996794 
1732024559883776256.000000 -2828.977051 1189.487915 619.429321 -0.045758 -0.996141 -0.074900 0.998462 -0.047958 0.027830 -0.031315 -0.073512 0.996803 
1732024559917117184.000000 -2829.358154 1189.994019 609.728821 -0.043014 -0.995941 -0.079071 0.998645 -0.045181 0.025826 -0.029294 -0.077853 0.996534 
1732024559950458112.000000 -2829.257812 1190.829956 600.085876 -0.046041 -0.996249 -0.073268 0.998710 -0.047477 0.017981 -0.021392 -0.072345 0.997150 
1732024559983799040.000000 -2829.887207 1191.215332 587.511841 -0.048771 -0.996583 -0.066658 0.998524 -0.050246 0.020627 -0.023905 -0.065553 0.997563 
1732024560017139712.000000 -2830.225342 1191.415039 578.391235 -0.052222 -0.996750 -0.061344 0.998373 -0.053518 0.019689 -0.022908 -0.060216 0.997922 
1732024560050480896.000000 -2830.301270 1192.867432 569.384155 -0.049524 -0.996728 -0.063879 0.998645 -0.050440 0.012810 -0.015990 -0.063158 0.997875 
1732024560083821568.000000 -2830.876465 1193.195923 557.387756 -0.052629 -0.996952 -0.057600 0.998509 -0.053372 0.011431 -0.014470 -0.056913 0.998274 
1732024560117162496.000000 -2831.103760 1193.673584 548.093628 -0.052070 -0.997014 -0.057026 0.998547 -0.052772 0.010886 -0.013863 -0.056377 0.998313 
1732024560150503424.000000 -2831.690430 1194.008545 538.846313 -0.050779 -0.996883 -0.060384 0.998597 -0.051588 0.011925 -0.015003 -0.059693 0.998104 
1732024560183844352.000000 -2832.013672 1194.818115 525.360901 -0.051373 -0.996955 -0.058660 0.998600 -0.052021 0.009582 -0.012605 -0.058086 0.998232 
1732024560217185024.000000 -2832.634277 1195.179565 515.302246 -0.050084 -0.996912 -0.060481 0.998623 -0.050935 0.012599 -0.015641 -0.059767 0.998090 
1732024560250526208.000000 -2833.092285 1195.526123 504.608765 -0.050418 -0.996967 -0.059292 0.998588 -0.051316 0.013723 -0.016724 -0.058517 0.998146 
1732024560283865856.000000 -2833.438232 1196.306030 493.444672 -0.050701 -0.997151 -0.055847 0.998591 -0.051493 0.012838 -0.015677 -0.055117 0.998357 
1732024560317207040.000000 -2834.072266 1197.619629 478.642731 -0.050709 -0.997238 -0.054271 0.998573 -0.051538 0.013992 -0.016750 -0.053484 0.998428 
1732024560350547712.000000 -2834.625000 1198.620605 467.603821 -0.049638 -0.997355 -0.053086 0.998581 -0.050584 0.016636 -0.019277 -0.052185 0.998451 
1732024560383888640.000000 -2835.104248 1200.162598 452.376587 -0.048179 -0.997495 -0.051789 0.998627 -0.049172 0.018063 -0.020565 -0.050847 0.998495 
1732024560417229824.000000 -2835.358643 1200.867065 440.433350 -0.047531 -0.997653 -0.049290 0.998688 -0.048407 0.016736 -0.019082 -0.048430 0.998644 
1732024560450570496.000000 -2835.543701 1202.612061 429.320709 -0.040627 -0.997675 -0.054713 0.999090 -0.041275 0.010760 -0.012993 -0.054226 0.998444 
1732024560483911680.000000 -2836.371094 1203.612061 414.136414 -0.042863 -0.998121 -0.043791 0.998751 -0.043934 0.023787 -0.025666 -0.042717 0.998757 
1732024560517252352.000000 -2836.500488 1204.095093 401.800385 -0.039933 -0.998137 -0.046128 0.998954 -0.040911 0.020446 -0.022295 -0.045264 0.998726 
1732024560550593280.000000 -2836.604980 1205.349365 390.715515 -0.039310 -0.998114 -0.047154 0.998938 -0.040390 0.022181 -0.024043 -0.046232 0.998641 
1732024560583934208.000000 -2836.662354 1206.144897 375.227722 -0.036193 -0.997981 -0.052198 0.998895 -0.037693 0.028056 -0.029967 -0.051125 0.998243 
1732024560617275136.000000 -2836.385498 1207.404541 364.076630 -0.035228 -0.997641 -0.058925 0.998959 -0.036863 0.026883 -0.028992 -0.057917 0.997900 
1732024560650616064.000000 -2835.943115 1209.302002 353.408539 -0.034970 -0.997534 -0.060857 0.998935 -0.036723 0.027919 -0.030085 -0.059816 0.997756 
1732024560683958784.000000 -2836.386230 1211.546021 338.959137 -0.038446 -0.997008 -0.067056 0.998717 -0.040551 0.030322 -0.032950 -0.065804 0.997288 
1732024560717300480.000000 -2835.846436 1213.015259 328.389008 -0.040309 -0.996879 -0.067885 0.998529 -0.042655 0.033469 -0.036260 -0.066436 0.997132 
1732024560750642944.000000 -2835.480469 1215.011108 318.464111 -0.044354 -0.996879 -0.065302 0.998491 -0.046353 0.029432 -0.032367 -0.063898 0.997431 
1732024560783985664.000000 -2835.132568 1216.916870 305.467621 -0.046632 -0.997011 -0.061605 0.998295 -0.048682 0.032195 -0.035098 -0.059999 0.997581 
1732024560817328384.000000 -2834.925537 1218.589600 296.493530 -0.046497 -0.997211 -0.058383 0.998453 -0.048181 0.027768 -0.030504 -0.057002 0.997908 
1732024560850671360.000000 -2834.914062 1219.846069 287.889832 -0.044791 -0.997442 -0.055702 0.998557 -0.046355 0.027106 -0.029619 -0.054408 0.998079 
1732024560884013568.000000 -2834.632812 1221.821899 276.593292 -0.038078 -0.997429 -0.060713 0.999072 -0.039224 0.017802 -0.020138 -0.059979 0.997997 
1732024560917356544.000000 -2835.232666 1221.709351 269.698059 -0.038684 -0.997496 -0.059200 0.998877 -0.040222 0.025019 -0.027338 -0.058166 0.997933 
1732024560950699264.000000 -2835.395508 1222.176147 262.278381 -0.035063 -0.997315 -0.064290 0.999052 -0.036639 0.023503 -0.025795 -0.063405 0.997654 
1732024560984041984.000000 -2835.515381 1222.838745 252.453888 -0.032903 -0.996994 -0.070146 0.999240 -0.034283 0.018560 -0.020909 -0.069482 0.997364 
1732024561017384704.000000 -2835.504395 1223.239136 245.075363 -0.031282 -0.996463 -0.077991 0.999277 -0.032868 0.019136 -0.021631 -0.077336 0.996770 
1732024561050727424.000000 -2835.524658 1224.876343 238.451035 -0.033460 -0.996508 -0.076494 0.999315 -0.034566 0.013183 -0.015781 -0.076000 0.996983 
1732024561084070400.000000 -2835.225586 1226.483643 228.879944 -0.035487 -0.996470 -0.076081 0.999258 -0.036519 0.012226 -0.014962 -0.075591 0.997027 
1732024561117413120.000000 -2835.084961 1227.912720 221.787018 -0.036280 -0.996590 -0.074102 0.999261 -0.037121 0.010008 -0.012725 -0.073684 0.997200 
1732024561150754816.000000 -2835.085693 1229.325073 215.193832 -0.035516 -0.996522 -0.075380 0.999312 -0.036218 0.007973 -0.010675 -0.075045 0.997123 
1732024561184097792.000000 -2834.754150 1230.974487 205.854019 -0.036539 -0.997163 -0.065803 0.999263 -0.037232 0.009324 -0.011748 -0.065414 0.997789 
1732024561217440256.000000 -2834.480713 1232.327148 199.709869 -0.035873 -0.997155 -0.066291 0.999285 -0.036583 0.009539 -0.011937 -0.065902 0.997755 
1732024561250783232.000000 -2834.280273 1233.582764 193.989151 -0.034783 -0.997171 -0.066631 0.999324 -0.035496 0.009549 -0.011887 -0.066254 0.997732 
1732024561284126208.000000 -2833.780518 1235.359253 186.360992 -0.034029 -0.996989 -0.069679 0.999325 -0.034910 0.011477 -0.013875 -0.069241 0.997503 
1732024561317469184.000000 -2833.118652 1237.110840 179.038300 -0.034317 -0.997788 -0.056929 0.998846 -0.036157 0.031601 -0.033590 -0.055778 0.997878 
1732024561350811904.000000 -2833.172363 1237.400146 174.978760 -0.029877 -0.995916 -0.085200 0.999276 -0.031768 0.020921 -0.023542 -0.084514 0.996144 
1732024561384154880.000000 -2832.493652 1239.405762 169.836670 -0.032313 -0.995565 -0.088352 0.999240 -0.034107 0.018879 -0.021809 -0.087675 0.995910 
1732024561417497856.000000 -2832.189453 1240.166626 166.158813 -0.030947 -0.995135 -0.093539 0.999258 -0.032949 0.019935 -0.022920 -0.092852 0.995416 
1732024561450840832.000000 -2831.852539 1241.439941 163.404526 -0.032178 -0.995526 -0.088835 0.999284 -0.033812 0.016954 -0.019881 -0.088226 0.995902 
1732024561484183552.000000 -2831.711426 1242.888428 160.224747 -0.031263 -0.996530 -0.077142 0.999346 -0.032566 0.015695 -0.018152 -0.076601 0.996897 
1732024561517526528.000000 -2831.845459 1243.827271 158.139328 -0.029384 -0.997455 -0.064955 0.999400 -0.030509 0.016405 -0.018345 -0.064434 0.997753 
1732024561550869760.000000 -2831.447510 1244.779053 155.294067 -0.030299 -0.998780 -0.038995 0.998983 -0.031562 0.032193 -0.033385 -0.037980 0.998721 
1732024561584212736.000000 -2831.247314 1244.701172 155.694550 -0.025929 -0.998084 -0.056171 0.999551 -0.026731 0.013573 -0.015048 -0.055794 0.998329 
1732024561617554688.000000 -2830.570801 1245.288086 156.491547 -0.025553 -0.997965 -0.058419 0.999602 -0.026207 0.010463 -0.011973 -0.058129 0.998237 
1732024561650897664.000000 -2829.980713 1245.649536 157.219482 -0.024485 -0.997799 -0.061626 0.999628 -0.025175 0.010451 -0.011979 -0.061347 0.998045 
1732024561684238848.000000 -2829.167480 1246.337769 158.702530 -0.023578 -0.997605 -0.065019 0.999621 -0.024449 0.012631 -0.014191 -0.064696 0.997804 
1732024561717579776.000000 -2828.445801 1246.940918 159.850540 -0.022544 -0.997829 -0.061884 0.999615 -0.023500 0.014761 -0.016183 -0.061527 0.997974 
1732024561750920960.000000 -2827.663086 1247.530518 161.536575 -0.021537 -0.998211 -0.055768 0.999628 -0.022433 0.015502 -0.016726 -0.055414 0.998323 
1732024561784261888.000000 -2826.277588 1247.842163 163.535599 -0.018844 -0.998590 -0.049634 0.999712 -0.019557 0.013929 -0.014880 -0.049358 0.998670 
1732024561817603072.000000 -2824.835205 1248.755615 166.671219 -0.018914 -0.999097 -0.038044 0.999792 -0.019192 0.006964 -0.007688 -0.037904 0.999252 
1732024561850944000.000000 -2823.853027 1249.232544 170.377548 -0.018442 -0.999422 -0.028546 0.999820 -0.018560 0.003877 -0.004405 -0.028470 0.999585 
1732024561884285184.000000 -2822.469238 1248.884155 176.449615 -0.014218 -0.999747 -0.017454 0.999894 -0.014269 0.002796 -0.003044 -0.017412 0.999844 
1732024561917626112.000000 -2823.057373 1248.170776 181.463013 -0.015171 -0.999748 -0.016525 0.999862 -0.015281 0.006537 -0.006787 -0.016423 0.999842 
1732024561950967296.000000 -2822.742920 1248.349243 187.486710 -0.016066 -0.999849 -0.006626 0.999865 -0.016089 0.003324 -0.003430 -0.006571 0.999973 
1732024561984308480.000000 -2822.603027 1247.899658 196.243652 -0.014979 -0.999884 -0.002871 0.999884 -0.014987 0.002693 -0.002736 -0.002831 0.999992 
1732024562017649408.000000 -2822.307861 1247.250244 202.930328 -0.014851 -0.999889 -0.001258 0.999889 -0.014852 0.001307 -0.001325 -0.001239 0.999998 
1732024562050989568.000000 -2821.988770 1246.456299 210.158707 -0.013386 -0.999902 0.004026 0.999909 -0.013379 0.001603 -0.001549 0.004047 0.999991 
1732024562084330240.000000 -2821.974365 1246.017334 220.817780 -0.018040 -0.999777 0.010985 0.999837 -0.018028 0.001177 -0.000979 0.011005 0.999939 
1732024562117671424.000000 -2821.457031 1244.790527 228.140137 -0.016928 -0.999808 0.009822 0.999856 -0.016914 0.001499 -0.001333 0.009846 0.999951 
1732024562151012352.000000 -2821.138672 1244.813354 237.438309 -0.020186 -0.999585 0.020549 0.999795 -0.020215 -0.001196 0.001611 0.020520 0.999788 
1732024562184353536.000000 -2820.842529 1243.975830 249.315475 -0.023180 -0.999443 0.024012 0.999723 -0.023272 -0.003567 0.004124 0.023923 0.999705 
1732024562217694464.000000 -2820.361328 1244.093994 258.177307 -0.021483 -0.999518 0.022407 0.999695 -0.021750 -0.011701 0.012183 0.022149 0.999680 
1732024562251035648.000000 -2820.021484 1242.802490 267.512115 -0.023148 -0.999579 0.017482 0.999684 -0.023315 -0.009399 0.009803 0.017259 0.999803 
1732024562284376832.000000 -2819.792480 1242.234375 281.006042 -0.026161 -0.999458 0.019973 0.999556 -0.026439 -0.013764 0.014285 0.019604 0.999706 
1732024562317717760.000000 -2819.734863 1241.373779 290.491486 -0.026670 -0.999526 0.015388 0.999466 -0.026953 -0.018459 0.018866 0.014888 0.999711 
1732024562351058944.000000 -2820.091064 1239.470825 301.202850 -0.033280 -0.999318 0.016023 0.999375 -0.033464 -0.011399 0.011928 0.015634 0.999807 
1732024562384399872.000000 -2820.439941 1237.805054 314.596527 -0.035680 -0.999284 0.012555 0.999317 -0.035796 -0.009150 0.009593 0.012220 0.999879 
1732024562417741056.000000 -2820.882080 1236.714600 324.563141 -0.035348 -0.999347 0.007498 0.999355 -0.035394 -0.006020 0.006281 0.007280 0.999954 
1732024562451081984.000000 -2821.150391 1235.335327 334.239990 -0.034128 -0.999413 0.002861 0.999416 -0.034132 -0.001544 0.001641 0.002807 0.999995 
1732024562484422144.000000 -2821.722168 1233.489502 347.593658 -0.034910 -0.999390 0.000824 0.999386 -0.034907 0.003064 -0.003033 0.000930 0.999995 
1732024562517763072.000000 -2822.030029 1232.429077 357.550201 -0.031826 -0.999480 -0.005233 0.999493 -0.031822 -0.000815 0.000648 -0.005256 0.999986 
1732024562551104256.000000 -2822.511963 1230.574219 368.315857 -0.032414 -0.999453 -0.006592 0.999471 -0.032430 0.002270 -0.002482 -0.006515 0.999976 
1732024562584445184.000000 -2823.153809 1228.102295 382.739166 -0.035574 -0.999345 -0.006652 0.999360 -0.035598 0.003565 -0.003800 -0.006521 0.999972 
1732024562617786368.000000 -2823.173584 1226.457520 394.006500 -0.033099 -0.999418 -0.008241 0.999452 -0.033099 -0.000161 -0.000112 -0.008242 0.999966 
1732024562651127552.000000 -2823.057617 1226.265503 403.975372 -0.030940 -0.999425 -0.013862 0.999487 -0.030821 -0.008687 0.008255 -0.014124 0.999866 
1732024562684468736.000000 -2824.445312 1223.966064 419.349060 -0.036390 -0.999279 -0.010807 0.999326 -0.036336 -0.005209 0.004812 -0.010989 0.999928 
1732024562717810176.000000 -2825.293945 1222.954224 430.514923 -0.035576 -0.999259 -0.014718 0.999344 -0.035472 -0.007272 0.006744 -0.014967 0.999865 
1732024562751151104.000000 -2825.703613 1222.294312 440.997528 -0.036595 -0.999277 -0.010353 0.999266 -0.036474 -0.011678 0.011292 -0.010773 0.999878 
1732024562784492544.000000 -2826.941650 1221.352661 455.471008 -0.036439 -0.999328 -0.003976 0.999285 -0.036397 -0.010224 0.010073 -0.004346 0.999940 
1732024562817833728.000000 -2827.840820 1220.706421 466.995880 -0.033096 -0.999446 -0.003641 0.999332 -0.033035 -0.015609 0.015480 -0.004155 0.999872 
1732024562851175168.000000 -2827.925781 1220.917480 477.335205 -0.033430 -0.999430 0.004601 0.999314 -0.033499 -0.015799 0.015944 0.004070 0.999865 
1732024562884516352.000000 -2828.267090 1221.265259 491.974854 -0.031428 -0.999430 0.012314 0.999333 -0.031649 -0.018198 0.018578 0.011734 0.999759 
1732024562917857536.000000 -2828.836670 1220.418457 503.930603 -0.033234 -0.999309 0.016657 0.999292 -0.033518 -0.017068 0.017615 0.016078 0.999716 
1732024562951197952.000000 -2828.955566 1220.295166 515.464417 -0.030863 -0.999424 0.014092 0.999231 -0.031192 -0.023772 0.024198 0.013348 0.999618 
1732024562984539136.000000 -2829.573730 1219.729858 531.807678 -0.027996 -0.999571 0.008551 0.999238 -0.028217 -0.026955 0.027184 0.007790 0.999600 
1732024563017880320.000000 -2829.635498 1219.282104 543.420227 -0.024257 -0.999701 -0.002940 0.999044 -0.024134 -0.036447 0.036365 -0.003821 0.999331 
1732024563051221248.000000 -2829.472656 1218.272827 556.270081 -0.029866 -0.999488 -0.011448 0.999070 -0.029494 -0.031451 0.031097 -0.012377 0.999440 
1732024563084562688.000000 -2829.610107 1217.425293 571.859253 -0.031076 -0.999317 -0.019979 0.999055 -0.030448 -0.031004 0.030374 -0.020924 0.999320 
1732024563117904128.000000 -2830.184570 1217.130249 581.496582 -0.025503 -0.999411 -0.022982 0.999046 -0.024665 -0.036044 0.035456 -0.023880 0.999086 
1732024563151245056.000000 -2829.972412 1217.295532 592.353760 -0.028592 -0.999417 -0.018636 0.999034 -0.027949 -0.033901 0.033360 -0.019587 0.999251 
1732024563184586496.000000 -2830.349365 1218.039429 605.844727 -0.023884 -0.999473 -0.021975 0.999300 -0.023235 -0.029312 0.028786 -0.022660 0.999329 
1732024563217927680.000000 -2829.703125 1218.421875 617.919189 -0.036468 -0.999221 -0.015087 0.999206 -0.036216 -0.016622 0.016063 -0.015681 0.999748 
1732024563251269120.000000 -2830.793945 1219.670532 628.090637 -0.035775 -0.999354 -0.003342 0.999211 -0.035712 -0.017407 0.017276 -0.003962 0.999843 
1732024563284610048.000000 -2831.072266 1220.589355 641.343384 -0.033712 -0.999430 0.001845 0.999309 -0.033737 -0.015610 0.015663 0.001318 0.999876 
1732024563317951488.000000 -2831.642822 1220.732300 653.005249 -0.036565 -0.999331 0.000995 0.999331 -0.036565 -0.000631 0.000667 0.000971 0.999999 
1732024563351292928.000000 -2833.079346 1222.731445 663.126953 -0.030022 -0.999447 0.014330 0.999521 -0.030126 -0.007130 0.007558 0.014109 0.999872 
1732024563384632832.000000 -2833.079834 1223.180054 677.739380 -0.036627 -0.999302 0.007382 0.999327 -0.036641 -0.001671 0.001940 0.007316 0.999971 
1732024563417974272.000000 -2833.530029 1224.701172 688.912598 -0.037826 -0.999260 0.007027 0.999280 -0.037845 -0.002570 0.002834 0.006925 0.999972 
1732024563451315200.000000 -2835.256348 1226.079224 698.385254 -0.033394 -0.999373 0.011804 0.999367 -0.033534 -0.011916 0.012304 0.011398 0.999859 
1732024563484656640.000000 -2835.528564 1226.488892 712.054810 -0.039577 -0.999215 0.001438 0.999160 -0.039590 -0.010547 0.010596 0.001019 0.999943 
1732024563517997824.000000 -2836.789307 1227.955200 721.166016 -0.034316 -0.999395 0.005572 0.999276 -0.034402 -0.016241 0.016423 0.005010 0.999853 
1732024563551339008.000000 -2836.378662 1229.255005 731.820862 -0.040012 -0.999195 -0.002898 0.999115 -0.039971 -0.013134 0.013008 -0.003421 0.999910 
1732024563584680192.000000 -2838.216553 1230.474487 742.868774 -0.033885 -0.999425 0.000904 0.999236 -0.033897 -0.019448 0.019467 0.000245 0.999810 
1732024563618021376.000000 -2837.447998 1232.111938 752.044250 -0.036016 -0.999343 -0.003977 0.999145 -0.035928 -0.020474 0.020318 -0.004711 0.999783 
1732024563651362560.000000 -2838.609619 1233.756836 760.795654 -0.033159 -0.999428 0.006622 0.999173 -0.033305 -0.023332 0.023539 0.005843 0.999706 
1732024563684704512.000000 -2838.757080 1235.980347 772.677490 -0.029695 -0.999530 0.007593 0.999322 -0.029853 -0.021551 0.021767 0.006948 0.999739 
1732024563718046976.000000 -2838.196289 1236.904297 781.726929 -0.031041 -0.999517 0.001283 0.999407 -0.031056 -0.014891 0.014923 0.000820 0.999888 
1732024563751388928.000000 -2838.451904 1237.830811 791.208496 -0.031140 -0.999509 0.003389 0.999471 -0.031170 -0.009325 0.009426 0.003097 0.999951 
1732024563784730880.000000 -2838.662109 1238.363892 803.652161 -0.030338 -0.999519 0.006429 0.999528 -0.030369 -0.004709 0.004902 0.006283 0.999968 
1732024563818072064.000000 -2838.867676 1238.971313 813.304993 -0.027825 -0.999574 0.008770 0.999612 -0.027816 0.001084 -0.000840 0.008797 0.999961 
1732024563851414528.000000 -2839.028076 1239.796753 823.000671 -0.024670 -0.999607 0.013280 0.999676 -0.024583 0.006668 -0.006339 0.013440 0.999890 
1732024563884756224.000000 -2838.591064 1240.130737 836.121338 -0.025667 -0.999519 0.017415 0.999617 -0.025482 0.010788 -0.010339 0.017685 0.999790 
1732024563918098432.000000 -2838.367432 1240.623169 845.005859 -0.022814 -0.999354 0.027787 0.999725 -0.022651 0.006147 -0.005514 0.027920 0.999595 
