1732024348671770368.000000 -2341.541260 1174.168213 135.290527 0.086843 0.996151 0.011872 -0.996142 0.086679 0.013698 0.012616 -0.013015 0.999836
1732024348705110272.000000 -2341.548584 1174.186768 135.289429 0.086896 0.996147 0.011819 -0.996137 0.086732 0.013758 0.012680 -0.012969 0.999835
1732024348738448896.000000 -2341.537598 1174.157471 135.288452 0.086833 0.996151 0.011929 -0.996141 0.086666 0.013891 0.012804 -0.013089 0.999832
1732024348771785472.000000 -2341.554199 1174.161743 135.297287 0.086744 0.996160 0.011904 -0.996148 0.086577 0.013883 0.012799 -0.013062 0.999833
1732024348805120256.000000 -2341.564209 1174.175171 135.307663 0.086728 0.996162 0.011822 -0.996151 0.086564 0.013793 0.012716 -0.012973 0.999835
1732024348838452736.000000 -2341.549072 1174.173096 135.285400 0.086732 0.996160 0.011928 -0.996150 0.086565 0.013839 0.012753 -0.013082 0.999833
1732024348871783936.000000 -2341.528076 1174.181152 135.298798 0.086735 0.996162 0.011772 -0.996153 0.086574 0.013595 0.012523 -0.012906 0.999838
1732024348905113344.000000 -2341.548828 1174.163208 135.294205 0.086745 0.996158 0.012054 -0.996149 0.086577 0.013807 0.012711 -0.013205 0.999832
1732024348938440704.000000 -2341.557373 1174.172119 135.294907 0.086789 0.996156 0.011842 -0.996146 0.086625 0.013779 0.012700 -0.012992 0.999835
1732024348971766528.000000 -2341.564453 1174.175171 135.270798 0.086795 0.996156 0.011867 -0.996146 0.086630 0.013704 0.012623 -0.013010 0.999836
1732024349005090304.000000 -2341.539062 1174.106323 135.231354 0.086529 0.996179 0.011825 -0.996179 0.086376 0.012949 0.011878 -0.012901 0.999846
1732024349038412032.000000 -2341.505127 1174.116699 135.231735 0.086343 0.996195 0.011832 -0.996193 0.086187 0.013067 0.011997 -0.012915 0.999845
1732024349071731456.000000 -2341.530029 1174.151978 135.284225 0.086868 0.996149 0.011840 -0.996137 0.086702 0.013930 0.012849 -0.013004 0.999833
1732024349105049600.000000 -2341.476807 1174.031982 135.150314 0.087943 0.996068 0.010748 -0.996031 0.087781 0.014735 0.013734 -0.012001 0.999834
1732024349138365952.000000 -2341.469727 1174.019897 135.148010 0.087875 0.996076 0.010563 -0.996039 0.087717 0.014594 0.013611 -0.011803 0.999838
1732024349171680768.000000 -2341.471436 1174.036621 135.164200 0.087851 0.996078 0.010568 -0.996040 0.087692 0.014671 0.013686 -0.011815 0.999837
1732024349204993792.000000 -2341.623535 1174.218140 134.862396 0.086344 0.996236 0.007686 -0.996150 0.086214 0.015870 0.015148 -0.009026 0.999845
1732024349238304512.000000 -2341.951172 1174.180786 135.253784 0.084408 0.996367 0.011332 -0.996354 0.084254 0.013432 0.012429 -0.012424 0.999846
1732024349271613952.000000 -2342.079590 1173.492554 135.897415 0.086725 0.996067 0.018123 -0.996193 0.086545 0.010471 0.008861 -0.018962 0.999781
1732024349304921088.000000 -2342.065186 1173.449707 135.890213 0.086734 0.996065 0.018200 -0.996192 0.086553 0.010520 0.008903 -0.019043 0.999779
1732024349338226688.000000 -2342.060059 1173.447021 135.890869 0.086786 0.996060 0.018233 -0.996185 0.086600 0.010746 0.009124 -0.019096 0.999776
1732024349371531264.000000 -2341.372803 1174.338379 135.551666 0.087166 0.996100 0.013636 -0.996122 0.086986 0.013221 0.011984 -0.014736 0.999820
1732024349404810240.000000 -2341.394531 1173.962036 136.189301 0.087217 0.996072 0.015290 -0.996146 0.087060 0.010674 0.009301 -0.016162 0.999826
1732024349438085888.000000 -2341.344482 1173.798096 136.026154 0.088170 0.996008 0.013961 -0.996057 0.088019 0.011131 0.009858 -0.014888 0.999841
1732024349471358208.000000 -2341.589600 1173.968018 135.737991 0.087203 0.996102 0.013269 -0.996124 0.087036 0.012726 0.011521 -0.014328 0.999831
1732024349504627456.000000 -2341.695801 1174.042969 135.715927 0.086695 0.996150 0.013033 -0.996170 0.086533 0.012533 0.011357 -0.014069 0.999837
1732024349537892864.000000 -2341.762207 1173.950928 136.191177 0.086755 0.996122 0.014638 -0.996176 0.086589 0.011620 0.010308 -0.015590 0.999825
1732024349571155712.000000 -2341.460449 1174.488281 135.701035 0.086401 0.996168 0.013593 -0.996194 0.086230 0.012738 0.011517 -0.014642 0.999826
1732024349604416000.000000 -2341.445557 1174.447021 135.663498 0.086394 0.996169 0.013566 -0.996191 0.086219 0.013003 0.011783 -0.014638 0.999823
1732024349637672704.000000 -2341.430664 1174.430176 135.637985 0.086728 0.996145 0.013184 -0.996164 0.086560 0.012836 0.011645 -0.014247 0.999831
1732024349670926336.000000 -2341.416504 1174.339966 135.592575 0.087165 0.996110 0.012910 -0.996122 0.086996 0.013100 0.011926 -0.014002 0.999831
1732024349704176896.000000 -2341.413330 1174.319580 135.613495 0.087195 0.996109 0.012830 -0.996119 0.087026 0.013164 0.011996 -0.013928 0.999831
1732024349737424384.000000 -2341.433594 1174.636353 135.923172 0.085814 0.996198 0.015026 -0.996257 0.085642 0.011737 0.010406 -0.015977 0.999818
1732024349770668544.000000 -2341.502441 1174.604126 136.016830 0.085726 0.996198 0.015499 -0.996267 0.085552 0.011546 0.010176 -0.016431 0.999813
1732024349803909888.000000 -2341.416992 1174.565308 136.028748 0.085778 0.996194 0.015463 -0.996258 0.085599 0.011927 0.010558 -0.016428 0.999809
1732024349837147648.000000 -2341.110596 1174.592407 136.297897 0.085527 0.996212 0.015691 -0.996278 0.085341 0.012156 0.010771 -0.016672 0.999803
1732024349870382592.000000 -2340.347168 1174.711304 137.898361 0.081468 0.996539 0.016515 -0.996668 0.081388 0.005415 0.004052 -0.016902 0.999849
1732024349903614208.000000 -2339.200684 1174.200439 139.443726 0.078834 0.996768 0.015480 -0.996883 0.078872 -0.001826 -0.003041 -0.015287 0.999879
1732024349936843008.000000 -2337.773193 1174.039673 142.301270 0.076480 0.996928 0.016888 -0.997009 0.076654 -0.009873 -0.011137 -0.016083 0.999809
1732024349970067456.000000 -2335.856201 1173.366089 145.215836 0.074940 0.997033 0.017559 -0.997112 0.075141 -0.011063 -0.012350 -0.016679 0.999785
1732024350003289856.000000 -2333.741943 1172.762329 149.018845 0.074870 0.997055 0.016624 -0.997167 0.074979 -0.006004 -0.007233 -0.016127 0.999844
1732024350036508672.000000 -2330.869385 1171.330811 155.307251 0.075115 0.997025 0.017277 -0.997175 0.075103 0.001341 0.000040 -0.017329 0.999850
1732024350069724928.000000 -2328.987549 1170.310181 161.159149 0.075136 0.996885 0.023963 -0.997138 0.074910 0.010211 0.008385 -0.024662 0.999661
1732024350102937856.000000 -2326.864258 1170.073730 171.961792 0.075106 0.997025 0.017304 -0.997173 0.075059 0.003370 0.002061 -0.017508 0.999845
1732024350136147712.000000 -2325.322266 1169.136353 180.830719 0.077125 0.996913 0.014675 -0.997020 0.077144 -0.000720 -0.001850 -0.014576 0.999892
1732024350169354496.000000 -2323.876953 1168.531372 191.415024 0.075952 0.996981 0.016126 -0.997069 0.076088 -0.007989 -0.009192 -0.015472 0.999838
1732024350202557696.000000 -2322.177979 1167.719360 202.831223 0.074740 0.997030 0.018549 -0.997116 0.074966 -0.011794 -0.013150 -0.017614 0.999758
1732024350235758336.000000 -2319.900391 1166.935059 219.325516 0.074811 0.996994 0.020169 -0.997132 0.075023 -0.009953 -0.011437 -0.019367 0.999747
1732024350268955648.000000 -2318.504150 1167.329712 232.929443 0.073786 0.997074 0.019968 -0.997198 0.074013 -0.010902 -0.012348 -0.019107 0.999741
1732024350302149888.000000 -2317.402588 1166.864380 245.986359 0.074836 0.997091 0.014497 -0.997135 0.074984 -0.009990 -0.011048 -0.013708 0.999845
1732024350335340800.000000 -2316.483154 1167.642944 264.495453 0.072359 0.997293 0.013066 -0.997288 0.072523 -0.012504 -0.013418 -0.012126 0.999836
1732024350368529920.000000 -2315.649414 1166.942261 277.087189 0.074949 0.997092 0.013778 -0.997162 0.075037 -0.006041 -0.007058 -0.013286 0.999887
1732024350401870848.000000 -2315.459473 1167.609497 290.434021 0.069299 0.997555 0.009030 -0.997468 0.069432 -0.015371 -0.015960 -0.007942 0.999841
1732024350435212800.000000 -2315.190918 1167.829712 307.095276 0.069249 0.997585 0.005266 -0.997490 0.069319 -0.014433 -0.014764 -0.004253 0.999882
1732024350468555008.000000 -2314.807129 1167.631958 318.727905 0.067414 0.997712 0.005130 -0.997644 0.067473 -0.012365 -0.012683 -0.004285 0.999910
1732024350501897216.000000 -2314.558838 1167.924683 330.378235 0.067324 0.997731 -0.000881 -0.997653 0.067307 -0.012557 -0.012470 0.001725 0.999921
1732024350535239680.000000 -2314.114014 1167.951782 345.725433 0.066925 0.997758 -0.000320 -0.997729 0.066921 -0.007678 -0.007640 0.000833 0.999970
1732024350568582656.000000 -2313.671387 1167.877441 356.999725 0.066635 0.997776 -0.001651 -0.997775 0.066632 -0.002109 -0.001994 0.001788 0.999996
1732024350601925376.000000 -2312.966064 1167.429688 368.106812 0.065109 0.997877 0.001810 -0.997862 0.065097 0.005825 0.005695 -0.002185 0.999981
1732024350635268352.000000 -2312.326660 1168.084351 384.178436 0.062040 0.998067 -0.003729 -0.998058 0.062059 0.005460 0.005681 0.003383 0.999978
1732024350668611328.000000 -2311.575195 1167.589600 395.673553 0.062042 0.998061 -0.005019 -0.998033 0.062084 0.008705 0.008999 0.004470 0.999950
1732024350701954816.000000 -2310.507812 1167.472534 407.211090 0.061688 0.998076 -0.006199 -0.998031 0.061754 0.011009 0.011370 0.005508 0.999920
1732024350735298304.000000 -2309.127930 1167.900757 423.490448 0.056199 0.998398 -0.006542 -0.998406 0.056231 0.004795 0.005155 0.006262 0.999967
1732024350768642048.000000 -2307.946533 1167.956421 435.412933 0.054181 0.998476 -0.010479 -0.998528 0.054203 0.001794 0.002360 0.010366 0.999943
1732024350801985792.000000 -2306.610107 1167.769409 447.386292 0.054059 0.998484 -0.010373 -0.998533 0.054087 0.002385 0.002943 0.010229 0.999943
1732024350835328512.000000 -2304.472656 1168.304810 462.763855 0.051626 0.998502 -0.018132 -0.998658 0.051694 0.003294 0.004227 0.017937 0.999830
1732024350868672768.000000 -2302.844971 1168.585083 473.771545 0.051667 0.998377 -0.023959 -0.998635 0.051834 0.006397 0.007629 0.023596 0.999692
1732024350902017024.000000 -2301.390869 1169.364380 485.822021 0.049481 0.998538 -0.021763 -0.998763 0.049576 0.003863 0.004936 0.021545 0.999756
1732024350935361536.000000 -2299.340820 1170.280029 500.084015 0.048624 0.998357 -0.030306 -0.998780 0.048862 0.007173 0.008642 0.029921 0.999515
1732024350968706048.000000 -2298.026855 1170.921143 511.245483 0.046545 0.998372 -0.032978 -0.998897 0.046722 0.004615 0.006149 0.032727 0.999445
1732024351002051072.000000 -2296.736816 1171.705444 522.142334 0.047138 0.998360 -0.032485 -0.998867 0.047325 0.005001 0.006530 0.032212 0.999460
1732024351035396096.000000 -2295.290527 1172.742920 535.709229 0.046283 0.998364 -0.033564 -0.998923 0.046364 0.001626 0.003180 0.033452 0.999435
1732024351068741120.000000 -2294.303467 1174.055664 545.719116 0.045095 0.998339 -0.035847 -0.998982 0.045020 -0.002903 -0.001285 0.035942 0.999353
1732024351102086656.000000 -2293.381104 1175.142334 555.387939 0.044521 0.998415 -0.034426 -0.998994 0.044305 -0.007002 -0.005466 0.034703 0.999383
1732024351135431680.000000 -2292.072510 1176.656006 567.913879 0.043892 0.998480 -0.033319 -0.998975 0.043495 -0.012544 -0.011075 0.033836 0.999366
1732024351168777472.000000 -2291.164062 1177.967896 577.349426 0.043779 0.998527 -0.032047 -0.998935 0.043284 -0.015961 -0.014550 0.032712 0.999359
1732024351202123264.000000 -2290.127686 1179.792603 589.736023 0.045589 0.998563 -0.028177 -0.998816 0.045086 -0.018248 -0.016951 0.028976 0.999436
1732024351235469056.000000 -2289.320557 1181.048950 598.381958 0.049073 0.998443 -0.026539 -0.998692 0.048668 -0.015687 -0.014371 0.027274 0.999525
1732024351268815360.000000 -2288.656738 1181.891724 606.593933 0.053431 0.998266 -0.024695 -0.998513 0.053144 -0.012135 -0.010801 0.025307 0.999621
1732024351302160384.000000 -2288.170166 1183.030273 614.759644 0.057140 0.998092 -0.023394 -0.998308 0.056868 -0.012141 -0.010788 0.024048 0.999653
1732024351335506944.000000 -2288.093750 1184.999390 625.481873 0.060726 0.997907 -0.022212 -0.998081 0.060436 -0.013473 -0.012103 0.022987 0.999663
1732024351368853248.000000 -2287.921631 1185.939331 633.045227 0.065011 0.997695 -0.019464 -0.997779 0.064708 -0.015815 -0.014519 0.020449 0.999685
1732024351402207488.000000 -2288.224121 1187.930298 643.010132 0.068390 0.997486 -0.018545 -0.997476 0.068010 -0.020393 -0.019081 0.019893 0.999620
1732024351435562240.000000 -2288.503174 1189.108398 650.035522 0.069891 0.997446 -0.014754 -0.997309 0.069539 -0.023207 -0.022121 0.016336 0.999622
1732024351468916992.000000 -2288.946777 1191.135864 659.487854 0.071574 0.997343 -0.013531 -0.997092 0.071187 -0.027212 -0.026177 0.015439 0.999538
1732024351502272256.000000 -2289.280518 1192.697876 668.338623 0.073242 0.997234 -0.012683 -0.996968 0.072875 -0.027286 -0.026287 0.014643 0.999547
1732024351535628032.000000 -2289.746338 1194.316406 676.683472 0.072782 0.997280 -0.011639 -0.997045 0.072468 -0.025483 -0.024571 0.013460 0.999608
1732024351568984320.000000 -2289.695801 1194.237427 678.470886 0.073154 0.997256 -0.011353 -0.997031 0.072853 -0.024935 -0.024039 0.013143 0.999625
1732024351602340864.000000 -2290.239258 1195.704346 686.165527 0.071741 0.997384 -0.008903 -0.997136 0.071503 -0.024643 -0.023942 0.010646 0.999657
1732024351635698176.000000 -2290.704102 1196.327148 691.409546 0.070680 0.997477 -0.006665 -0.997170 0.070483 -0.026159 -0.025623 0.008495 0.999636
1732024351669055488.000000 -2291.297119 1197.146240 696.063843 0.069824 0.997549 -0.004423 -0.997197 0.069679 -0.027243 -0.026868 0.006312 0.999619
1732024351702413568.000000 -2291.859619 1197.539917 700.945496 0.069903 0.997546 -0.003924 -0.997154 0.069763 -0.028568 -0.028224 0.005910 0.999584
1732024351735770624.000000 -2292.314941 1198.248169 704.187805 0.069446 0.997578 -0.003823 -0.997143 0.069300 -0.030068 -0.029730 0.005901 0.999541
1732024351769129728.000000 -2292.845215 1198.602783 706.573792 0.066862 0.997753 -0.004364 -0.997114 0.066660 -0.036343 -0.035971 0.006781 0.999330
1732024351802489088.000000 -2293.167236 1198.987671 708.557312 0.069467 0.997563 -0.006584 -0.996910 0.069175 -0.037212 -0.036666 0.009149 0.999286
1732024351835848448.000000 -2293.593994 1199.380127 709.382507 0.068376 0.997633 -0.007351 -0.996822 0.068015 -0.041482 -0.040884 0.010164 0.999112
1732024351869208832.000000 -2293.521973 1199.015991 707.848267 0.071271 0.997320 -0.016509 -0.996840 0.070635 -0.036351 -0.035088 0.019047 0.999203
1732024351902569216.000000 -2293.996094 1198.925659 707.083252 0.069187 0.997588 -0.005589 -0.996867 0.068919 -0.038814 -0.038335 0.008257 0.999231
1732024351935930368.000000 -2294.083008 1198.499023 704.351990 0.069962 0.997538 -0.004768 -0.996972 0.069758 -0.034349 -0.033932 0.007157 0.999399
1732024351969291776.000000 -2294.197266 1197.627808 700.841248 0.068980 0.997618 -0.000925 -0.997017 0.068906 -0.034767 -0.034621 0.003320 0.999395
1732024352002653696.000000 -2294.408691 1196.875977 694.720581 0.070107 0.997539 0.000076 -0.996970 0.070069 -0.033779 -0.033701 0.002292 0.999429
1732024352036015872.000000 -2294.343018 1196.123413 689.345337 0.073331 0.997307 0.000954 -0.996787 0.073323 -0.032247 -0.032230 0.001413 0.999479
1732024352069378304.000000 -2294.548096 1195.408447 683.380310 0.075179 0.997170 -0.000680 -0.996571 0.075110 -0.034709 -0.034560 0.003287 0.999397
1732024352102741760.000000 -2294.999756 1194.364746 673.751404 0.076739 0.997005 -0.009606 -0.996443 0.076352 -0.035651 -0.034811 0.012307 0.999318
1732024352136105216.000000 -2295.016846 1193.943604 667.003479 0.081382 0.996626 -0.010625 -0.995967 0.080915 -0.038751 -0.037760 0.013736 0.999192
1732024352169469440.000000 -2295.436768 1193.014771 659.315063 0.082840 0.996503 -0.010939 -0.995899 0.082380 -0.037403 -0.036371 0.013993 0.999240
1732024352202832384.000000 -2296.103027 1192.233398 648.589783 0.085995 0.996206 -0.013332 -0.995629 0.085440 -0.037734 -0.036451 0.016519 0.999199
1732024352236197376.000000 -2296.563232 1191.138306 639.525391 0.089983 0.995862 -0.012723 -0.995420 0.089515 -0.033549 -0.032271 0.015684 0.999356
1732024352269562624.000000 -2297.277344 1190.949463 630.641357 0.090362 0.995781 -0.015968 -0.995369 0.089773 -0.034360 -0.032782 0.018999 0.999282
1732024352302928384.000000 -2298.241943 1190.423218 617.901917 0.094207 0.995393 -0.017837 -0.995178 0.093665 -0.029105 -0.027300 0.020493 0.999417
1732024352336294656.000000 -2299.229736 1189.865234 608.360229 0.093194 0.995491 -0.017667 -0.995269 0.092654 -0.029245 -0.027476 0.020309 0.999416
1732024352369660928.000000 -2299.955566 1189.282471 598.513123 0.093406 0.995481 -0.017126 -0.995224 0.092864 -0.030102 -0.028376 0.019856 0.999400
1732024352403002368.000000 -2301.026611 1188.835938 584.735718 0.091641 0.995620 -0.018493 -0.995440 0.091099 -0.028298 -0.026489 0.021002 0.999428
1732024352436343552.000000 -2301.858643 1188.700439 574.075745 0.091104 0.995652 -0.019405 -0.995565 0.090602 -0.025340 -0.023472 0.021627 0.999491
1732024352469684736.000000 -2302.506104 1188.623535 562.989807 0.090294 0.995693 -0.021050 -0.995678 0.089791 -0.023706 -0.021714 0.023099 0.999497
1732024352503026176.000000 -2303.533936 1188.147705 547.615723 0.090016 0.995737 -0.020129 -0.995754 0.089590 -0.021177 -0.019284 0.021950 0.999573
1732024352536367360.000000 -2304.772461 1188.552002 536.864502 0.087683 0.995949 -0.019931 -0.995863 0.087161 -0.025701 -0.023859 0.022102 0.999471
1732024352569708800.000000 -2305.478760 1188.788696 524.648376 0.088093 0.995734 -0.027432 -0.995811 0.087355 -0.027024 -0.024513 0.029698 0.999258
1732024352603049984.000000 -2306.376221 1188.464844 508.540771 0.089592 0.995653 -0.025452 -0.995646 0.088872 -0.028112 -0.025728 0.027860 0.999281
1732024352636390400.000000 -2307.606689 1188.970215 496.647156 0.088149 0.995682 -0.029108 -0.995640 0.087175 -0.033196 -0.030515 0.031908 0.999025
1732024352669731584.000000 -2308.104248 1189.489990 484.568268 0.088631 0.995739 -0.025477 -0.995519 0.087707 -0.035342 -0.032957 0.028495 0.999050
1732024352703073024.000000 -2309.069092 1189.658813 467.125488 0.089727 0.995503 -0.030395 -0.995486 0.088694 -0.033774 -0.030926 0.033288 0.998967
1732024352736414464.000000 -2309.865967 1189.502563 453.597626 0.090664 0.995371 -0.031887 -0.995470 0.089660 -0.031638 -0.028633 0.034611 0.998991
1732024352769755648.000000 -2311.072998 1189.612061 440.430176 0.088264 0.995670 -0.029184 -0.995622 0.087279 -0.033451 -0.030759 0.032009 0.999014
1732024352803096832.000000 -2312.702148 1189.179932 422.211884 0.087923 0.995802 -0.025445 -0.995746 0.087153 -0.029903 -0.027560 0.027966 0.999229
1732024352836438016.000000 -2314.093750 1189.164551 408.724335 0.084782 0.996193 -0.020280 -0.995932 0.084102 -0.032340 -0.030511 0.022940 0.999271
1732024352869779456.000000 -2315.493652 1189.029175 395.097992 0.083779 0.996296 -0.019362 -0.995988 0.083109 -0.033166 -0.031434 0.022063 0.999262
1732024352903120640.000000 -2317.239746 1189.012939 377.248260 0.081108 0.996588 -0.015303 -0.996080 0.080504 -0.036662 -0.035305 0.018216 0.999211
1732024352936461824.000000 -2318.596680 1188.938232 363.884857 0.081066 0.996566 -0.016864 -0.996014 0.080366 -0.038701 -0.037213 0.019934 0.999108
1732024352969803264.000000 -2320.153809 1188.918823 350.993469 0.079978 0.996678 -0.015374 -0.996028 0.079301 -0.040490 -0.039137 0.018551 0.999062
1732024353003144448.000000 -2321.497314 1189.018188 333.683502 0.078739 0.996729 -0.018195 -0.996136 0.077954 -0.040449 -0.038898 0.021310 0.999016
1732024353036485888.000000 -2322.358887 1188.974854 317.811462 0.078173 0.996815 -0.015756 -0.996231 0.077512 -0.038933 -0.037588 0.018740 0.999118
1732024353069826048.000000 -2323.087402 1188.935547 309.416382 0.076864 0.996853 -0.019404 -0.996341 0.076066 -0.038973 -0.037375 0.022328 0.999052
1732024353103167232.000000 -2323.690918 1188.559082 293.966705 0.076125 0.996949 -0.017267 -0.996484 0.075459 -0.036401 -0.034987 0.019978 0.999188
1732024353136508416.000000 -2323.737549 1188.365479 283.350372 0.075787 0.996989 -0.016398 -0.996390 0.075090 -0.039611 -0.038260 0.019341 0.999081
1732024353169849856.000000 -2324.001465 1188.094971 272.433105 0.074224 0.997112 -0.016099 -0.996368 0.073473 -0.043039 -0.041732 0.019235 0.998944
1732024353203191296.000000 -2323.959229 1187.732422 258.592316 0.071850 0.997318 -0.013919 -0.996424 0.071150 -0.045577 -0.044464 0.017144 0.998864
1732024353236532480.000000 -2323.597168 1187.514893 248.855057 0.070002 0.997481 -0.011437 -0.996454 0.069384 -0.047597 -0.046683 0.014728 0.998801
1732024353269873920.000000 -2323.048828 1186.764893 239.405884 0.069487 0.997568 -0.005401 -0.996567 0.069171 -0.045486 -0.045002 0.008543 0.998950
1732024353303215104.000000 -2322.606689 1186.506104 228.154907 0.068663 0.997638 -0.001736 -0.996490 0.068500 -0.048125 -0.047893 0.005034 0.998840
1732024353336556288.000000 -2322.365967 1187.009766 221.251770 0.068158 0.997667 -0.003810 -0.996107 0.067837 -0.056299 -0.055909 0.007632 0.998407
1732024353369897728.000000 -2321.927246 1186.729980 214.309219 0.068411 0.997649 -0.003937 -0.995859 0.068050 -0.060277 -0.059867 0.008044 0.998174
1732024353403238656.000000 -2321.439697 1186.535522 206.299210 0.067551 0.997716 -0.000366 -0.995582 0.067382 -0.065389 -0.065215 0.004781 0.997860
1732024353436579840.000000 -2321.027832 1186.730103 201.081772 0.067719 0.997704 0.000699 -0.995419 0.067611 -0.067604 -0.067496 0.003883 0.997712
1732024353469921024.000000 -2320.634277 1186.733765 196.240173 0.067498 0.997717 0.002234 -0.995304 0.067490 -0.069393 -0.069385 0.002460 0.997587
1732024353503262208.000000 -2320.098145 1186.672729 190.839966 0.069003 0.997608 0.004193 -0.995324 0.069129 -0.067459 -0.067587 0.000481 0.997713
1732024353536602368.000000 -2319.695801 1186.210083 187.295914 0.069159 0.997553 0.010295 -0.995542 0.069675 -0.063566 -0.064128 -0.005853 0.997925
1732024353569943552.000000 -2319.589600 1186.659302 185.653168 0.069984 0.997530 0.006053 -0.995289 0.070232 -0.066837 -0.067097 -0.001347 0.997746
1732024353603284480.000000 -2319.159180 1186.453613 184.685638 0.068447 0.997621 0.008146 -0.995118 0.068853 -0.070707 -0.071100 -0.003266 0.997464
1732024353636625920.000000 -2318.795166 1186.415527 186.392807 0.069624 0.997534 0.008870 -0.995126 0.070073 -0.069379 -0.069829 -0.003996 0.997551
1732024353669967104.000000 -2318.460205 1186.414429 188.179657 0.068933 0.997572 0.009959 -0.995158 0.069460 -0.069537 -0.070060 -0.005117 0.997530
1732024353703308288.000000 -2317.437988 1185.916504 192.978638 0.070005 0.997426 0.015515 -0.995465 0.070854 -0.063483 -0.064418 -0.011000 0.997862
1732024353736649472.000000 -2317.028564 1186.238037 198.491226 0.069241 0.997530 0.011778 -0.995388 0.069868 -0.065735 -0.066396 -0.007172 0.997768
1732024353769990400.000000 -2315.875732 1185.922729 204.202621 0.069507 0.997467 0.015119 -0.995828 0.070275 -0.058208 -0.059123 -0.011010 0.998190
1732024353803331840.000000 -2314.825684 1186.635986 213.922256 0.068281 0.997600 0.011520 -0.995953 0.068836 -0.057787 -0.058441 -0.007527 0.998262
1732024353836672768.000000 -2313.808105 1186.109619 221.188812 0.068804 0.997524 0.014543 -0.996090 0.069501 -0.054534 -0.055409 -0.010734 0.998406
1732024353870014208.000000 -2313.038330 1186.884277 230.292007 0.067763 0.997661 0.008939 -0.995862 0.068179 -0.060084 -0.060553 -0.004830 0.998153
1732024353903355392.000000 -2311.496094 1186.564209 242.379913 0.069110 0.997532 0.012413 -0.995977 0.069703 -0.056308 -0.057035 -0.008471 0.998336
1732024353936696320.000000 -2310.735596 1187.433594 252.736542 0.067939 0.997665 0.006928 -0.995765 0.068237 -0.061602 -0.061931 -0.002713 0.998077
1732024353970036736.000000 -2309.597656 1187.763672 263.042969 0.067728 0.997699 0.002957 -0.995680 0.067779 -0.063459 -0.063514 0.001354 0.997980
1732024354003377664.000000 -2307.777832 1187.727905 276.969971 0.067507 0.997686 0.008073 -0.996002 0.067863 -0.058086 -0.058499 -0.004119 0.998279
1732024354036719104.000000 -2306.555176 1188.367798 288.024933 0.065909 0.997823 0.002212 -0.995815 0.065917 -0.063313 -0.063321 0.001970 0.997991
1732024354070060032.000000 -2305.324463 1188.914795 299.028412 0.066178 0.997805 0.002351 -0.995960 0.066198 -0.060682 -0.060704 0.001675 0.998154
1732024354103401216.000000 -2303.835449 1189.454468 313.933533 0.065310 0.997857 0.004093 -0.995997 0.065438 -0.060889 -0.061026 -0.000100 0.998136
1732024354136742400.000000 -2302.740234 1190.093018 325.651123 0.064484 0.997907 0.004825 -0.995938 0.064659 -0.062670 -0.062851 -0.000764 0.998023
1732024354170083584.000000 -2301.453369 1190.249878 337.186127 0.065845 0.997811 0.006188 -0.995945 0.066100 -0.061019 -0.061295 -0.002146 0.998117
1732024354203424768.000000 -2299.799561 1190.730103 353.218689 0.067026 0.997732 0.006148 -0.995948 0.067274 -0.059683 -0.059961 -0.002123 0.998198
1732024354236765952.000000 -2298.706055 1191.580811 366.004822 0.067535 0.997686 0.007917 -0.995965 0.067884 -0.058703 -0.059105 -0.003920 0.998244
1732024354270107136.000000 -2297.702881 1192.043945 378.584503 0.069051 0.997573 0.008973 -0.995946 0.069453 -0.057163 -0.057647 -0.004990 0.998325
1732024354303448320.000000 -2296.441406 1192.672241 395.529480 0.071400 0.997424 0.006937 -0.995785 0.071680 -0.057228 -0.057577 -0.002822 0.998337
1732024354336789248.000000 -2295.500732 1193.262573 408.115479 0.073102 0.997314 0.004585 -0.995792 0.073244 -0.055077 -0.055265 -0.000540 0.998472
1732024354370130176.000000 -2294.787842 1193.943848 420.964905 0.074888 0.997180 0.004933 -0.995891 0.075042 -0.050695 -0.050922 -0.001117 0.998702
1732024354403470848.000000 -2293.837891 1194.660889 437.235718 0.077115 0.997022 0.000653 -0.996058 0.077070 -0.043907 -0.043827 0.002735 0.999035
1732024354436812288.000000 -2292.971191 1194.869873 449.590729 0.079499 0.996834 -0.001197 -0.996056 0.079390 -0.039631 -0.039410 0.004343 0.999214
1732024354470153216.000000 -2292.383789 1195.552002 462.221954 0.078407 0.996921 0.000455 -0.996221 0.078369 -0.037430 -0.037351 0.002481 0.999299
1732024354503494912.000000 -2291.224609 1195.681519 478.603485 0.079384 0.996844 0.001011 -0.996268 0.079373 -0.033921 -0.033894 0.001685 0.999424
1732024354536836096.000000 -2290.500244 1196.622192 492.018066 0.077611 0.996970 0.005312 -0.996307 0.077753 -0.036424 -0.036727 -0.002465 0.999322
1732024354570177536.000000 -2289.865723 1196.456787 503.232056 0.079066 0.996866 -0.002418 -0.996366 0.078948 -0.031980 -0.031689 0.004937 0.999486
1732024354603518720.000000 -2288.678223 1196.711060 519.417480 0.078970 0.996877 -0.000446 -0.996363 0.078915 -0.032154 -0.032019 0.002983 0.999483
1732024354636860160.000000 -2287.875488 1197.214111 531.671631 0.077856 0.996965 -0.000408 -0.996360 0.077795 -0.034841 -0.034704 0.003119 0.999393
1732024354670201600.000000 -2287.020020 1197.854858 545.340210 0.076290 0.997024 0.011055 -0.996170 0.076690 -0.042009 -0.042732 -0.007808 0.999056
1732024354703542784.000000 -2285.567871 1198.172974 559.469604 0.077840 0.996966 -0.000766 -0.996290 0.077759 -0.036873 -0.036702 0.003633 0.999320
1732024354736884480.000000 -2284.295166 1198.699585 571.237976 0.077751 0.996971 -0.002120 -0.996212 0.077608 -0.039232 -0.038948 0.005162 0.999228
1732024354770225408.000000 -2283.106689 1198.953491 583.055420 0.077246 0.997012 0.000509 -0.996171 0.077202 -0.041024 -0.040941 0.002662 0.999158
1732024354803566848.000000 -2281.440430 1200.191284 598.542480 0.076580 0.997051 -0.004894 -0.996214 0.076311 -0.041647 -0.041151 0.008065 0.999120
1732024354836908288.000000 -2279.595459 1200.617065 610.243469 0.076408 0.997077 0.000064 -0.996217 0.076344 -0.041523 -0.041407 0.003109 0.999138
1732024354870248448.000000 -2277.960205 1201.556274 621.847351 0.075417 0.997147 -0.003123 -0.996274 0.075219 -0.042203 -0.041848 0.006294 0.999104
1732024354903589888.000000 -2275.665283 1202.793335 637.441101 0.072205 0.997377 -0.005072 -0.996369 0.071900 -0.045599 -0.045115 0.008346 0.998947
1732024354936931328.000000 -2273.703613 1203.659302 649.618958 0.070982 0.997475 0.002091 -0.996350 0.071002 -0.047377 -0.047406 0.001279 0.998875
1732024354970272768.000000 -2271.924316 1204.701172 660.998474 0.069523 0.997579 0.001705 -0.996462 0.069526 -0.047225 -0.047229 0.001584 0.998883
1732024355003613952.000000 -2269.138428 1205.452026 675.367554 0.069851 0.997557 0.000139 -0.996508 0.069784 -0.045857 -0.045755 0.003065 0.998948
1732024355036955392.000000 -2267.348877 1206.154297 686.492859 0.069946 0.997548 0.002420 -0.996441 0.069982 -0.046989 -0.047044 0.000875 0.998892
1732024355070296832.000000 -2265.580811 1206.898071 696.986389 0.070123 0.997538 0.000611 -0.996449 0.070075 -0.046670 -0.046598 0.002664 0.998910
1732024355103638272.000000 -2263.451416 1207.548706 710.349976 0.072175 0.997390 -0.001948 -0.996328 0.072008 -0.046310 -0.046049 0.005284 0.998925
1732024355136979456.000000 -2262.030518 1207.935669 719.808044 0.075038 0.997177 -0.002628 -0.996187 0.074846 -0.044831 -0.044508 0.005982 0.998991
1732024355170320640.000000 -2260.979492 1208.142212 727.959167 0.078587 0.996846 -0.011005 -0.996146 0.078091 -0.039944 -0.038959 0.014102 0.999141
1732024355203662080.000000 -2260.111328 1208.698120 739.240906 0.079784 0.996723 -0.013367 -0.995963 0.079155 -0.042325 -0.041128 0.016690 0.999014
1732024355237003776.000000 -2259.745117 1208.823975 747.149780 0.081513 0.996605 -0.011627 -0.995737 0.080926 -0.044249 -0.043158 0.015184 0.998953
1732024355270344960.000000 -2259.559570 1209.131592 754.493469 0.082901 0.996506 -0.010199 -0.995547 0.082351 -0.045869 -0.044868 0.013956 0.998895
1732024355303685376.000000 -2259.895264 1209.439087 762.681580 0.083980 0.996419 -0.009844 -0.995385 0.083424 -0.047423 -0.046432 0.013782 0.998826
1732024355337026560.000000 -2260.326904 1209.656860 767.387756 0.085741 0.996265 -0.010231 -0.995285 0.085181 -0.046383 -0.045338 0.014160 0.998871
1732024355370368256.000000 -2261.206299 1209.980469 771.145203 0.086810 0.996197 -0.007524 -0.995155 0.086364 -0.046982 -0.046153 0.011566 0.998867
1732024355403709184.000000 -2262.468750 1209.988037 773.072205 0.090660 0.995868 -0.005291 -0.994849 0.090323 -0.046010 -0.045342 0.009435 0.998927
1732024355437050112.000000 -2263.580566 1210.331299 772.608032 0.093194 0.995626 -0.006538 -0.994727 0.092824 -0.043622 -0.042824 0.010569 0.999027
1732024355470391040.000000 -2265.233154 1210.632324 771.149475 0.092824 0.995675 -0.003981 -0.994733 0.092560 -0.044028 -0.043469 0.008047 0.999022
1732024355503732224.000000 -2267.140869 1210.894775 767.010071 0.094867 0.995465 -0.007119 -0.994723 0.094511 -0.039924 -0.039070 0.010869 0.999177
1732024355537073408.000000 -2268.721191 1211.051880 762.653992 0.095574 0.995381 -0.009115 -0.994758 0.095172 -0.037399 -0.036359 0.012642 0.999259
1732024355570414336.000000 -2270.402344 1211.047363 757.067749 0.097000 0.995210 -0.012205 -0.994688 0.096510 -0.035805 -0.034456 0.015613 0.999284
1732024355603755520.000000 -2272.942627 1210.831787 747.901489 0.098764 0.995026 -0.013006 -0.994603 0.098287 -0.033239 -0.031796 0.016218 0.999363
1732024355637096448.000000 -2274.994629 1210.452881 739.481079 0.099163 0.994989 -0.012796 -0.994642 0.098734 -0.030655 -0.029238 0.015767 0.999448
1732024355670437632.000000 -2276.902100 1209.704346 729.963440 0.100859 0.994823 -0.012472 -0.994541 0.100478 -0.028145 -0.026746 0.015243 0.999526
1732024355703778560.000000 -2279.634521 1208.759521 715.735962 0.102837 0.994603 -0.013795 -0.994426 0.102475 -0.024800 -0.023253 0.016269 0.999597
1732024355737118720.000000 -2281.598145 1207.995483 704.157349 0.105434 0.994283 -0.016906 -0.994162 0.105000 -0.024820 -0.022903 0.019424 0.999549
1732024355770459648.000000 -2283.463867 1207.266724 692.041443 0.108013 0.993980 -0.018369 -0.993906 0.107560 -0.024102 -0.021981 0.020860 0.999541
1732024355803800832.000000 -2286.126465 1206.039062 675.061584 0.110589 0.993661 -0.020210 -0.993586 0.110052 -0.025986 -0.023597 0.022954 0.999458
1732024355837142016.000000 -2287.950439 1204.944214 662.012756 0.113183 0.993392 -0.019045 -0.993268 0.112652 -0.026972 -0.024648 0.021970 0.999455
1732024355870482944.000000 -2289.835693 1203.745117 648.800720 0.115900 0.993124 -0.016470 -0.992925 0.115413 -0.027923 -0.025830 0.019590 0.999474
1732024355903824128.000000 -2292.047363 1201.997925 630.538818 0.119721 0.992663 -0.016945 -0.992479 0.119225 -0.027751 -0.025527 0.020140 0.999471
1732024355937165056.000000 -2293.648438 1200.767334 616.766602 0.121706 0.992447 -0.015396 -0.992249 0.121260 -0.027171 -0.025098 0.018583 0.999512
1732024355970506240.000000 -2294.857178 1199.607910 602.255676 0.123729 0.992145 -0.018404 -0.992076 0.123269 -0.024306 -0.021846 0.021266 0.999535
1732024356003847168.000000 -2296.266602 1197.927856 582.819153 0.129932 0.991274 -0.022219 -0.991399 0.129529 -0.018697 -0.015655 0.024457 0.999578
1732024356037188352.000000 -2297.586670 1197.189575 568.126038 0.130218 0.991191 -0.024156 -0.991400 0.129848 -0.016314 -0.013034 0.026073 0.999575
1732024356070529280.000000 -2298.827881 1196.535645 553.367920 0.130770 0.991050 -0.026820 -0.991334 0.130371 -0.016103 -0.012463 0.028693 0.999511
1732024356103870720.000000 -2300.429199 1195.409424 533.273193 0.132076 0.990675 -0.033461 -0.991155 0.131548 -0.017525 -0.012960 0.035479 0.999286
1732024356137211904.000000 -2301.267334 1194.486694 517.623779 0.130791 0.990822 -0.034139 -0.991335 0.130280 -0.016793 -0.012191 0.036040 0.999276
1732024356170552832.000000 -2302.338623 1194.099487 502.020935 0.128247 0.991120 -0.035114 -0.991616 0.127586 -0.020465 -0.015803 0.037444 0.999174
1732024356203892992.000000 -2303.407715 1193.305176 480.597534 0.124592 0.991594 -0.034896 -0.992067 0.123905 -0.021212 -0.016710 0.037262 0.999166
1732024356237233920.000000 -2304.140869 1192.709473 464.598907 0.120300 0.992138 -0.034510 -0.992577 0.119582 -0.022170 -0.017869 0.036920 0.999158
1732024356270575104.000000 -2304.834229 1192.343140 448.698151 0.117357 0.992446 -0.035745 -0.992940 0.116637 -0.021594 -0.017261 0.038026 0.999128
1732024356303916032.000000 -2305.591553 1191.279541 426.983917 0.113766 0.992864 -0.035746 -0.993416 0.113195 -0.017631 -0.013459 0.037517 0.999205
1732024356337257216.000000 -2306.284912 1190.749634 411.742340 0.111142 0.993091 -0.037642 -0.993705 0.110514 -0.018378 -0.014091 0.039448 0.999122
1732024356370598400.000000 -2307.082764 1189.948608 396.608978 0.108400 0.993405 -0.037368 -0.993977 0.107700 -0.020268 -0.016110 0.039340 0.999096
1732024356403941120.000000 -2307.943359 1188.587524 376.626709 0.105435 0.993787 -0.035649 -0.994277 0.104730 -0.021111 -0.017247 0.037671 0.999141
1732024356437284096.000000 -2308.650146 1188.210449 362.581848 0.099445 0.994585 -0.030187 -0.994797 0.098700 -0.025233 -0.022117 0.032539 0.999226
1732024356470626816.000000 -2309.552734 1187.373779 348.510345 0.096933 0.994899 -0.027913 -0.994973 0.096155 -0.027971 -0.025144 0.030484 0.999219
1732024356503969536.000000 -2310.737305 1185.891113 330.063843 0.095806 0.995060 -0.026024 -0.994987 0.094980 -0.031303 -0.028676 0.028893 0.999171
1732024356537312256.000000 -2311.155518 1185.604858 317.466064 0.092366 0.995550 -0.018688 -0.995129 0.091646 -0.036314 -0.034440 0.021952 0.999166
1732024356570655232.000000 -2312.235840 1184.895630 304.551636 0.091495 0.995682 -0.015667 -0.995173 0.090865 -0.037084 -0.035500 0.018984 0.999189
1732024356603998208.000000 -2313.585938 1183.366455 287.611176 0.091634 0.995698 -0.013745 -0.995123 0.091057 -0.037931 -0.036516 0.017153 0.999186
1732024356637339904.000000 -2314.599365 1183.324341 276.413666 0.089822 0.995888 -0.011816 -0.995253 0.089306 -0.038688 -0.037474 0.015235 0.999181
1732024356670682880.000000 -2316.023926 1183.203125 264.889526 0.087319 0.996083 -0.013896 -0.995461 0.086717 -0.039222 -0.037864 0.017258 0.999134
1732024356704025856.000000 -2316.659424 1183.053955 251.831436 0.087361 0.996104 -0.012069 -0.995452 0.086829 -0.039190 -0.037989 0.015438 0.999159
1732024356737368576.000000 -2317.216064 1183.387085 242.450470 0.084770 0.996359 -0.009153 -0.995782 0.084390 -0.036022 -0.035118 0.012167 0.999309
1732024356770711552.000000 -2317.758301 1184.206421 233.859787 0.081124 0.996596 -0.014695 -0.996003 0.080506 -0.038689 -0.037375 0.017775 0.999143
1732024356804054528.000000 -2317.941650 1184.928467 223.068893 0.077638 0.996893 -0.013259 -0.996408 0.077135 -0.034956 -0.033825 0.015925 0.999301
1732024356837397504.000000 -2317.757568 1184.945312 215.249786 0.076977 0.996978 -0.010469 -0.996587 0.076625 -0.030706 -0.029811 0.012796 0.999474
1732024356870740480.000000 -2317.980469 1186.179443 209.136978 0.073705 0.997156 -0.015738 -0.996546 0.073036 -0.039524 -0.038262 0.018597 0.999095
1732024356904083200.000000 -2317.736572 1186.739990 201.184525 0.071483 0.997419 -0.006766 -0.996630 0.071149 -0.040811 -0.040224 0.009660 0.999144
1732024356937426432.000000 -2317.374512 1187.898682 194.932648 0.070344 0.997480 -0.009225 -0.996202 0.069772 -0.052088 -0.051313 0.012854 0.998600
1732024356970769408.000000 -2317.124512 1188.590942 192.609848 0.068737 0.997609 -0.007109 -0.995978 0.068211 -0.058093 -0.057469 0.011073 0.998286
1732024357004112128.000000 -2316.147705 1189.006348 188.863068 0.068690 0.997632 0.003442 -0.995825 0.068773 -0.060017 -0.060111 0.000695 0.998191
1732024357037455360.000000 -2315.548584 1190.396973 188.556717 0.069483 0.997583 0.000371 -0.995320 0.069350 -0.067296 -0.067159 0.004307 0.997733
1732024357070797568.000000 -2314.714355 1190.736572 188.920258 0.072049 0.997401 0.000563 -0.995090 0.071920 -0.068002 -0.067866 0.004339 0.997685
1732024357104140544.000000 -2313.271729 1191.867065 191.799789 0.074538 0.997217 0.001313 -0.995046 0.074462 -0.065868 -0.065783 0.003603 0.997827
1732024357137483264.000000 -2312.073242 1192.204468 195.044357 0.077571 0.996983 0.002604 -0.995051 0.077583 -0.062089 -0.062104 0.002225 0.998067
1732024357170826496.000000 -2310.916504 1192.766113 199.491760 0.079282 0.996850 0.001988 -0.994974 0.079255 -0.061191 -0.061156 0.002874 0.998124
1732024357204169472.000000 -2309.514893 1193.678711 207.062668 0.081509 0.996673 0.000205 -0.994811 0.081369 -0.061074 -0.060887 0.004774 0.998133
1732024357237512704.000000 -2308.493652 1194.601318 213.955032 0.082066 0.996621 0.003487 -0.994852 0.082128 -0.059364 -0.059450 0.001403 0.998230
1732024357270855680.000000 -2307.551758 1194.995483 220.929642 0.082203 0.996614 0.001970 -0.994846 0.082175 -0.059398 -0.059359 0.002922 0.998232
1732024357304198656.000000 -2306.091064 1195.299194 230.627441 0.083150 0.996530 0.003864 -0.994987 0.083236 -0.055425 -0.055554 0.000764 0.998455
1732024357337542144.000000 -2305.289795 1195.995605 238.837921 0.082098 0.996618 0.003634 -0.995122 0.082173 -0.054589 -0.054703 0.000865 0.998502
1732024357370885120.000000 -2304.446533 1196.216919 246.853485 0.082319 0.996606 0.000816 -0.995185 0.082246 -0.053308 -0.053194 0.003577 0.998578
1732024357404226560.000000 -2303.445312 1196.327881 257.674896 0.081116 0.996704 -0.000614 -0.995345 0.080974 -0.052256 -0.052035 0.004850 0.998634
1732024357437568512.000000 -2302.425049 1195.946655 265.835388 0.080317 0.996768 0.001641 -0.995535 0.080299 -0.049626 -0.049597 0.002352 0.998767
1732024357470909952.000000 -2301.974854 1196.667969 275.203735 0.076342 0.997075 -0.003608 -0.995424 0.076006 -0.057916 -0.057472 0.008013 0.998315
1732024357504251392.000000 -2300.911133 1196.140381 287.010651 0.073396 0.997301 -0.001919 -0.995552 0.073153 -0.059374 -0.059073 0.006268 0.998234
1732024357537592064.000000 -2300.495605 1196.575073 297.231873 0.069473 0.997573 -0.004641 -0.995419 0.069015 -0.066171 -0.065690 0.009217 0.997798
1732024357570933504.000000 -2299.751465 1196.445190 307.442078 0.067298 0.997723 -0.004521 -0.995558 0.066852 -0.066300 -0.065847 0.008963 0.997790
1732024357604275456.000000 -2298.820312 1196.400757 321.930481 0.066326 0.997767 -0.007915 -0.995728 0.065675 -0.064901 -0.064236 0.012185 0.997860
1732024357637616896.000000 -2297.964355 1196.336670 333.313538 0.066639 0.997734 -0.009245 -0.995894 0.065941 -0.062019 -0.061269 0.013340 0.998032
1732024357670958592.000000 -2297.159424 1196.308960 345.184265 0.066197 0.997707 -0.014066 -0.996036 0.065233 -0.060480 -0.059424 0.018014 0.998070
