1731492923164935680.000000 -2374.446533 10.631263 140.899551 0.999905 0.000245 0.013785 -0.000314 0.999987 0.005007 -0.013784 -0.005011 0.999892
1731492923198279168.000000 -2374.411377 10.584334 140.874908 0.999903 -0.000112 0.013936 0.000037 0.999986 0.005367 -0.013936 -0.005366 0.999888
1731492923231620864.000000 -2374.400879 10.821466 141.222000 0.999926 -0.001460 0.012099 0.001375 0.999974 0.007015 -0.012109 -0.006998 0.999902
1731492923264961024.000000 -2374.432617 11.206750 141.340668 0.999945 -0.003938 0.009758 0.003897 0.999983 0.004281 -0.009775 -0.004243 0.999943
1731492923298299136.000000 -2374.479492 11.225547 141.367569 0.999946 -0.001952 0.010217 0.001900 0.999985 0.005058 -0.010227 -0.005038 0.999935
1731492923331635200.000000 -2374.495605 11.176196 141.424911 0.999948 -0.001698 0.010059 0.001650 0.999987 0.004808 -0.010067 -0.004791 0.999938
1731492923364969984.000000 -2374.311523 11.143938 141.367966 0.999950 -0.002321 0.009723 0.002282 0.999989 0.004057 -0.009732 -0.004035 0.999945
1731492923398302720.000000 -2374.312744 10.985575 141.300613 0.999952 -0.002592 0.009395 0.002554 0.999989 0.004052 -0.009405 -0.004028 0.999948
1731492923431633408.000000 -2374.306885 11.106417 141.378555 0.999951 -0.002345 0.009657 0.002307 0.999989 0.003984 -0.009666 -0.003962 0.999945
1731492923464963072.000000 -2374.325195 10.968866 141.257355 0.999955 -0.002356 0.009194 0.002325 0.999992 0.003357 -0.009202 -0.003336 0.999952
1731492923498290176.000000 -2374.353516 11.117169 141.309601 0.999950 -0.002349 0.009755 0.002314 0.999991 0.003591 -0.009763 -0.003568 0.999946
1731492923531615744.000000 -2374.351074 11.104574 141.329361 0.999954 -0.002183 0.009367 0.002155 0.999993 0.003026 -0.009374 -0.003006 0.999952
1731492923564939776.000000 -2374.369385 11.152901 141.303329 0.999951 -0.002161 0.009623 0.002129 0.999992 0.003401 -0.009630 -0.003380 0.999948
1731492923598260736.000000 -2374.326904 11.046371 141.330917 0.999952 -0.002414 0.009539 0.002376 0.999989 0.003928 -0.009549 -0.003906 0.999947
1731492923631580928.000000 -2374.283936 11.013074 141.271317 0.999948 -0.002567 0.009831 0.002528 0.999989 0.004006 -0.009841 -0.003980 0.999944
1731492923664899072.000000 -2374.252441 10.718488 141.022675 0.999938 -0.001208 0.011071 0.001190 0.999998 0.001702 -0.011073 -0.001689 0.999937
1731492923698215936.000000 -2374.268311 10.685029 141.047363 0.999936 -0.001084 0.011248 0.001062 0.999998 0.001944 -0.011250 -0.001932 0.999935
1731492923731531008.000000 -2374.266113 10.734947 141.010696 0.999934 -0.001302 0.011429 0.001280 0.999997 0.001935 -0.011432 -0.001920 0.999933
1731492923764843776.000000 -2374.314209 10.731503 141.019867 0.999928 -0.000842 0.011932 0.000814 0.999997 0.002394 -0.011934 -0.002384 0.999926
1731492923798155008.000000 -2374.321777 10.644437 140.899979 0.999903 0.000351 0.013927 -0.000410 0.999991 0.004226 -0.013925 -0.004231 0.999894
1731492923831464192.000000 -2374.288574 10.510982 140.866730 0.999911 -0.000169 0.013336 0.000113 0.999991 0.004197 -0.013337 -0.004195 0.999902
1731492923864772096.000000 -2374.044434 10.510227 140.904953 0.999920 0.000696 0.012599 -0.000744 0.999993 0.003772 -0.012596 -0.003781 0.999914
1731492923898078720.000000 -2374.400391 10.610807 140.651108 0.999867 -0.001187 0.016261 0.001074 0.999976 0.006914 -0.016269 -0.006895 0.999844
1731492923931358464.000000 -2375.154297 10.048285 141.353149 0.999969 -0.000675 0.007856 0.000683 0.999999 -0.001091 -0.007855 0.001096 0.999969
1731492923964635136.000000 -2374.996338 10.126370 141.215576 0.999953 -0.000531 0.009641 0.000525 1.000000 0.000572 -0.009642 -0.000567 0.999953
1731492923997908480.000000 -2374.899658 10.136681 141.123306 0.999946 -0.000629 0.010396 0.000617 0.999999 0.001167 -0.010397 -0.001161 0.999945
1731492924031177984.000000 -2374.834717 10.115870 141.097092 0.999945 -0.000513 0.010462 0.000500 0.999999 0.001210 -0.010462 -0.001204 0.999945
1731492924064444928.000000 -2374.880859 10.102777 141.115585 0.999946 -0.000430 0.010340 0.000416 0.999999 0.001343 -0.010341 -0.001338 0.999946
1731492924097709056.000000 -2374.838135 10.111637 141.113388 0.999945 -0.000427 0.010521 0.000414 0.999999 0.001246 -0.010521 -0.001242 0.999944
1731492924130970112.000000 -2374.853271 10.101031 141.119888 0.999945 -0.000477 0.010481 0.000461 0.999999 0.001484 -0.010482 -0.001479 0.999944
1731492924164227840.000000 -2374.849121 10.102705 141.117874 0.999946 -0.000502 0.010406 0.000486 0.999999 0.001520 -0.010407 -0.001515 0.999945
1731492924197482240.000000 -2374.837402 10.101289 141.105957 0.999945 -0.000576 0.010501 0.000561 0.999999 0.001486 -0.010502 -0.001481 0.999944
1731492924230733568.000000 -2374.828857 10.104741 141.107086 0.999945 -0.000504 0.010450 0.000487 0.999999 0.001660 -0.010451 -0.001655 0.999944
1731492924263982080.000000 -2374.933594 10.205844 141.179657 0.999941 -0.000140 0.010841 0.000113 0.999997 0.002493 -0.010842 -0.002492 0.999938
1731492924297227264.000000 -2374.972900 10.308623 141.187637 0.999942 0.000214 0.010801 -0.000247 0.999995 0.003057 -0.010800 -0.003059 0.999937
1731492924330469376.000000 -2375.093262 10.441362 141.284164 0.999943 -0.000624 0.010697 0.000591 0.999995 0.003098 -0.010699 -0.003092 0.999938
1731492924363707904.000000 -2375.170410 10.291820 141.270004 0.999956 -0.000698 0.009368 0.000688 0.999999 0.001090 -0.009369 -0.001084 0.999956
1731492924396943616.000000 -2375.182373 10.321148 141.263016 0.999954 -0.000835 0.009567 0.000820 0.999998 0.001614 -0.009569 -0.001606 0.999953
1731492924430176256.000000 -2375.175537 10.297558 141.240677 0.999952 -0.000999 0.009693 0.000982 0.999998 0.001760 -0.009695 -0.001751 0.999951
1731492924463405824.000000 -2375.159912 10.318445 141.200836 0.999950 -0.000878 0.009958 0.000858 0.999998 0.002007 -0.009959 -0.001998 0.999948
1731492924496630784.000000 -2375.147217 10.280285 141.182785 0.999952 -0.000907 0.009749 0.000887 0.999997 0.002084 -0.009751 -0.002075 0.999950
1731492924529853952.000000 -2375.137695 10.315834 141.195358 0.999952 -0.001210 0.009683 0.001176 0.999993 0.003575 -0.009688 -0.003564 0.999947
1731492924563074048.000000 -2375.151855 10.245245 141.141602 0.999954 -0.001415 0.009442 0.001386 0.999994 0.003089 -0.009446 -0.003076 0.999951
1731492924596290816.000000 -2375.101318 10.202978 141.099335 0.999955 -0.001351 0.009438 0.001325 0.999995 0.002742 -0.009442 -0.002729 0.999952
1731492924629504512.000000 -2374.883301 10.162167 141.408142 0.999984 -0.000633 0.005610 0.000640 0.999999 -0.001193 -0.005609 0.001196 0.999984
1731492924662714880.000000 -2374.835693 10.196877 141.337601 0.999983 -0.000658 0.005779 0.000665 0.999999 -0.001179 -0.005779 0.001183 0.999983
1731492924695922432.000000 -2374.827881 10.179193 141.395523 0.999984 -0.000535 0.005690 0.000542 0.999999 -0.001309 -0.005690 0.001312 0.999983
1731492924729126400.000000 -2374.901367 10.147987 141.451172 0.999985 -0.000539 0.005401 0.000548 0.999999 -0.001608 -0.005400 0.001611 0.999984
1731492924762327552.000000 -2375.153809 10.214391 141.425873 0.999967 -0.001512 0.008025 0.001508 0.999999 0.000515 -0.008026 -0.000503 0.999968
1731492924795525376.000000 -2375.045166 10.230751 141.475342 0.999949 -0.001225 0.010073 0.001224 0.999999 0.000129 -0.010073 -0.000117 0.999949
1731492924828720384.000000 -2375.022461 10.549583 141.796875 0.999906 -0.000157 0.013737 0.000144 1.000000 0.000943 -0.013737 -0.000941 0.999905
1731492924861912064.000000 -2374.978760 11.463011 142.925018 0.999893 0.000792 0.014639 -0.000731 0.999991 -0.004234 -0.014642 0.004223 0.999884
1731492924895101440.000000 -2374.936768 12.197994 144.128769 0.999908 -0.000476 0.013530 0.000628 0.999937 -0.011229 -0.013524 0.011237 0.999845
1731492924928442880.000000 -2375.000488 12.924108 146.179993 0.999945 -0.000707 0.010483 0.000929 0.999776 -0.021155 -0.010465 0.021164 0.999721
1731492924961785600.000000 -2375.039307 13.000375 147.129318 0.999919 0.002118 0.012538 -0.001882 0.999822 -0.018772 -0.012575 0.018747 0.999745
1731492924995128064.000000 -2375.121338 12.167669 148.347778 0.999900 0.001315 0.014062 -0.001251 0.999989 -0.004569 -0.014067 0.004551 0.999891
1731492925028471040.000000 -2375.326172 11.250195 150.282654 0.999883 0.000769 0.015292 -0.000936 0.999940 0.010899 -0.015282 -0.010912 0.999824
1731492925061813760.000000 -2375.565674 10.155350 153.621338 0.999870 0.001216 0.016075 -0.001684 0.999574 0.029131 -0.016033 -0.029154 0.999446
1731492925095156736.000000 -2376.023682 9.289708 156.998474 0.999902 -0.000281 0.014001 -0.000170 0.999482 0.032174 -0.014003 -0.032173 0.999384
1731492925128499968.000000 -2376.450928 8.724019 161.204514 0.999901 -0.002115 0.013927 0.001698 0.999552 0.029882 -0.013984 -0.029856 0.999456
1731492925161843200.000000 -2377.347900 7.319151 169.480164 0.999905 -0.005999 0.012433 0.005740 0.999767 0.020805 -0.012555 -0.020731 0.999706
1731492925195186944.000000 -2377.882812 6.027068 175.232147 0.999879 -0.009472 0.012380 0.009221 0.999754 0.020169 -0.012568 -0.020052 0.999720
1731492925228530688.000000 -2378.841309 4.245419 181.793518 0.999839 -0.013523 0.011793 0.013326 0.999772 0.016675 -0.012015 -0.016515 0.999791
1731492925261874176.000000 -2379.456299 2.616219 189.575699 0.999794 -0.016279 0.012114 0.016077 0.999734 0.016548 -0.012380 -0.016350 0.999790
1731492925295217920.000000 -2380.222168 0.606229 198.837708 0.999732 -0.021979 0.007307 0.021895 0.999695 0.011440 -0.007556 -0.011277 0.999908
1731492925328562176.000000 -2381.477051 -3.165439 220.604141 0.999658 -0.026098 0.001770 0.026076 0.999594 0.011466 -0.002069 -0.011416 0.999933
1731492925361905408.000000 -2381.949951 -5.492628 232.718826 0.999585 -0.028724 -0.001995 0.028747 0.999507 0.012591 0.001632 -0.012643 0.999919
1731492925395249920.000000 -2382.430908 -7.494955 245.503510 0.999611 -0.027812 -0.001817 0.027833 0.999528 0.012979 0.001455 -0.013025 0.999914
1731492925428594432.000000 -2383.017090 -8.632436 254.244354 0.999587 -0.028634 -0.002489 0.028668 0.999475 0.015062 0.002057 -0.015127 0.999883
1731492925461938944.000000 -2383.096436 -10.594140 266.899445 0.999558 -0.029648 -0.002243 0.029686 0.999372 0.019323 0.001669 -0.019381 0.999811
1731492925495283456.000000 -2383.514893 -12.602820 279.298157 0.999641 -0.026777 -0.000029 0.026772 0.999448 0.019695 -0.000499 -0.019689 0.999806
1731492925528628224.000000 -2383.842773 -13.979339 291.567932 0.999702 -0.024320 0.001968 0.024273 0.999477 0.021357 -0.002486 -0.021303 0.999770
1731492925561973504.000000 -2384.003174 -15.893189 306.871002 0.999696 -0.024110 0.005217 0.023993 0.999485 0.021309 -0.005728 -0.021178 0.999759
1731492925595318784.000000 -2384.543457 -16.836361 318.330414 0.999708 -0.023303 0.006392 0.023178 0.999552 0.018956 -0.006831 -0.018802 0.999800
1731492925628664064.000000 -2384.545898 -17.653595 329.431519 0.999698 -0.023625 0.006773 0.023496 0.999551 0.018570 -0.007209 -0.018405 0.999805
1731492925662009600.000000 -2384.331055 -18.927345 343.699158 0.999667 -0.024882 0.006771 0.024755 0.999529 0.018151 -0.007219 -0.017977 0.999812
1731492925695355136.000000 -2384.105225 -19.395426 354.443176 0.999671 -0.024711 0.006926 0.024584 0.999538 0.017877 -0.007365 -0.017701 0.999816
1731492925728700928.000000 -2383.690674 -20.183908 364.682831 0.999644 -0.026000 0.006072 0.025879 0.999479 0.019267 -0.006570 -0.019103 0.999796
1731492925762046720.000000 -2383.974365 -20.404345 378.212280 0.999598 -0.027732 0.005876 0.027611 0.999421 0.019859 -0.006423 -0.019689 0.999786
1731492925795393024.000000 -2383.981689 -20.748846 387.657776 0.999568 -0.028806 0.005861 0.028671 0.999349 0.021879 -0.006488 -0.021702 0.999743
1731492925828738304.000000 -2384.295654 -20.734283 397.022430 0.999554 -0.029305 0.005784 0.029160 0.999294 0.023689 -0.006474 -0.023510 0.999703
1731492925862084608.000000 -2384.962402 -20.740454 408.828125 0.999500 -0.031028 0.006099 0.030889 0.999287 0.021707 -0.006768 -0.021508 0.999746
1731492925895431168.000000 -2385.686035 -20.436466 417.462494 0.999503 -0.031033 0.005480 0.030909 0.999292 0.021451 -0.006141 -0.021271 0.999755
1731492925928785152.000000 -2386.590576 -20.244442 425.996735 0.999433 -0.033460 0.003849 0.033372 0.999222 0.021020 -0.004550 -0.020880 0.999772
1731492925962139648.000000 -2387.527344 -19.980867 436.936584 0.999394 -0.034756 0.001629 0.034716 0.999196 0.020035 -0.002324 -0.019966 0.999798
1731492925995494656.000000 -2388.217529 -19.795557 444.760284 0.999361 -0.035753 -0.000080 0.035748 0.999152 0.020447 -0.000651 -0.020437 0.999791
1731492926028850176.000000 -2388.998779 -19.607920 452.350555 0.999338 -0.036367 -0.000273 0.036364 0.999093 0.022143 -0.000533 -0.022139 0.999755
1731492926062205696.000000 -2390.111572 -19.232225 462.186371 0.999254 -0.038607 -0.000774 0.038614 0.998918 0.025912 -0.000227 -0.025923 0.999664
1731492926095561984.000000 -2390.890137 -18.922171 469.429169 0.999236 -0.039065 -0.000783 0.039072 0.998865 0.027244 -0.000282 -0.027253 0.999629
1731492926128918528.000000 -2391.398926 -18.942766 476.354370 0.999189 -0.040202 -0.002099 0.040246 0.998764 0.029163 0.000924 -0.029224 0.999572
1731492926162276096.000000 -2391.365234 -18.838789 485.029602 0.999251 -0.038642 -0.001845 0.038682 0.998747 0.031746 0.000616 -0.031793 0.999494
1731492926195633408.000000 -2391.743408 -18.820175 491.482422 0.999228 -0.039174 -0.003068 0.039253 0.998706 0.032340 0.001798 -0.032436 0.999472
1731492926228991488.000000 -2391.676025 -19.179817 497.791229 0.999264 -0.038006 -0.005161 0.038148 0.998787 0.031148 0.003971 -0.031322 0.999501
1731492926262348544.000000 -2391.441162 -19.726141 505.878815 0.999291 -0.037016 -0.006859 0.037207 0.998855 0.030087 0.005738 -0.030321 0.999524
1731492926295707392.000000 -2390.893555 -20.323568 512.013672 0.999383 -0.034611 -0.006038 0.034774 0.998962 0.029414 0.005013 -0.029606 0.999549
1731492926329066752.000000 -2390.467041 -20.966642 518.445984 0.999424 -0.033576 -0.004918 0.033699 0.999052 0.027556 0.003988 -0.027706 0.999608
1731492926362426624.000000 -2389.876221 -22.151974 527.188049 0.999450 -0.032795 -0.004837 0.032902 0.999169 0.024063 0.004044 -0.024209 0.999699
1731492926395786496.000000 -2389.471680 -23.036575 534.139587 0.999445 -0.032963 -0.004876 0.033061 0.999223 0.021447 0.004165 -0.021597 0.999758
1731492926429146880.000000 -2388.598877 -24.222145 540.733215 0.999463 -0.032686 -0.002239 0.032727 0.999228 0.021722 0.001527 -0.021784 0.999762
1731492926462508032.000000 -2387.924561 -25.902325 549.836487 0.999461 -0.032685 -0.003099 0.032739 0.999281 0.019146 0.002471 -0.019237 0.999812
1731492926495869184.000000 -2387.115479 -27.339451 556.359375 0.999485 -0.031988 -0.002420 0.032030 0.999295 0.019581 0.001792 -0.019648 0.999805
1731492926529231104.000000 -2386.258545 -28.323105 562.745483 0.999536 -0.030430 0.000972 0.030398 0.999242 0.024328 -0.001711 -0.024287 0.999704
1731492926562593280.000000 -2385.139404 -30.168726 570.854797 0.999542 -0.030256 0.000897 0.030224 0.999232 0.024927 -0.001650 -0.024889 0.999689
1731492926595955968.000000 -2384.855469 -31.168005 577.089111 0.999474 -0.032422 -0.000676 0.032429 0.999213 0.022859 -0.000066 -0.022869 0.999738
1731492926629318912.000000 -2384.527344 -32.129803 583.345093 0.999432 -0.033401 -0.004556 0.033475 0.999288 0.017423 0.003971 -0.017566 0.999838
1731492926662682368.000000 -2383.922363 -33.374432 591.395752 0.999328 -0.036049 -0.006689 0.036127 0.999276 0.011929 0.006254 -0.012162 0.999906
1731492926696045056.000000 -2383.347412 -34.684635 599.315430 0.999232 -0.038653 -0.006387 0.038706 0.999216 0.008313 0.006061 -0.008554 0.999945
1731492926729409536.000000 -2382.912842 -36.120712 607.382568 0.999056 -0.043028 -0.005997 0.043054 0.999064 0.004176 0.005811 -0.004430 0.999973
1731492926762774272.000000 -2382.742920 -36.733845 611.387695 0.998949 -0.045400 -0.006233 0.045426 0.998960 0.004046 0.006043 -0.004324 0.999972
1731492926796139520.000000 -2382.489746 -37.470577 617.554321 0.998783 -0.048857 -0.006679 0.048883 0.998797 0.003880 0.006482 -0.004202 0.999970
1731492926829505280.000000 -2382.318359 -38.273712 623.590820 0.998579 -0.052691 -0.008011 0.052754 0.998577 0.007790 0.007589 -0.008202 0.999938
1731492926862871296.000000 -2382.070557 -39.266476 631.505920 0.998289 -0.057667 -0.009627 0.057794 0.998237 0.013550 0.008829 -0.014083 0.999862
1731492926896237312.000000 -2381.825195 -39.915607 637.451294 0.998057 -0.061283 -0.011289 0.061481 0.997943 0.018164 0.010153 -0.018822 0.999771
1731492926929579520.000000 -2381.695557 -40.483765 643.000061 0.997897 -0.064076 -0.009802 0.064300 0.997629 0.024521 0.008208 -0.025099 0.999651
1731492926962921728.000000 -nan -nan -nan -nan -nan -nan -nan -nan -nan -nan -nan -nan
1731492926996263680.000000 -nan -nan -nan -nan -nan -nan -nan -nan -nan -nan -nan -nan
1731492927029606144.000000 -nan -nan -nan -nan -nan -nan -nan -nan -nan -nan -nan -nan
1731492927062948352.000000 -2381.384033 -44.454857 665.511536 0.997475 -0.069590 -0.014171 0.070027 0.996994 0.033147 0.011822 -0.034056 0.999350
1731492927096290304.000000 -2381.649658 -45.445038 669.347595 0.997366 -0.070411 -0.017390 0.070936 0.996978 0.031684 0.015106 -0.032834 0.999347
1731492927129632768.000000 -nan -nan -nan -nan -nan -nan -nan -nan -nan -nan -nan -nan
1731492927162973952.000000 -nan -nan -nan -nan -nan -nan -nan -nan -nan -nan -nan -nan
1731492927196315904.000000 -nan -nan -nan -nan -nan -nan -nan -nan -nan -nan -nan -nan
1731492927229658112.000000 -nan -nan -nan -nan -nan -nan -nan -nan -nan -nan -nan -nan
1731492927263000576.000000 -nan -nan -nan -nan -nan -nan -nan -nan -nan -nan -nan -nan
1731492927296342784.000000 -nan -nan -nan -nan -nan -nan -nan -nan -nan -nan -nan -nan
1731492927329685248.000000 -nan -nan -nan -nan -nan -nan -nan -nan -nan -nan -nan -nan
1731492927363027200.000000 -nan -nan -nan -nan -nan -nan -nan -nan -nan -nan -nan -nan
1731492927396369408.000000 -nan -nan -nan -nan -nan -nan -nan -nan -nan -nan -nan -nan
1731492927429711872.000000 -2383.445557 -53.038734 685.520752 0.997827 -0.065882 0.000552 0.065857 0.997619 0.020475 -0.001899 -0.020394 0.999790
1731492927463053824.000000 -2384.567871 -53.136993 686.525330 0.997812 -0.066069 0.002622 0.066008 0.997639 0.018982 -0.003870 -0.018768 0.999816
1731492927496396288.000000 -2385.675293 -53.084000 687.563110 0.997735 -0.067147 0.004019 0.067062 0.997577 0.018517 -0.005252 -0.018206 0.999820
1731492927529738752.000000 -2386.760254 -53.074692 688.605225 0.997567 -0.069567 0.004619 0.069455 0.997360 0.021209 -0.006082 -0.020836 0.999764
1731492927563080704.000000 -2388.617188 -52.256134 690.358948 0.997282 -0.073470 0.005560 0.073299 0.996961 0.026394 -0.007482 -0.025914 0.999636
1731492927596421888.000000 -nan -nan -nan -nan -nan -nan -nan -nan -nan -nan -nan -nan
1731492927629764096.000000 -nan -nan -nan -nan -nan -nan -nan -nan -nan -nan -nan -nan
1731492927663106560.000000 -nan -nan -nan -nan -nan -nan -nan -nan -nan -nan -nan -nan
1731492927696448768.000000 -2395.759033 -48.946552 695.754089 0.995964 -0.088961 0.011877 0.088522 0.995514 0.033404 -0.014795 -0.032218 0.999371
1731492927729791232.000000 -2397.188721 -48.039783 696.971741 0.995645 -0.092352 0.012770 0.091810 0.995052 0.037982 -0.016214 -0.036644 0.999197
1731492927763133184.000000 -2399.083008 -46.270512 698.869812 0.995242 -0.096570 0.012983 0.095936 0.994466 0.042828 -0.017047 -0.041378 0.998998
1731492927796475648.000000 -2400.508789 -44.776424 700.228699 0.994985 -0.099164 0.013122 0.098433 0.993991 0.047889 -0.017792 -0.046358 0.998766
1731492927829818368.000000 -2401.647461 -42.759346 701.813232 0.994762 -0.101507 0.012010 0.100782 0.993627 0.050482 -0.017058 -0.049007 0.998653
1731492927863160320.000000 -2403.062744 -39.854523 703.757446 0.994499 -0.104194 0.010767 0.103503 0.993272 0.051943 -0.016107 -0.050543 0.998592
1731492927896502784.000000 -2404.000488 -37.311245 705.184143 0.994443 -0.104982 0.007882 0.104439 0.993188 0.051676 -0.013253 -0.050566 0.998633
1731492927929843200.000000 -2404.979004 -34.572990 706.376892 0.994388 -0.105641 0.005757 0.105195 0.993059 0.052614 -0.011275 -0.051713 0.998598
1731492927963183616.000000 -2406.237549 -30.636972 707.639587 0.994606 -0.103605 0.004932 0.103184 0.993160 0.054654 -0.010561 -0.053850 0.998493
1731492927996524032.000000 -2407.128906 -27.503601 708.260071 0.994854 -0.101190 0.005149 0.100739 0.993305 0.056535 -0.010835 -0.055726 0.998387
1731492928029863936.000000 -2408.020996 -24.298643 708.651428 0.995175 -0.097907 0.006368 0.097379 0.993565 0.057850 -0.011991 -0.056951 0.998305
1731492928063204096.000000 -2408.946289 -19.562611 708.691650 0.995682 -0.092418 0.008765 0.091705 0.993865 0.061832 -0.014425 -0.060761 0.998048
1731492928096544768.000000 -2409.383789 -16.034044 708.484741 0.996074 -0.088047 0.009205 0.087286 0.994139 0.063779 -0.014766 -0.062725 0.997922
1731492928129884928.000000 -2409.664795 -12.198600 708.426636 0.996509 -0.082918 0.009739 0.082147 0.994632 0.062924 -0.014904 -0.061904 0.997971
1731492928163225600.000000 -2409.676025 -7.264855 708.284912 0.996996 -0.076906 0.009167 0.076208 0.995222 0.061035 -0.013817 -0.060153 0.998094
1731492928196565760.000000 -2409.720703 -3.154265 708.491455 0.997332 -0.072399 0.009354 0.071742 0.995750 0.057753 -0.013496 -0.056928 0.998287
1731492928229906432.000000 -2409.176514 0.663872 708.563416 0.997679 -0.067287 0.010464 0.066606 0.996230 0.055582 -0.014164 -0.054756 0.998399
1731492928263246848.000000 -2408.478516 6.342610 708.770142 0.998092 -0.060995 0.009606 0.060396 0.996735 0.053585 -0.012843 -0.052902 0.998517
1731492928296587264.000000 -2407.376709 10.807057 708.509888 0.998299 -0.057246 0.011021 0.056562 0.996902 0.054661 -0.014116 -0.053945 0.998444
1731492928329927424.000000 -2406.192627 15.639600 708.345276 0.998512 -0.053472 0.010746 0.052813 0.997127 0.054306 -0.013619 -0.053657 0.998467
1731492928363267840.000000 -2404.218018 22.363443 707.874207 0.998827 -0.047834 0.007464 0.047380 0.997508 0.052270 -0.009946 -0.051855 0.998605
1731492928396608000.000000 -2402.486084 27.974459 707.432739 0.999063 -0.042882 0.005766 0.042539 0.997829 0.050271 -0.007909 -0.049979 0.998719
1731492928429948672.000000 -2400.684082 33.636021 707.262634 0.999194 -0.040127 0.000450 0.040065 0.998150 0.045738 -0.002284 -0.045684 0.998953
1731492928463288832.000000 -2397.805908 41.416515 706.511353 0.999407 -0.034306 -0.003016 0.034399 0.998597 0.040248 0.001631 -0.040327 0.999185
1731492928496628224.000000 -nan -nan -nan -nan -nan -nan -nan -nan -nan -nan -nan -nan
1731492928529968384.000000 -2393.077637 54.080063 705.403870 0.999628 -0.027160 -0.002451 0.027228 0.999036 0.034440 0.001513 -0.034494 0.999404
1731492928563308800.000000 -2390.373047 63.289150 705.489441 0.999679 -0.025198 -0.002729 0.025256 0.999390 0.024113 0.002119 -0.024174 0.999706
1731492928596648960.000000 -2387.520752 70.054108 705.364746 0.999695 -0.024696 -0.000216 0.024695 0.999452 0.022058 -0.000328 -0.022057 0.999757
1731492928629989120.000000 -2385.062500 77.601570 705.691956 0.999738 -0.022891 -0.000468 0.022896 0.999568 0.018438 0.000046 -0.018444 0.999830
1731492928663329280.000000 -2381.508545 87.300095 705.784058 0.999698 -0.024134 -0.004715 0.024217 0.999535 0.018506 0.004266 -0.018615 0.999818
1731492928696669696.000000 -2378.993652 96.022118 706.763916 0.999828 -0.018386 -0.002572 0.018417 0.999754 0.012318 0.002345 -0.012363 0.999921
1731492928730009856.000000 -2374.861816 106.723717 706.976257 0.999858 -0.016538 -0.003253 0.016572 0.999805 0.010770 0.003074 -0.010823 0.999937
1731492928763349760.000000 -2372.125488 114.962959 707.358765 0.999885 -0.014685 -0.003790 0.014723 0.999840 0.010186 0.003639 -0.010241 0.999941
1731492928796689920.000000 -2369.584229 122.891434 707.431641 0.999873 -0.014764 -0.006068 0.014803 0.999869 0.006532 0.005970 -0.006621 0.999960
1731492928830030080.000000 -2366.027344 133.785263 706.814026 0.999917 -0.012581 -0.002630 0.012604 0.999880 0.009006 0.002516 -0.009039 0.999956
1731492928863370496.000000 -2362.380859 144.851791 705.854797 0.999949 -0.009679 0.002747 0.009658 0.999924 0.007695 -0.002821 -0.007668 0.999967
1731492928896710400.000000 -2358.910156 155.596039 704.608459 0.999949 -0.009315 0.003979 0.009291 0.999938 0.006123 -0.004036 -0.006085 0.999973
1731492928930051072.000000 -2357.305420 161.133957 703.700745 0.999934 -0.010251 0.005165 0.010216 0.999925 0.006769 -0.005234 -0.006716 0.999964
1731492928963393024.000000 -2354.732422 169.252502 702.036011 0.999923 -0.010734 0.006164 0.010676 0.999900 0.009293 -0.006263 -0.009226 0.999938
1731492928996734720.000000 -2352.616455 177.971451 701.012573 0.999933 -0.009124 0.007058 0.009071 0.999931 0.007414 -0.007125 -0.007349 0.999948
1731492929030076416.000000 -2350.868652 186.545959 700.188782 0.999951 -0.006877 0.007174 0.006827 0.999952 0.006957 -0.007221 -0.006908 0.999950
1731492929063417856.000000 -2348.352539 197.371704 698.874878 0.999956 -0.008841 0.003212 0.008820 0.999941 0.006418 -0.003268 -0.006389 0.999974
1731492929096759808.000000 -2346.707764 205.637360 698.097290 0.999964 -0.008075 0.002427 0.008060 0.999950 0.005992 -0.002475 -0.005972 0.999979
1731492929130101760.000000 -2345.016602 213.421188 697.356689 0.999968 -0.007948 0.001238 0.007939 0.999943 0.007206 -0.001296 -0.007196 0.999973
1731492929163443200.000000 -2343.045166 224.583740 696.723328 0.999960 -0.002907 0.008441 0.002831 0.999955 0.009037 -0.008467 -0.009013 0.999924
1731492929196785152.000000 -2341.473877 232.018829 696.226135 0.999964 -0.000589 0.008448 0.000513 0.999960 0.008967 -0.008453 -0.008962 0.999924
1731492929230127104.000000 -2340.075928 239.639816 695.983765 0.999936 0.002155 0.011107 -0.002303 0.999909 0.013263 -0.011077 -0.013288 0.999850
1731492929263468544.000000 -2339.153564 249.134354 696.226013 0.999967 0.002625 0.007703 -0.002718 0.999923 0.012105 -0.007670 -0.012126 0.999897
1731492929296810496.000000 -2338.330322 256.056641 696.283020 0.999956 0.002331 0.009128 -0.002496 0.999834 0.018076 -0.009084 -0.018098 0.999795
1731492929330151936.000000 -2337.654541 264.544373 696.603760 0.999979 0.001623 0.006277 -0.001752 0.999788 0.020540 -0.006242 -0.020551 0.999769
1731492929363492864.000000 -2337.239014 271.388580 697.035522 0.999939 0.003952 0.010277 -0.004190 0.999720 0.023305 -0.010182 -0.023346 0.999676
1731492929396834816.000000 -2336.913818 277.528717 697.534180 0.999957 0.003772 0.008431 -0.003984 0.999675 0.025178 -0.008333 -0.025210 0.999647
1731492929430176512.000000 -2336.358643 285.910522 698.315369 0.999954 0.004339 0.008535 -0.004580 0.999587 0.028383 -0.008408 -0.028421 0.999561
1731492929463518464.000000 -2336.440918 292.570312 699.354553 0.999964 0.005129 0.006747 -0.005303 0.999649 0.025971 -0.006612 -0.026006 0.999640
1731492929496859904.000000 -2336.475098 299.196747 700.226074 0.999985 0.003892 0.003773 -0.003982 0.999701 0.024108 -0.003678 -0.024122 0.999702
1731492929530201856.000000 -2336.232422 305.754120 700.916809 0.999985 0.004025 0.003587 -0.004113 0.999688 0.024643 -0.003486 -0.024658 0.999690
1731492929563543808.000000 -2335.836426 314.269958 701.735657 0.999996 0.002762 0.000242 -0.002767 0.999698 0.024437 -0.000175 -0.024438 0.999701
1731492929596885504.000000 -2335.459961 321.198212 702.055908 0.999990 0.002940 0.003343 -0.003034 0.999587 0.028588 -0.003258 -0.028598 0.999586
1731492929630227200.000000 -2334.889648 330.516357 702.545288 0.999983 0.004337 0.003868 -0.004459 0.999475 0.032104 -0.003727 -0.032120 0.999477
1731492929663569152.000000 -2334.771973 337.842499 702.985413 0.999970 0.005377 0.005615 -0.005561 0.999429 0.033321 -0.005432 -0.033351 0.999429
1731492929696910848.000000 -2334.743408 344.580780 703.269409 0.999991 0.004090 0.001280 -0.004129 0.999475 0.032130 -0.001148 -0.032135 0.999483
1731492929730252800.000000 -2334.302002 353.882172 703.369202 0.999989 0.004423 0.001468 -0.004474 0.999328 0.036393 -0.001306 -0.036399 0.999336
1731492929763594752.000000 -2333.512695 360.818756 703.156616 0.999955 0.007018 0.006338 -0.007278 0.999095 0.041905 -0.006038 -0.041949 0.999101
1731492929796936192.000000 -2333.148193 367.800446 703.350891 0.999942 0.008215 0.006897 -0.008492 0.999115 0.041197 -0.006552 -0.041253 0.999127
1731492929830277120.000000 -2332.901855 374.538879 703.498413 0.999942 0.008078 0.007148 -0.008386 0.998988 0.044191 -0.006783 -0.044248 0.998998
1731492929863618816.000000 -2332.739502 382.968750 703.645264 0.999962 0.006874 0.005386 -0.007107 0.998982 0.044554 -0.005074 -0.044591 0.998992
1731492929896960768.000000 -2332.490967 389.423126 703.870728 0.999972 0.006155 0.004210 -0.006334 0.999009 0.044057 -0.003934 -0.044082 0.999020
1731492929930302720.000000 -2331.746826 397.557800 703.702087 0.999949 0.007146 0.007179 -0.007489 0.998769 0.049040 -0.006820 -0.049091 0.998771
1731492929963644160.000000 -2331.345215 403.564972 703.872986 0.999929 0.007449 0.009274 -0.007908 0.998693 0.050497 -0.008886 -0.050567 0.998681
1731492929996986112.000000 -2330.959961 409.048920 704.131409 0.999920 0.008452 0.009403 -0.008922 0.998652 0.051130 -0.008959 -0.051210 0.998648
1731492930030327552.000000 -2330.397705 415.774994 704.386414 0.999919 0.008802 0.009182 -0.009292 0.998457 0.054738 -0.008686 -0.054819 0.998459
1731492930063669504.000000 -2330.206787 420.601013 704.933960 0.999904 0.009876 0.009757 -0.010425 0.998272 0.057828 -0.009169 -0.057924 0.998279
1731492930097011200.000000 -2330.001465 424.525421 705.058533 0.999898 0.009850 0.010378 -0.010482 0.997980 0.062652 -0.009740 -0.062755 0.997981
1731492930130352896.000000 -2329.803223 428.998840 705.524658 0.999873 0.010272 0.012204 -0.011074 0.997651 0.067596 -0.011481 -0.067723 0.997638
1731492930163694848.000000 -2329.803467 432.205627 706.030457 0.999895 0.009575 0.010916 -0.010299 0.997612 0.068297 -0.010236 -0.068402 0.997605
1731492930197036800.000000 -2329.837158 434.815216 706.271484 0.999874 0.009598 0.012623 -0.010482 0.997360 0.071862 -0.011900 -0.071985 0.997335
1731492930230378496.000000 -2329.979492 437.650726 706.387268 0.999878 0.008928 0.012808 -0.009862 0.997153 0.074755 -0.012104 -0.074872 0.997120
1731492930263719168.000000 -2330.186279 439.406708 706.761475 0.999886 0.008483 0.012453 -0.009405 0.997066 0.075969 -0.011773 -0.076078 0.997032
1731492930297060608.000000 -2330.386475 440.785675 707.191833 0.999891 0.008438 0.012133 -0.009362 0.996897 0.078153 -0.011436 -0.078258 0.996868
1731492930330402560.000000 -2330.750000 441.783569 707.705078 0.999903 0.008530 0.011051 -0.009400 0.996648 0.081269 -0.010321 -0.081365 0.996631
1731492930363744512.000000 -2331.052002 441.787231 708.046631 0.999902 0.008994 0.010766 -0.009863 0.996453 0.083573 -0.009976 -0.083671 0.996443
1731492930397086208.000000 -2331.540283 441.168915 708.430115 0.999913 0.009191 0.009445 -0.009954 0.996392 0.084280 -0.008636 -0.084366 0.996397
1731492930430427904.000000 -2332.220459 439.481232 708.664001 0.999909 0.009872 0.009211 -0.010606 0.996460 0.083396 -0.008355 -0.083486 0.996474
1731492930463769856.000000 -2332.779053 437.623871 708.787781 0.999894 0.010079 0.010475 -0.010908 0.996541 0.082382 -0.009608 -0.082487 0.996546
1731492930497111552.000000 -2333.347412 435.327881 708.602234 0.999838 0.011572 0.013754 -0.012659 0.996571 0.081767 -0.012761 -0.081928 0.996557
1731492930530453504.000000 -2334.057617 430.792969 708.163879 0.999877 0.010191 0.011905 -0.011081 0.996952 0.077228 -0.011082 -0.077350 0.996942
1731492930563795200.000000 -2334.639648 427.432617 708.077942 0.999841 0.011359 0.013715 -0.012331 0.997256 0.072996 -0.012848 -0.073154 0.997238
1731492930597136896.000000 -2335.105225 423.151093 707.780334 0.999861 0.010361 0.013042 -0.011253 0.997459 0.070346 -0.012280 -0.070483 0.997437
1731492930630478848.000000 -2335.826660 416.861694 707.440247 0.999872 0.009404 0.012969 -0.010266 0.997627 0.068082 -0.012298 -0.068206 0.997595
1731492930663820544.000000 -2336.567871 412.036163 707.456482 0.999860 0.010102 0.013321 -0.010944 0.997840 0.064777 -0.012638 -0.064914 0.997811
1731492930697161472.000000 -2337.161133 406.619934 707.368164 0.999884 0.008984 0.012331 -0.009724 0.998069 0.061341 -0.011757 -0.061454 0.998041
1731492930730503424.000000 -2338.238770 398.963684 707.253479 0.999892 0.008359 0.012049 -0.009043 0.998285 0.057833 -0.011545 -0.057935 0.998254
1731492930763844864.000000 -2339.134033 392.845703 707.166687 0.999892 0.008015 0.012344 -0.008680 0.998460 0.054794 -0.011886 -0.054895 0.998421
1731492930797186816.000000 -2340.009277 386.629364 707.069580 0.999917 0.006825 0.010895 -0.007372 0.998673 0.050978 -0.010533 -0.051054 0.998640
1731492930830528512.000000 -2341.230713 377.810242 706.510010 0.999921 0.006232 0.010905 -0.006747 0.998829 0.047898 -0.010593 -0.047968 0.998793
1731492930863870464.000000 -2342.271973 371.186005 706.540222 0.999919 0.007326 0.010443 -0.007781 0.998991 0.044224 -0.010109 -0.044302 0.998967
1731492930897212160.000000 -2343.390137 363.990295 706.344849 0.999924 0.006805 0.010325 -0.007215 0.999165 0.040209 -0.010043 -0.040280 0.999138
1731492930930553344.000000 -nan -nan -nan -nan -nan -nan -nan -nan -nan -nan -nan -nan
1731492930963894528.000000 -2345.523438 346.786926 705.853149 0.999881 0.006136 0.014137 -0.006630 0.999358 0.035214 -0.013912 -0.035303 0.999280
1731492930997235712.000000 -2346.596924 339.358704 706.045410 0.999912 0.004411 0.012550 -0.004799 0.999506 0.031059 -0.012407 -0.031116 0.999439
1731492931030576896.000000 -2348.005127 329.531158 706.170593 0.999911 0.002665 0.013074 -0.003028 0.999609 0.027802 -0.012995 -0.027839 0.999528
1731492931063918336.000000 -2349.141602 321.624939 706.455811 0.999941 0.000767 0.010879 -0.001028 0.999710 0.024048 -0.010857 -0.024057 0.999652
1731492931097259264.000000 -2350.214355 313.861786 706.737000 0.999948 -0.000943 0.010195 0.000711 0.999741 0.022729 -0.010214 -0.022721 0.999690
1731492931130600704.000000 -2351.348389 306.136078 707.165833 0.999947 -0.003082 0.009869 0.002858 0.999741 0.022594 -0.009936 -0.022565 0.999696
1731492931163940608.000000 -2352.916016 295.607086 707.909363 0.999938 -0.005860 0.009415 0.005677 0.999797 0.019329 -0.009527 -0.019274 0.999769
1731492931197281792.000000 -2353.953125 287.424347 708.231995 0.999921 -0.007473 0.010075 0.007255 0.999744 0.021442 -0.010233 -0.021368 0.999719
1731492931230622976.000000 -2354.857910 276.409973 708.505554 0.999872 -0.008304 0.013647 0.007927 0.999591 0.027463 -0.013869 -0.027352 0.999530
1731492931263964160.000000 -2356.068848 268.378082 708.943665 0.999848 -0.010562 0.013847 0.010198 0.999608 0.026071 -0.014117 -0.025926 0.999564
1731492931297305088.000000 -2357.206299 259.683350 709.106506 0.999848 -0.013506 0.011071 0.013238 0.999625 0.023954 -0.011390 -0.023804 0.999652
1731492931330646528.000000 -2357.976318 248.184082 708.679993 0.999775 -0.017165 0.012449 0.016810 0.999465 0.028060 -0.012924 -0.027845 0.999529
1731492931363987712.000000 -2358.530029 239.766937 708.562317 0.999749 -0.017418 0.014122 0.017015 0.999458 0.028190 -0.014606 -0.027942 0.999503
1731492931397328640.000000 -2359.612305 231.757675 709.087952 0.999741 -0.016052 0.016110 0.015611 0.999511 0.027100 -0.016537 -0.026841 0.999503
1731492931430670080.000000 -2360.794434 220.190338 709.431580 0.999755 -0.017490 0.013574 0.017143 0.999533 0.025297 -0.014010 -0.025058 0.999588
1731492931464011008.000000 -2361.602539 211.863937 709.549133 0.999701 -0.017142 0.017413 0.016630 0.999436 0.029167 -0.017903 -0.028869 0.999423
1731492931497352192.000000 -2362.809814 203.578995 709.941406 0.999687 -0.015686 0.019467 0.015141 0.999498 0.027847 -0.019894 -0.027543 0.999423
1731492931530693120.000000 -2364.445801 192.082092 710.221436 0.999676 -0.020023 0.015687 0.019566 0.999395 0.028767 -0.016254 -0.028451 0.999463
1731492931564034304.000000 -2366.147949 182.009613 710.516174 0.999617 -0.018319 0.020739 0.017703 0.999408 0.029491 -0.021267 -0.029113 0.999350
1731492931597374208.000000 -2366.849609 176.558319 710.540527 0.999633 -0.019872 0.018392 0.019318 0.999369 0.029815 -0.018973 -0.029448 0.999386
1731492931630715648.000000 -2369.046143 166.590546 710.974487 0.999661 -0.020087 0.016594 0.019607 0.999400 0.028544 -0.017157 -0.028209 0.999455
1731492931664056832.000000 -2370.158447 158.556366 710.789185 0.999636 -0.024048 0.012237 0.023669 0.999264 0.030202 -0.012954 -0.029901 0.999469
1731492931697397760.000000 -2371.718750 151.733749 710.963196 0.999648 -0.022733 0.013709 0.022326 0.999325 0.029171 -0.014363 -0.028854 0.999480
1731492931730738944.000000 -2373.572510 142.233963 710.433289 0.999606 -0.025318 0.012095 0.024920 0.999176 0.032023 -0.012896 -0.031709 0.999414
1731492931764079872.000000 -2375.487305 135.940353 710.751404 0.999635 -0.024727 0.010874 0.024414 0.999309 0.028038 -0.011559 -0.027763 0.999548
1731492931797421056.000000 -2376.678955 128.927933 710.199341 0.999612 -0.025843 0.010401 0.025496 0.999154 0.032257 -0.011225 -0.031979 0.999425
1731492931830761984.000000 -nan -nan -nan -nan -nan -nan -nan -nan -nan -nan -nan -nan
1731492931864103168.000000 -2380.792236 114.373131 710.033752 0.999608 -0.024516 0.013516 0.024012 0.999052 0.036310 -0.014393 -0.035972 0.999249
1731492931897444096.000000 -2382.435059 107.957565 709.891602 0.999588 -0.026148 0.011859 0.025663 0.998895 0.039386 -0.012876 -0.039065 0.999154
1731492931930785536.000000 -2383.786377 101.306458 709.354126 0.999575 -0.026375 0.012397 0.025797 0.998669 0.044669 -0.013559 -0.044331 0.998925
1731492931964126464.000000 -nan -nan -nan -nan -nan -nan -nan -nan -nan -nan -nan -nan
1731492931997467648.000000 -2388.248291 87.507301 709.328735 0.999627 -0.022742 0.015109 0.022000 0.998626 0.047554 -0.016170 -0.047204 0.998754
1731492932030808064.000000 -2390.824707 79.316498 708.890076 0.999576 -0.026160 0.012794 0.025512 0.998503 0.048382 -0.014040 -0.048035 0.998747
1731492932064149248.000000 -2392.765381 73.724800 708.743896 0.999573 -0.024593 0.015811 0.023802 0.998544 0.048416 -0.016978 -0.048018 0.998702
1731492932097490432.000000 -2394.830078 68.162819 708.207336 0.999560 -0.025764 0.014702 0.025001 0.998442 0.049879 -0.015965 -0.049490 0.998647
1731492932130831360.000000 -2397.422363 61.773560 707.380554 0.999554 -0.025902 0.014869 0.025122 0.998411 0.050443 -0.016152 -0.050047 0.998616
1731492932164172544.000000 -2399.278809 57.445000 706.605347 0.999540 -0.026288 0.015140 0.025538 0.998532 0.047761 -0.016373 -0.047352 0.998744
1731492932197513984.000000 -2400.738525 53.674831 705.059021 0.999485 -0.028101 0.015474 0.027362 0.998564 0.046057 -0.016747 -0.045610 0.998819
1731492932230854912.000000 -2402.242676 49.267658 702.046448 0.999369 -0.032360 0.014672 0.031615 0.998324 0.048468 -0.016216 -0.047974 0.998717
1731492932264196352.000000 -2403.358398 46.333786 699.797607 0.999354 -0.033753 0.012373 0.033125 0.998307 0.047803 -0.013966 -0.047362 0.998780
1731492932297537280.000000 -2404.305664 43.983467 697.523804 0.999364 -0.034768 0.007946 0.034384 0.998430 0.044221 -0.009471 -0.043920 0.998990
1731492932330878464.000000 -2404.824951 40.989410 693.791504 0.999310 -0.036847 0.004724 0.036616 0.998441 0.042126 -0.006269 -0.041924 0.999101
1731492932364219648.000000 -2405.165527 39.157959 690.665039 0.999312 -0.036989 0.002718 0.036860 0.998609 0.037692 -0.004108 -0.037566 0.999286
1731492932397560832.000000 -2405.349121 37.800690 687.340820 0.999300 -0.037411 0.000860 0.037363 0.998762 0.032828 -0.002087 -0.032773 0.999461
1731492932430902016.000000 -2404.892334 36.750534 682.284302 0.999334 -0.036467 0.001531 0.036412 0.998960 0.027436 -0.002530 -0.027362 0.999622
1731492932464243200.000000 -2404.100830 36.433163 677.704895 0.999400 -0.034426 0.003778 0.034316 0.999069 0.026135 -0.004674 -0.025990 0.999651
1731492932497583360.000000 -2403.301758 36.796619 672.173828 0.999440 -0.033213 0.004103 0.033086 0.999063 0.027894 -0.005026 -0.027743 0.999602
1731492932530924288.000000 -2401.572266 38.042526 663.038635 0.999496 -0.030920 0.007157 0.030682 0.999038 0.031328 -0.008119 -0.031092 0.999484
