1731926549901223424.000000 -2517.226562 133.076843 141.898148 0.998862 -0.046493 0.010648 0.046397 0.998881 0.009165 -0.011062 -0.008660 0.999901
1731926549934567680.000000 -2517.226562 133.071747 141.916153 0.998857 -0.046549 0.010845 0.046452 0.998880 0.009010 -0.011252 -0.008496 0.999901
1731926549967909632.000000 -2517.187012 133.095444 141.894348 0.998859 -0.046572 0.010613 0.046478 0.998879 0.008975 -0.011019 -0.008472 0.999903
1731926550001249024.000000 -2517.213623 133.105927 141.943283 0.998861 -0.046511 0.010631 0.046415 0.998881 0.009091 -0.011042 -0.008588 0.999902
1731926550034585856.000000 -2517.244385 133.283340 142.000565 0.998834 -0.047212 0.010114 0.047115 0.998843 0.009595 -0.010555 -0.009108 0.999903
1731926550067920384.000000 -2517.257080 133.245621 141.999710 0.998830 -0.047250 0.010261 0.047153 0.998843 0.009485 -0.010697 -0.008990 0.999902
1731926550101252864.000000 -2517.243408 133.252960 142.000168 0.998836 -0.047138 0.010203 0.047043 0.998849 0.009358 -0.010633 -0.008868 0.999904
1731926550134582272.000000 -2517.312500 133.834915 142.334412 0.998844 -0.046689 0.011400 0.046535 0.998827 0.013367 -0.012010 -0.012821 0.999846
1731926550201234688.000000 -2517.333008 133.987350 142.412872 0.998807 -0.047752 0.010237 0.047632 0.998797 0.011675 -0.010782 -0.011174 0.999879
1731926550234557184.000000 -2517.416016 134.439499 142.637558 0.998833 -0.047033 0.010948 0.046904 0.998830 0.011760 -0.011489 -0.011233 0.999871
1731926550267877376.000000 -2517.418213 134.469635 142.644882 0.998830 -0.047083 0.011035 0.046954 0.998829 0.011680 -0.011572 -0.011148 0.999871
1731926550301193728.000000 -2517.416748 134.516876 142.661880 0.998831 -0.047026 0.011157 0.046893 0.998829 0.011919 -0.011705 -0.011382 0.999867
1731926550334509056.000000 -2517.397949 134.358307 142.598785 0.998863 -0.046201 0.011734 0.046066 0.998872 0.011554 -0.012255 -0.011000 0.999864
1731926550401132032.000000 -2517.399902 134.407394 142.614365 0.998865 -0.046151 0.011821 0.046012 0.998872 0.011758 -0.012350 -0.011200 0.999861
1731926550434440192.000000 -2517.340088 133.796173 142.235474 0.998845 -0.047108 0.009470 0.047048 0.998872 0.006438 -0.009763 -0.005985 0.999934
1731926550467745536.000000 -2517.334717 133.851959 142.298508 0.998842 -0.047062 0.010026 0.046984 0.998865 0.007848 -0.010384 -0.007368 0.999919
1731926550501048832.000000 -2517.327637 133.882385 142.325912 0.998841 -0.047107 0.009929 0.047033 0.998865 0.007523 -0.010272 -0.007048 0.999922
1731926550534349568.000000 -2517.284912 133.664886 142.189026 0.998820 -0.047656 0.009376 0.047586 0.998839 0.007555 -0.009725 -0.007100 0.999928
1731926550567648000.000000 -2517.265381 133.428146 142.078110 0.998844 -0.047013 0.010000 0.046936 0.998867 0.007807 -0.010356 -0.007328 0.999920
1731926550600943872.000000 -2517.289795 133.526352 142.121048 0.998886 -0.045755 0.011552 0.045653 0.998918 0.008895 -0.011946 -0.008358 0.999894
1731926550634238208.000000 -2517.243652 133.255539 141.981766 0.998871 -0.046223 0.010947 0.046127 0.998896 0.008896 -0.011346 -0.008381 0.999901
1731926550667518208.000000 -2517.232422 133.256866 141.951294 0.998874 -0.046182 0.010838 0.046091 0.998900 0.008583 -0.011222 -0.008074 0.999904
1731926550700794368.000000 -2517.241455 133.307938 142.003082 0.998865 -0.046435 0.010643 0.046340 0.998885 0.009027 -0.011051 -0.008523 0.999903
1731926550734066432.000000 -2517.219482 133.073517 141.883026 0.998863 -0.046519 0.010408 0.046427 0.998882 0.008861 -0.010809 -0.008368 0.999907
1731926550767335936.000000 -2517.168945 132.435059 141.493179 0.998937 -0.043160 0.016168 0.042929 0.998975 0.014371 -0.016772 -0.013661 0.999766
1731926550800602112.000000 -2517.172607 132.001022 141.200119 0.998986 -0.041307 0.017927 0.041083 0.999076 0.012641 -0.018433 -0.011892 0.999759
1731926550833864448.000000 -2517.194092 132.174637 141.275055 0.998991 -0.040887 0.018597 0.040656 0.999093 0.012632 -0.019096 -0.011863 0.999747
1731926550867123968.000000 -2517.177246 132.018112 141.199738 0.998991 -0.041159 0.017951 0.040942 0.999085 0.012328 -0.018442 -0.011581 0.999763
1731926550900379392.000000 -2517.172607 132.053635 141.222107 0.998989 -0.041096 0.018199 0.040869 0.999084 0.012646 -0.018702 -0.011890 0.999754
1731926550933631744.000000 -2517.175293 132.068436 141.251923 0.998992 -0.041069 0.018138 0.040840 0.999083 0.012841 -0.018649 -0.012088 0.999753
1731926550966880256.000000 -2517.083984 131.626877 140.950058 0.998991 -0.041753 0.016559 0.041605 0.999092 0.009137 -0.016926 -0.008438 0.999821
1731926551000125952.000000 -2517.152588 131.882370 141.150818 0.998989 -0.041427 0.017476 0.041233 0.999085 0.011333 -0.017929 -0.010601 0.999783
1731926551033367552.000000 -2517.162109 131.983414 141.190765 0.998991 -0.041193 0.017893 0.040980 0.999087 0.012095 -0.018375 -0.011350 0.999767
1731926551066606336.000000 -2517.123779 131.874420 141.106995 0.998984 -0.041407 0.017775 0.041190 0.999074 0.012399 -0.018271 -0.011654 0.999765
1731926551099841024.000000 -2517.114990 131.855469 141.126404 0.998980 -0.041466 0.017849 0.041246 0.999070 0.012549 -0.018353 -0.011800 0.999762
1731926551133072896.000000 -2517.124756 131.863083 141.133255 0.998987 -0.041368 0.017690 0.041150 0.999075 0.012488 -0.018190 -0.011747 0.999766
1731926551166300672.000000 -2517.126709 131.884689 141.137421 0.998987 -0.041332 0.017816 0.041111 0.999076 0.012561 -0.018318 -0.011816 0.999762
1731926551199524352.000000 -2516.970947 130.905273 140.521057 0.998820 -0.047197 0.011476 0.047017 0.998774 0.015501 -0.012194 -0.014943 0.999814
1731926551232745728.000000 -2516.991943 130.927521 140.578766 0.998821 -0.047101 0.011743 0.046915 0.998777 0.015625 -0.012464 -0.015056 0.999809
1731926551265963264.000000 -2516.931152 130.765228 140.483673 0.998814 -0.047360 0.011329 0.047184 0.998768 0.015364 -0.012043 -0.014811 0.999818
1731926551299177984.000000 -2516.943115 130.799301 140.510361 0.998809 -0.047467 0.011322 0.047285 0.998756 0.015810 -0.012059 -0.015256 0.999811
1731926551332388608.000000 -2516.943115 130.782791 140.485840 0.998811 -0.047410 0.011359 0.047231 0.998764 0.015498 -0.012080 -0.014943 0.999815
1731926551365596160.000000 -2516.941162 130.760574 140.481964 0.998812 -0.047384 0.011395 0.047205 0.998765 0.015500 -0.012115 -0.014944 0.999815
1731926551398800128.000000 -2516.939209 130.762070 140.473251 0.998807 -0.047473 0.011442 0.047292 0.998760 0.015569 -0.012167 -0.015010 0.999813
1731926551432000512.000000 -2516.949463 130.776413 140.475769 0.998807 -0.047486 0.011355 0.047309 0.998762 0.015379 -0.012071 -0.014824 0.999817
1731926551465197568.000000 -2516.941406 130.769409 140.457474 0.998812 -0.047358 0.011464 0.047178 0.998767 0.015431 -0.012181 -0.014872 0.999815
1731926551498391296.000000 -2517.016113 131.904373 141.214417 0.998603 -0.052686 0.003920 0.052635 0.998539 0.012186 -0.004556 -0.011962 0.999918
1731926551531581440.000000 -2516.994385 131.897797 141.196960 0.998608 -0.052595 0.004088 0.052542 0.998545 0.012094 -0.004718 -0.011862 0.999919
1731926551564768000.000000 -2516.992920 131.887222 141.191025 0.998605 -0.052654 0.004049 0.052601 0.998541 0.012200 -0.004686 -0.011970 0.999917
1731926551597951488.000000 -2517.107422 132.593765 141.625732 0.998783 -0.048625 0.008313 0.048547 0.998777 0.009338 -0.008757 -0.008923 0.999922
1731926551631131904.000000 -2517.109375 132.626144 141.634613 0.998779 -0.048694 0.008273 0.048616 0.998773 0.009419 -0.008722 -0.009006 0.999921
1731926551664471552.000000 -2517.063965 132.461716 141.537781 0.998769 -0.048964 0.007887 0.048889 0.998760 0.009402 -0.008338 -0.009005 0.999925
1731926551697811456.000000 -2517.056396 132.465714 141.529526 0.998770 -0.048950 0.007858 0.048877 0.998762 0.009243 -0.008301 -0.008848 0.999926
1731926551731151104.000000 -2517.208984 132.529877 141.419403 0.998763 -0.049189 0.007214 0.049117 0.998745 0.009807 -0.007687 -0.009441 0.999926
1731926551764490752.000000 -2517.084229 132.502502 141.501129 0.998768 -0.049001 0.007893 0.048927 0.998759 0.009354 -0.008341 -0.008956 0.999925
1731926551797830400.000000 -2517.084961 132.505737 141.536575 0.998775 -0.048833 0.007995 0.048755 0.998764 0.009652 -0.008457 -0.009250 0.999921
1731926551831169792.000000 -2517.076172 132.470963 141.535294 0.998773 -0.048883 0.007889 0.048808 0.998764 0.009396 -0.008339 -0.008999 0.999925
1731926551864509440.000000 -2517.061035 132.519669 141.543991 0.998770 -0.048902 0.008215 0.048821 0.998759 0.009821 -0.008686 -0.009408 0.999918
1731926551897848832.000000 -2517.050537 132.490005 141.531738 0.998776 -0.048819 0.007897 0.048744 0.998767 0.009437 -0.008348 -0.009041 0.999924
1731926551931188224.000000 -2517.037842 132.510605 141.539536 0.998767 -0.048968 0.008116 0.048889 0.998757 0.009697 -0.008581 -0.009288 0.999920
1731926551964527616.000000 -2517.038086 132.478668 141.537720 0.998767 -0.049023 0.007866 0.048948 0.998756 0.009535 -0.008324 -0.009138 0.999924
1731926551997866752.000000 -2517.157227 132.604248 141.391281 0.998705 -0.049873 0.010018 0.049760 0.998698 0.011197 -0.010563 -0.010684 0.999887
1731926552031206400.000000 -2517.694092 133.278336 141.290512 0.998418 -0.055049 0.011466 0.054910 0.998417 0.012172 -0.012118 -0.011523 0.999860
1731926552064544512.000000 -2517.256836 132.518723 141.448456 0.998713 -0.049925 0.008880 0.049833 0.998704 0.010309 -0.009383 -0.009853 0.999907
1731926552097883904.000000 -2517.230713 132.634491 141.377899 0.998693 -0.050171 0.009763 0.050063 0.998686 0.010998 -0.010302 -0.010495 0.999892
1731926552131223040.000000 -2517.468506 131.646210 142.317612 0.998945 -0.045899 -0.001288 0.045900 0.998946 0.000646 0.001257 -0.000704 0.999999
1731926552164561920.000000 -2517.489014 131.649017 142.296600 0.998949 -0.045815 -0.001241 0.045816 0.998950 0.000778 0.001204 -0.000834 0.999999
1731926552197901312.000000 -2517.475098 131.641769 142.283783 0.998949 -0.045819 -0.001511 0.045820 0.998950 0.000610 0.001482 -0.000678 0.999999
1731926552231239936.000000 -2517.466797 131.563080 142.256577 0.998954 -0.045713 -0.001433 0.045714 0.998954 0.000613 0.001403 -0.000678 0.999999
1731926552264579072.000000 -2517.662109 131.443588 141.478943 0.998911 -0.046029 0.007564 0.045991 0.998929 0.005159 -0.007793 -0.004806 0.999958
1731926552297918208.000000 -2517.645996 131.487442 141.493622 0.998914 -0.045959 0.007596 0.045923 0.998933 0.004840 -0.007811 -0.004486 0.999959
1731926552331256832.000000 -2517.466309 130.480103 140.896301 0.998735 -0.050236 0.002081 0.050224 0.998723 0.005479 -0.002353 -0.005367 0.999983
1731926552364595712.000000 -2517.482910 130.805481 141.091766 0.998756 -0.049747 0.003556 0.049720 0.998737 0.007295 -0.003914 -0.007109 0.999967
1731926552397934592.000000 -2517.477295 130.919540 141.194672 0.998762 -0.049555 0.004359 0.049523 0.998747 0.007133 -0.004707 -0.006908 0.999965
1731926552431273216.000000 -2517.541504 130.867096 141.181000 0.998745 -0.049932 0.003944 0.049902 0.998726 0.007511 -0.004314 -0.007305 0.999964
1731926552464612096.000000 -2517.590088 130.960526 141.345184 0.998737 -0.050003 0.004825 0.049970 0.998728 0.006806 -0.005159 -0.006556 0.999965
1731926552497950720.000000 -2517.584473 131.181213 141.662003 0.998728 -0.050206 0.004669 0.050185 0.998730 0.004505 -0.004889 -0.004265 0.999979
1731926552531288320.000000 -2517.068848 131.370483 143.110138 0.998912 -0.046471 -0.003944 0.046425 0.998860 -0.011096 0.004455 0.010900 0.999931
1731926552564626944.000000 -2516.689941 131.826370 144.098953 0.998987 -0.044818 -0.004026 0.044741 0.998844 -0.017582 0.004809 0.017384 0.999837
1731926552597965568.000000 -2516.346436 132.461960 145.325134 0.999061 -0.042987 -0.005403 0.042834 0.998750 -0.025747 0.006503 0.025491 0.999654
1731926552631303936.000000 -2516.040527 133.438156 147.505005 0.999188 -0.039749 -0.006629 0.039464 0.998476 -0.038581 0.008153 0.038288 0.999233
1731926552664644352.000000 -2515.602295 133.444916 148.548798 0.999277 -0.037346 -0.007158 0.037002 0.998373 -0.043374 0.008766 0.043078 0.999033
1731926552697985536.000000 -2515.492188 133.380020 150.571259 0.999309 -0.035705 -0.010336 0.035187 0.998295 -0.046562 0.011981 0.046166 0.998862
1731926552731325952.000000 -2515.732666 133.066513 153.287842 0.999438 -0.032432 -0.008474 0.032109 0.998841 -0.035871 0.009627 0.035578 0.999321
1731926552764666880.000000 -2516.938232 131.408508 156.945557 0.999501 -0.031594 -0.000704 0.031577 0.999355 -0.017126 0.001244 0.017096 0.999853
1731926552798007296.000000 -2517.019043 131.325851 159.039886 0.999547 -0.028904 -0.008368 0.028720 0.999360 -0.021338 0.008979 0.021088 0.999737
1731926552831347968.000000 -2518.105469 130.694565 164.737228 0.999690 -0.024188 -0.005894 0.024089 0.999577 -0.016290 0.006285 0.016143 0.999850
1731926552864688384.000000 -2519.033447 129.432861 168.490082 0.999683 -0.025086 -0.002303 0.025040 0.999521 -0.018182 0.002758 0.018119 0.999832
1731926552898029056.000000 -2519.944336 128.909103 174.949875 0.999760 -0.020292 -0.008309 0.020088 0.999510 -0.024025 0.008793 0.023853 0.999677
1731926552931369984.000000 -2521.342285 127.833763 182.963638 0.999810 -0.018539 -0.005994 0.018375 0.999486 -0.026286 0.006478 0.026171 0.999636
1731926552964709632.000000 -2522.466553 127.214157 189.725540 0.999805 -0.019015 -0.005338 0.018860 0.999438 -0.027727 0.005862 0.027621 0.999601
1731926552998050048.000000 -2523.549561 126.675674 197.163834 0.999751 -0.020672 -0.008412 0.020417 0.999361 -0.029337 0.009014 0.029158 0.999534
1731926553031390720.000000 -2524.644531 126.505424 207.820755 0.999717 -0.022646 -0.007253 0.022459 0.999438 -0.024874 0.007812 0.024704 0.999664
1731926553064731136.000000 -2525.215576 126.639030 216.485550 0.999624 -0.026006 -0.008680 0.025831 0.999472 -0.019694 0.009188 0.019462 0.999768
1731926553098071552.000000 -2525.647949 125.690834 223.871078 0.999457 -0.032096 -0.007495 0.031920 0.999237 -0.022493 0.008211 0.022242 0.999719
1731926553131411968.000000 -2525.684814 125.826721 236.039658 0.999230 -0.033311 -0.020721 0.032655 0.998978 -0.031241 0.021741 0.030540 0.999297
1731926553164752640.000000 -2525.791016 127.056633 245.801331 0.999209 -0.034576 -0.019622 0.033990 0.998987 -0.029475 0.020621 0.028785 0.999373
1731926553198093312.000000 -2525.415283 126.833878 254.221298 0.999046 -0.036533 -0.023933 0.035802 0.998899 -0.030316 0.025014 0.029430 0.999254
1731926553231433728.000000 -2524.854004 127.216484 265.825104 0.999002 -0.038710 -0.022284 0.038126 0.998933 -0.026046 0.023269 0.025170 0.999412
1731926553264774400.000000 -2524.363281 127.047661 273.732605 0.998954 -0.042610 -0.016602 0.042305 0.998937 -0.018311 0.017364 0.017589 0.999695
1731926553298114816.000000 -2523.475830 126.852371 282.570648 0.998937 -0.040096 -0.022752 0.039511 0.998890 -0.025627 0.023754 0.024701 0.999413
1731926553331455232.000000 -2522.308594 126.633537 293.740021 0.998893 -0.040110 -0.024559 0.039414 0.998825 -0.028191 0.025661 0.027192 0.999301
1731926553364795648.000000 -2521.382080 128.846298 303.464844 0.999332 -0.033609 -0.014343 0.033338 0.999268 -0.018748 0.014962 0.018257 0.999721
1731926553398135040.000000 -2520.278320 128.786774 311.472565 0.999328 -0.034451 -0.012484 0.034271 0.999309 -0.014356 0.012970 0.013918 0.999819
1731926553431475712.000000 -2519.009521 128.737778 321.573883 0.999255 -0.038134 -0.006010 0.038126 0.999272 -0.001479 0.006063 0.001249 0.999981
1731926553464815872.000000 -2517.736084 129.203308 330.401215 0.999273 -0.036253 -0.011790 0.036176 0.999323 -0.006707 0.012025 0.006275 0.999908
1731926553498156288.000000 -2516.568604 127.797401 337.287018 0.999066 -0.040093 -0.016089 0.039954 0.999162 -0.008849 0.016430 0.008197 0.999831
1731926553531496448.000000 -2515.090576 127.297661 347.125336 0.998913 -0.043458 -0.016854 0.043319 0.999025 -0.008499 0.017207 0.007760 0.999822
1731926553564837120.000000 -2514.490479 128.078125 354.618835 0.998888 -0.046602 -0.007067 0.046622 0.998909 0.002596 0.006939 -0.002922 0.999972
1731926553598177536.000000 -2513.694580 127.989288 362.079834 0.998734 -0.049932 -0.006095 0.049940 0.998752 0.001147 0.006030 -0.001450 0.999981
1731926553631517952.000000 -2512.356445 126.954781 371.865875 0.998535 -0.052097 -0.014653 0.051866 0.998531 -0.015708 0.015450 0.014925 0.999769
1731926553664858880.000000 -2511.703857 127.517380 379.612488 0.998497 -0.053636 -0.011311 0.053488 0.998484 -0.012973 0.011990 0.012349 0.999852
1731926553698199808.000000 -2511.154053 127.268166 386.886383 0.998318 -0.057022 -0.010471 0.056865 0.998274 -0.014708 0.011291 0.014087 0.999837
1731926553731540992.000000 -2510.668945 126.832787 396.653717 0.998031 -0.062518 -0.005133 0.062452 0.997975 -0.012090 0.005878 0.011746 0.999914
1731926553764881664.000000 -2510.212158 126.382248 404.547913 0.997789 -0.066324 -0.004298 0.066250 0.997683 -0.015504 0.005317 0.015185 0.999871
1731926553798222848.000000 -2509.873291 126.284920 412.456726 0.997618 -0.068761 -0.005577 0.068676 0.997539 -0.014151 0.006536 0.013735 0.999884
1731926553831563776.000000 -2509.439697 126.520004 423.875671 0.997396 -0.071958 -0.004824 0.071887 0.997319 -0.013663 0.005794 0.013280 0.999895
1731926553864903680.000000 -2509.106689 126.244301 432.049469 0.997140 -0.075251 -0.006963 0.075114 0.997009 -0.018182 0.008310 0.017607 0.999810
1731926553898244352.000000 -2508.638672 126.837830 441.580414 0.997161 -0.074539 -0.010684 0.074297 0.997005 -0.021448 0.012250 0.020593 0.999713
1731926553931585536.000000 -2508.411377 127.134079 452.833801 0.996868 -0.077985 -0.013149 0.077607 0.996613 -0.027213 0.015227 0.026108 0.999543
1731926553964926208.000000 -2508.498291 127.942696 461.751190 0.996652 -0.080211 -0.015829 0.079723 0.996385 -0.029359 0.018127 0.027999 0.999444
1731926553998267392.000000 -2508.910400 128.835510 470.024048 0.997025 -0.076937 -0.004655 0.076837 0.996867 -0.018789 0.006086 0.018375 0.999813
1731926554031608064.000000 -2508.813232 129.762207 481.676910 0.997046 -0.075615 -0.013477 0.075289 0.996890 -0.023258 0.015193 0.022174 0.999639
1731926554064949248.000000 -2509.112305 130.358856 489.884705 0.997064 -0.075258 -0.014156 0.074970 0.996988 -0.019882 0.015609 0.018762 0.999702
1731926554098289920.000000 -2509.821777 131.925034 497.799347 0.996925 -0.077898 -0.008454 0.077836 0.996939 -0.007415 0.009006 0.006734 0.999937
1731926554131631104.000000 -2510.192871 133.565781 509.045471 0.996981 -0.076537 -0.013063 0.076480 0.997059 -0.004872 0.013397 0.003859 0.999903
1731926554164972032.000000 -2510.967773 134.803329 516.629089 0.997181 -0.074851 -0.005302 0.074860 0.997193 0.001529 0.005172 -0.001922 0.999985
1731926554198312704.000000 -2511.402832 135.855377 524.469360 0.997035 -0.076617 -0.007080 0.076648 0.997050 0.004140 0.006742 -0.004671 0.999966
1731926554231653888.000000 -2511.752686 138.280380 535.239990 0.996811 -0.079253 -0.009276 0.079327 0.996818 0.007872 0.008623 -0.008583 0.999926
1731926554264994560.000000 -2511.978760 140.031525 543.148010 0.996883 -0.078555 -0.007288 0.078619 0.996864 0.009038 0.006555 -0.009583 0.999933
1731926554298334720.000000 -2512.154785 141.415314 551.322083 0.996762 -0.080003 -0.008026 0.080083 0.996735 0.010288 0.007177 -0.010897 0.999915
1731926554331675648.000000 -2512.095215 142.976715 562.175232 0.996335 -0.084906 -0.010341 0.085027 0.996309 0.011820 0.009299 -0.012656 0.999877
1731926554365016576.000000 -2511.905518 144.255951 570.389587 0.996280 -0.085768 -0.008320 0.085869 0.996226 0.012625 0.007206 -0.013293 0.999886
1731926554398357248.000000 -2511.605225 145.008163 578.304138 0.996485 -0.083584 -0.005662 0.083657 0.996396 0.014047 0.004468 -0.014471 0.999885
1731926554431698176.000000 -2510.857666 145.431534 588.400024 0.996360 -0.085141 -0.004227 0.085205 0.996193 0.018435 0.002641 -0.018728 0.999821
1731926554465038848.000000 -2510.293945 145.263382 595.705627 0.996563 -0.082830 -0.001441 0.082842 0.996336 0.021233 -0.000323 -0.021280 0.999774
1731926554498380032.000000 -2509.756836 145.931931 603.131470 0.996673 -0.081355 0.004914 0.081170 0.996242 0.030223 -0.007354 -0.029723 0.999531
1731926554531720704.000000 -2508.829102 145.595505 612.214172 0.996681 -0.080896 0.009145 0.080560 0.996219 0.032533 -0.011742 -0.031688 0.999429
1731926554565061632.000000 -2508.124512 145.403107 619.029663 0.996715 -0.079896 0.013233 0.079439 0.996324 0.032074 -0.015747 -0.030917 0.999398
1731926554598402304.000000 -2507.899902 146.121277 626.162842 0.996831 -0.077139 0.019429 0.076511 0.996579 0.031255 -0.021774 -0.029669 0.999323
1731926554631743232.000000 -2507.077393 145.853699 634.907593 0.996872 -0.075549 0.023186 0.074880 0.996785 0.028490 -0.025264 -0.026665 0.999325
1731926554665084928.000000 -2506.445312 145.584274 641.198975 0.996783 -0.074851 0.028667 0.073986 0.996804 0.030139 -0.030831 -0.027921 0.999135
1731926554698426368.000000 -2505.871094 145.008942 647.248962 0.996760 -0.074379 0.030631 0.073465 0.996848 0.029957 -0.032763 -0.027610 0.999082
1731926554731766784.000000 -2505.052246 144.746933 655.036560 0.996690 -0.075406 0.030368 0.074434 0.996714 0.031949 -0.032677 -0.029583 0.999028
1731926554765108224.000000 -2504.420166 143.590927 660.154968 0.996781 -0.073913 0.031049 0.072974 0.996871 0.030378 -0.033197 -0.028015 0.999056
1731926554798449664.000000 -2504.010986 143.030411 665.455688 0.996781 -0.074137 0.030513 0.073187 0.996831 0.031166 -0.032727 -0.028832 0.999048
1731926554831791360.000000 -2503.634766 142.335449 672.129150 0.996783 -0.074876 0.028591 0.073957 0.996750 0.031943 -0.030890 -0.029726 0.999081
1731926554865132800.000000 -2503.357666 141.092209 676.967407 0.996752 -0.076702 0.024549 0.076051 0.996753 0.026450 -0.026498 -0.024497 0.999349
1731926554898474496.000000 -2503.360840 140.945862 682.186890 0.996741 -0.077592 0.022055 0.077033 0.996711 0.025170 -0.023935 -0.023389 0.999440
1731926554931815936.000000 -2503.432129 140.817947 689.649170 0.996857 -0.076594 0.020261 0.076150 0.996857 0.021848 -0.021871 -0.020237 0.999556
1731926554965157376.000000 -2503.569580 141.646637 695.614685 0.997012 -0.074224 0.021389 0.073683 0.996967 0.025054 -0.023184 -0.023404 0.999457
1731926554998498816.000000 -2503.707031 141.607681 701.468567 0.997090 -0.073503 0.020205 0.073033 0.997063 0.023076 -0.021841 -0.021533 0.999530
1731926555031840256.000000 -2503.896240 141.334244 708.995728 0.997218 -0.072455 0.017526 0.072056 0.997148 0.022436 -0.019101 -0.021111 0.999595
1731926555065181952.000000 -2504.145508 140.600937 714.254883 0.997209 -0.073531 0.012905 0.073249 0.997089 0.021176 -0.014425 -0.020172 0.999692
1731926555098523648.000000 -2504.525146 141.878967 720.379822 0.997300 -0.072270 0.013056 0.071850 0.996957 0.030244 -0.015202 -0.029225 0.999457
1731926555131865344.000000 -2504.933105 142.182785 727.723511 0.997271 -0.073429 0.007695 0.073157 0.996836 0.031067 -0.009952 -0.030420 0.999488
1731926555165206784.000000 -nan -nan -nan -nan -nan -nan -nan -nan -nan -nan -nan -nan
1731926555198547456.000000 -2505.099121 142.493286 737.682617 0.997068 -0.076518 -0.000362 0.076497 0.996664 0.028436 -0.001815 -0.028381 0.999596
1731926555231888896.000000 -2505.180908 143.777771 744.217163 0.996974 -0.077663 -0.003278 0.077724 0.996590 0.027719 0.001115 -0.027890 0.999610
1731926555265230336.000000 -2504.995605 143.455887 748.134949 0.996505 -0.082952 -0.009821 0.083194 0.996152 0.027582 0.007495 -0.028302 0.999571
1731926555298572032.000000 -2504.941162 144.569641 752.175659 0.996504 -0.082790 -0.011194 0.083059 0.996200 0.026190 0.008983 -0.027028 0.999594
1731926555331913984.000000 -nan -nan -nan -nan -nan -nan -nan -nan -nan -nan -nan -nan
1731926555365255424.000000 -nan -nan -nan -nan -nan -nan -nan -nan -nan -nan -nan -nan
1731926555398597120.000000 -nan -nan -nan -nan -nan -nan -nan -nan -nan -nan -nan -nan
1731926555431938304.000000 -nan -nan -nan -nan -nan -nan -nan -nan -nan -nan -nan -nan
1731926555465280256.000000 -nan -nan -nan -nan -nan -nan -nan -nan -nan -nan -nan -nan
1731926555498621952.000000 -nan -nan -nan -nan -nan -nan -nan -nan -nan -nan -nan -nan
1731926555531963648.000000 -nan -nan -nan -nan -nan -nan -nan -nan -nan -nan -nan -nan
1731926555565305344.000000 -nan -nan -nan -nan -nan -nan -nan -nan -nan -nan -nan -nan
1731926555598646784.000000 -nan -nan -nan -nan -nan -nan -nan -nan -nan -nan -nan -nan
1731926555631987456.000000 -nan -nan -nan -nan -nan -nan -nan -nan -nan -nan -nan -nan
1731926555665329920.000000 -2505.597168 151.037903 734.217102 0.996476 -0.083809 0.003285 0.083444 0.994569 0.062207 -0.008481 -0.061713 0.998058
1731926555698672128.000000 -2505.711182 150.347443 729.066040 0.996437 -0.084313 0.002122 0.084022 0.994547 0.061775 -0.007318 -0.061376 0.998088
1731926555732014336.000000 -2506.055664 149.413742 718.288452 0.996543 -0.083012 0.003227 0.082619 0.994391 0.066032 -0.008690 -0.065537 0.997812
1731926555765356800.000000 -2506.237305 147.730347 709.473816 0.996576 -0.082579 0.004054 0.082145 0.994521 0.064657 -0.009371 -0.064103 0.997899
1731926555798699008.000000 -2506.306885 146.113785 700.143738 0.996589 -0.082462 0.003253 0.082080 0.994523 0.064709 -0.008571 -0.064221 0.997899
1731926555832041472.000000 -2506.383057 143.834366 687.186340 0.996578 -0.082578 0.003645 0.082182 0.994595 0.063461 -0.008866 -0.062944 0.997978
1731926555865383936.000000 -2506.314209 141.218460 677.044250 0.996435 -0.084343 0.001820 0.084120 0.994977 0.054269 -0.006388 -0.053922 0.998525
1731926555898726144.000000 -2506.336426 140.349106 667.673157 0.996512 -0.083267 0.005434 0.082874 0.995204 0.051963 -0.009735 -0.051331 0.998634
1731926555932068608.000000 -2506.099121 138.131088 654.751892 0.996453 -0.083776 0.007924 0.083339 0.995508 0.044917 -0.011651 -0.044097 0.998959
1731926555965411072.000000 -2505.877197 135.530121 644.994080 0.996258 -0.086310 0.004442 0.086126 0.995774 0.031879 -0.007174 -0.031377 0.999482
1731926555998753536.000000 -2505.592041 134.063370 633.434204 0.996209 -0.086592 0.008303 0.086327 0.995866 0.028268 -0.010716 -0.027444 0.999566
1731926556032096000.000000 -2505.224609 131.893356 624.581543 0.995846 -0.090923 0.004786 0.090812 0.995672 0.019735 -0.006560 -0.019218 0.999794
1731926556065437440.000000 -2504.902588 130.581406 616.043945 0.995905 -0.090166 0.006617 0.090010 0.995720 0.020955 -0.008478 -0.020274 0.999759
1731926556098779904.000000 -2504.276855 128.365814 607.581543 0.995678 -0.092721 0.005300 0.092605 0.995520 0.019105 -0.007047 -0.018532 0.999803
1731926556132122368.000000 -2503.591553 126.678894 596.772705 0.995470 -0.095024 0.003254 0.094953 0.995327 0.017561 -0.004908 -0.017172 0.999840
1731926556165464576.000000 -2502.925293 124.848877 588.751221 0.995284 -0.096985 -0.002147 0.097003 0.995225 0.010858 0.001083 -0.011015 0.999939
1731926556198807296.000000 -2502.492432 124.408676 581.549133 0.995159 -0.098259 -0.001925 0.098277 0.995044 0.015166 0.000426 -0.015282 0.999883
1731926556232149504.000000 -2501.790039 122.920631 571.413940 0.994962 -0.100071 -0.006075 0.100123 0.994935 0.008941 0.005149 -0.009505 0.999942
1731926556265492224.000000 -2501.111572 121.897934 563.866272 0.994877 -0.100833 -0.007304 0.100898 0.994855 0.009144 0.006344 -0.009834 0.999932
1731926556298834688.000000 -2500.400635 121.747726 556.682983 0.994897 -0.100465 -0.009343 0.100529 0.994912 0.006603 0.008632 -0.007508 0.999935
1731926556332177408.000000 -2499.586914 121.621902 547.044922 0.994948 -0.099751 -0.011354 0.099827 0.994984 0.006371 0.010662 -0.007472 0.999915
1731926556365519872.000000 -2499.083984 122.027618 539.855530 0.994963 -0.099498 -0.012185 0.099570 0.995015 0.005491 0.011578 -0.006676 0.999911
1731926556398862336.000000 -2498.420166 121.377502 531.989258 0.995216 -0.096757 -0.013494 0.096758 0.995308 -0.000592 0.013488 -0.000716 0.999909
1731926556432205312.000000 -nan -nan -nan -nan -nan -nan -nan -nan -nan -nan -nan -nan
1731926556465547520.000000 -nan -nan -nan -nan -nan -nan -nan -nan -nan -nan -nan -nan
1731926556498890240.000000 -2496.500000 122.747330 505.818146 0.996107 -0.086969 -0.014386 0.087141 0.996126 0.011769 0.013307 -0.012977 0.999827
1731926556532231680.000000 -2495.734863 122.886604 494.766113 0.996309 -0.084124 -0.017075 0.084296 0.996394 0.009615 0.016205 -0.011019 0.999808
1731926556565574400.000000 -2495.279785 123.756844 486.622620 0.996361 -0.083410 -0.017542 0.083644 0.996410 0.013067 0.016389 -0.014487 0.999761
1731926556598917120.000000 -2494.518555 123.769798 478.327209 0.996640 -0.078787 -0.022376 0.079006 0.996833 0.009077 0.021590 -0.010815 0.999708
1731926556632259840.000000 -2494.167236 123.922127 466.337952 0.996487 -0.081264 -0.020259 0.081449 0.996642 0.008470 0.019503 -0.010091 0.999759
1731926556665601024.000000 -2493.896484 124.955399 458.145660 0.996657 -0.079594 -0.018403 0.079784 0.996764 0.009806 0.017563 -0.011242 0.999783
1731926556698942464.000000 -2493.554688 125.330353 449.466736 0.996916 -0.076815 -0.016075 0.076917 0.997020 0.005837 0.015578 -0.007056 0.999854
1731926556732283904.000000 -2493.000244 125.677063 437.666412 0.997004 -0.075857 -0.015113 0.075854 0.997119 -0.000769 0.015128 -0.000380 0.999885
1731926556765625088.000000 -2492.774658 127.228859 429.443634 0.997124 -0.074584 -0.013473 0.074625 0.997208 0.002533 0.013246 -0.003531 0.999906
1731926556798966528.000000 -2492.492188 128.297058 420.788818 0.997025 -0.075807 -0.013957 0.075855 0.997115 0.002895 0.013697 -0.003945 0.999898
1731926556832307456.000000 -2492.263916 129.097763 408.858154 0.997003 -0.076164 -0.013568 0.076172 0.997095 0.000091 0.013522 -0.001124 0.999908
1731926556865649152.000000 -2492.104004 129.672989 399.970459 0.997081 -0.075557 -0.010944 0.075588 0.997136 0.002405 0.010731 -0.003226 0.999937
1731926556898990592.000000 -2491.919922 130.089920 391.022919 0.997091 -0.075518 -0.010293 0.075554 0.997137 0.003163 0.010024 -0.003931 0.999942
1731926556932331776.000000 -2491.848389 130.238541 379.371490 0.997221 -0.074085 -0.007799 0.074120 0.997240 0.004341 0.007456 -0.004907 0.999960
1731926556965672192.000000 -2491.765625 130.027740 370.749573 0.997318 -0.072789 -0.007601 0.072819 0.997338 0.003775 0.007306 -0.004318 0.999964
1731926556999013376.000000 -2491.631348 129.954330 362.626129 0.997395 -0.071857 -0.006340 0.071866 0.997413 0.001318 0.006229 -0.001770 0.999979
1731926557032354816.000000 -2491.410156 129.599609 352.933289 0.997738 -0.066298 -0.011122 0.066198 0.997765 -0.009084 0.011699 0.008327 0.999897
1731926557065696000.000000 -2491.723633 128.951492 344.688171 0.997749 -0.066896 -0.004660 0.066845 0.997711 -0.010247 0.005335 0.009913 0.999937
1731926557099037440.000000 -2491.938477 128.699799 337.406982 0.997880 -0.064904 -0.004778 0.064816 0.997759 -0.016631 0.005846 0.016286 0.999850
1731926557132378880.000000 -2491.778320 127.142509 328.194763 0.998178 -0.059510 -0.009923 0.059203 0.997833 -0.028713 0.011610 0.028074 0.999538
1731926557165720064.000000 -2491.982178 127.524025 321.410919 0.998107 -0.061357 -0.004183 0.061257 0.997902 -0.020953 0.005460 0.020658 0.999772
1731926557199061504.000000 -2491.765381 127.135109 315.391266 0.998483 -0.053876 -0.011401 0.053442 0.997941 -0.035472 0.013289 0.034809 0.999306
1731926557232402688.000000 -2491.672607 125.490486 305.022034 0.998058 -0.061594 -0.009246 0.061483 0.998038 -0.011874 0.009959 0.011283 0.999887
1731926557265743872.000000 -2491.352539 124.627655 298.417999 0.998255 -0.057068 -0.015141 0.056777 0.998205 -0.019037 0.016201 0.018144 0.999704
1731926557299085056.000000 -2491.219727 124.209740 291.329681 0.998229 -0.056870 -0.017469 0.056567 0.998248 -0.017361 0.018425 0.016342 0.999697
1731926557332426496.000000 -2491.349609 123.466072 280.661896 0.998573 -0.053000 -0.006607 0.052921 0.998532 -0.011563 0.007210 0.011197 0.999911
1731926557365767936.000000 -2491.277832 122.131439 272.931641 0.998671 -0.050657 -0.009524 0.050431 0.998470 -0.022666 0.010657 0.022156 0.999698
1731926557399108096.000000 -2491.162842 121.916191 263.418945 0.998893 -0.046647 -0.006097 0.046475 0.998585 -0.025828 0.007293 0.025516 0.999648
1731926557432449536.000000 -2491.794678 123.849289 257.382019 0.999492 -0.031545 0.004523 0.031687 0.998852 -0.035913 -0.003385 0.036039 0.999345
1731926557465790720.000000 -2490.925049 121.345924 249.487930 0.999172 -0.038992 -0.011599 0.038464 0.998347 -0.042706 0.013245 0.042225 0.999020
1731926557499131904.000000 -2491.048340 121.356255 242.859253 0.999328 -0.035314 -0.009846 0.034833 0.998362 -0.045386 0.011432 0.045012 0.998921
1731926557532473088.000000 -2491.250977 122.701752 234.513153 0.999390 -0.034702 0.003992 0.034796 0.999035 -0.026796 -0.003058 0.026919 0.999633
1731926557565814528.000000 -2491.001221 121.997314 228.460022 0.999473 -0.032130 -0.004689 0.031915 0.998676 -0.040350 0.005980 0.040179 0.999175
1731926557599155968.000000 -2491.357666 123.745583 222.935928 0.999689 -0.021694 0.012287 0.022165 0.998969 -0.039631 -0.011415 0.039891 0.999139
1731926557632497152.000000 -2491.118408 123.523186 216.471115 0.999820 -0.018919 0.001343 0.018962 0.998571 -0.049970 -0.000396 0.049986 0.998750
1731926557665839872.000000 -2490.735107 121.819260 210.282288 0.999584 -0.027658 -0.008191 0.027270 0.998652 -0.044173 0.009402 0.043931 0.998990
1731926557699182592.000000 -2490.902832 121.946236 204.949402 0.999639 -0.026840 -0.000803 0.026791 0.998941 -0.037392 0.001806 0.037357 0.999300
1731926557732525056.000000 -2490.640137 121.437668 199.248672 0.999687 -0.023617 -0.008245 0.023216 0.998682 -0.045780 0.009315 0.045574 0.998918
1731926557765868032.000000 -2490.585693 121.640884 194.570007 0.999728 -0.022602 -0.005821 0.022309 0.998681 -0.046240 0.006859 0.046098 0.998913
1731926557799210496.000000 -2490.805908 121.917160 189.807266 0.999727 -0.023291 0.001642 0.023340 0.998806 -0.042905 -0.000641 0.042932 0.999078
1731926557832553216.000000 -2490.430420 121.604897 184.720337 0.999727 -0.023043 -0.003894 0.022803 0.998319 -0.053283 0.005115 0.053179 0.998572
1731926557865894912.000000 -2490.343262 122.385193 181.475708 0.999761 -0.021833 -0.001187 0.021738 0.998331 -0.053502 0.002353 0.053464 0.998567
1731926557899237888.000000 -2490.306641 122.341385 177.517059 0.999664 -0.025591 0.004078 0.025760 0.998475 -0.048830 -0.002823 0.048919 0.998799
1731926557932580608.000000 -2489.935547 121.963806 173.513702 0.999594 -0.028438 0.001730 0.028489 0.998240 -0.052014 -0.000247 0.052042 0.998645
1731926557965923328.000000 -2489.138672 121.310783 171.662033 0.999581 -0.028027 -0.007285 0.027563 0.997963 -0.057529 0.008882 0.057304 0.998317
1731926557999266048.000000 -2488.624512 120.545807 169.522278 0.999489 -0.029742 -0.011693 0.028951 0.997605 -0.062818 0.013533 0.062448 0.997956
1731926558032609024.000000 -2488.286133 120.376625 166.789413 0.999474 -0.032130 -0.004490 0.031866 0.998242 -0.049968 0.006088 0.049798 0.998741
1731926558065951488.000000 -2487.729004 119.254829 165.856659 0.999393 -0.031325 -0.015217 0.030308 0.997553 -0.063001 0.017153 0.062502 0.997897
1731926558099294464.000000 -2487.813721 120.418533 165.584610 0.999790 -0.020350 -0.002392 0.020136 0.997407 -0.069099 0.003791 0.069036 0.997607
1731926558132637184.000000 -2487.722168 120.128052 164.456146 0.999814 -0.019280 -0.000028 0.019236 0.997662 -0.065577 0.001292 0.065565 0.997847
1731926558165980416.000000 -2487.608154 119.553001 163.420868 0.999829 -0.018420 0.001675 0.018490 0.997697 -0.065253 -0.000469 0.065273 0.997867
1731926558199322880.000000 -2487.615723 118.967499 162.622864 0.999844 -0.017446 0.002740 0.017589 0.997677 -0.065810 -0.001586 0.065848 0.997828
1731926558232665856.000000 -2487.468994 118.497978 161.996170 0.999879 -0.014541 0.005444 0.014870 0.997684 -0.066379 -0.004467 0.066451 0.997780
1731926558266008832.000000 -2487.291748 118.228409 161.797165 0.999900 -0.012842 0.005940 0.013206 0.997740 -0.065881 -0.005080 0.065953 0.997810
1731926558299350784.000000 -2487.198242 118.147446 161.748352 0.999908 -0.012028 0.006202 0.012403 0.997841 -0.064487 -0.005413 0.064558 0.997899
1731926558332693504.000000 -2486.980957 118.416046 162.234207 0.999919 -0.010908 0.006574 0.011314 0.997804 -0.065257 -0.005847 0.065326 0.997847
1731926558366036480.000000 -2487.035156 118.853271 162.526154 0.999815 -0.012770 0.014378 0.013596 0.998169 -0.058944 -0.013599 0.059129 0.998158
1731926558399379456.000000 -2486.418457 116.567085 163.353027 0.999696 -0.023968 -0.005747 0.023562 0.997761 -0.062596 0.007234 0.062442 0.998022
1731926558432722432.000000 -2486.393555 117.486580 166.076981 0.999626 -0.027187 0.002814 0.027306 0.997868 -0.059284 -0.001196 0.059338 0.998237
1731926558466065408.000000 -2486.051758 117.384232 168.988510 0.999569 -0.029262 0.002181 0.029341 0.997717 -0.060822 -0.000396 0.060860 0.998146
1731926558499408128.000000 -2485.823242 117.843269 172.765686 0.999524 -0.030663 0.003284 0.030802 0.997850 -0.057857 -0.001502 0.057931 0.998320
1731926558532751360.000000 -2485.453857 117.696693 178.687088 0.999483 -0.031481 -0.006457 0.030985 0.997324 -0.066219 0.008525 0.065984 0.997784
1731926558566094080.000000 -2485.896729 120.362915 184.365189 0.999664 -0.022726 0.012464 0.023498 0.997560 -0.065747 -0.010939 0.066018 0.997758
1731926558599437312.000000 -2485.206543 118.859596 189.177155 0.999445 -0.032737 -0.006234 0.032292 0.997586 -0.061484 0.008232 0.061249 0.998089
1731926558632780288.000000 -2485.407227 119.363632 196.220520 0.999338 -0.036387 -0.000288 0.036323 0.997992 -0.051881 0.002175 0.051836 0.998653
1731926558666122240.000000 -2485.222168 120.417046 203.578583 0.999389 -0.034689 -0.004278 0.034419 0.998041 -0.052248 0.006082 0.052069 0.998625
1731926558699463680.000000 -2485.095947 120.210915 209.958099 0.999358 -0.035086 -0.007316 0.034603 0.997712 -0.058081 0.009337 0.057790 0.998285
1731926558732804608.000000 -2485.213867 121.105080 218.824631 0.999309 -0.037145 -0.001244 0.037034 0.998025 -0.050739 0.003127 0.050658 0.998711
1731926558766146048.000000 -2484.955566 121.188087 226.241470 0.999326 -0.035972 -0.007283 0.035541 0.997985 -0.052553 0.009159 0.052259 0.998592
1731926558799487744.000000 -2484.963135 121.440071 233.423187 0.999299 -0.036848 -0.006670 0.036491 0.998209 -0.047413 0.008405 0.047137 0.998853
1731926558832829696.000000 -2485.297607 122.922142 243.204178 0.999193 -0.040127 0.001705 0.040163 0.998513 -0.036858 -0.000223 0.036897 0.999319
1731926558866171136.000000 -2485.280029 122.303368 250.481018 0.999089 -0.040672 -0.012960 0.039764 0.997161 -0.063950 0.015524 0.063376 0.997869
1731926558899513088.000000 -2485.315674 122.768379 258.374512 0.999038 -0.042329 -0.011498 0.041422 0.996677 -0.070140 0.014429 0.069596 0.997471
1731926558932854784.000000 -2485.333496 123.206459 268.512085 0.998911 -0.046473 -0.004006 0.046103 0.996712 -0.066629 0.007089 0.066372 0.997770
1731926558966196224.000000 -2485.230957 123.520554 276.597351 0.998890 -0.046818 -0.005133 0.046341 0.996435 -0.070502 0.008415 0.070186 0.997498
1731926558999538176.000000 -2484.842773 123.476967 285.362366 0.998795 -0.047033 -0.014028 0.045733 0.995595 -0.081852 0.017816 0.081112 0.996546
1731926559032879872.000000 -2484.591309 123.722076 296.251648 0.998654 -0.050099 -0.013406 0.048828 0.995393 -0.082516 0.017478 0.081750 0.996500
1731926559066221568.000000 -2485.031494 125.911278 305.752228 0.999175 -0.040540 -0.002208 0.040222 0.995803 -0.082216 0.005531 0.082059 0.996612
1731926559099563264.000000 -2484.834229 125.362282 313.514069 0.998762 -0.049743 0.000678 0.049666 0.996272 -0.070534 0.002833 0.070480 0.997509
1731926559132904960.000000 -2484.739746 125.808029 325.350464 0.998611 -0.052653 0.001926 0.052655 0.996049 -0.071507 0.001847 0.071509 0.997438
1731926559166246656.000000 -2484.814453 126.464005 334.170715 0.998588 -0.052932 0.004584 0.053124 0.996093 -0.070546 -0.000832 0.070689 0.997498
1731926559199587328.000000 -2484.453857 125.938515 342.937683 0.998513 -0.054229 -0.005493 0.053595 0.995171 -0.082234 0.009925 0.081818 0.996598
1731926559232929280.000000 -2484.526123 127.758827 354.863983 0.998448 -0.055137 0.007841 0.055551 0.996017 -0.069744 -0.003964 0.070071 0.997534
