1732703575267742464.000000 -2415.063232 154.885391 141.581192 0.999451 -0.030128 0.013794 0.030074 0.999539 0.004123 -0.013912 -0.003706 0.999896 
1732703575301083648.000000 -2415.057129 154.961700 141.578415 0.999472 -0.029380 0.013863 0.029311 0.999557 0.005169 -0.014008 -0.004760 0.999891 
1732703575334420224.000000 -2414.627930 153.741867 140.709244 0.999440 -0.024524 0.022755 0.024301 0.999654 0.010063 -0.022994 -0.009505 0.999690 
1732703575367752704.000000 -2414.614014 153.681961 140.676208 0.999437 -0.024788 0.022623 0.024576 0.999652 0.009620 -0.022854 -0.009059 0.999698 
1732703575401080832.000000 -2414.582031 153.595413 140.716827 0.999430 -0.025262 0.022382 0.025054 0.999641 0.009527 -0.022615 -0.008961 0.999704 
1732703575434404864.000000 -2414.886475 154.575531 141.281128 0.999449 -0.029837 0.014573 0.029816 0.999554 0.001644 -0.014616 -0.001209 0.999892 
1732703575467724288.000000 -2414.880615 154.580948 141.292084 0.999448 -0.029929 0.014431 0.029912 0.999552 0.001431 -0.014467 -0.000999 0.999895 
1732703575501039616.000000 -2414.999023 154.932098 141.602966 0.999455 -0.030058 0.013667 0.030020 0.999545 0.002970 -0.013750 -0.002558 0.999902 
1732703575534350848.000000 -2415.004639 154.910294 141.613617 0.999457 -0.029940 0.013759 0.029901 0.999548 0.003027 -0.013843 -0.002614 0.999901 
1732703575567657472.000000 -2414.920410 154.832291 141.593613 0.999475 -0.029505 0.013394 0.029466 0.999561 0.003070 -0.013479 -0.002673 0.999906 
1732703575600960000.000000 -2414.900391 154.671448 141.501389 0.999458 -0.030366 0.012734 0.030334 0.999536 0.002704 -0.012811 -0.002316 0.999915 
1732703575634257920.000000 -2414.842773 154.583282 141.496063 0.999470 -0.029739 0.013277 0.029702 0.999554 0.003038 -0.013361 -0.002642 0.999907 
1732703575667552000.000000 -2414.895996 154.692062 141.535828 0.999463 -0.030195 0.012715 0.030164 0.999542 0.002591 -0.012787 -0.002206 0.999916 
1732703575700841728.000000 -2414.907471 154.686371 141.535416 0.999459 -0.030351 0.012652 0.030322 0.999537 0.002517 -0.012723 -0.002132 0.999917 
1732703575734125824.000000 -2414.901367 154.714722 141.529816 0.999457 -0.030392 0.012724 0.030361 0.999536 0.002648 -0.012798 -0.002260 0.999916 
1732703575767406592.000000 -2414.897461 154.699402 141.519928 0.999456 -0.030439 0.012698 0.030407 0.999534 0.002730 -0.012775 -0.002343 0.999916 
1732703575800683776.000000 -2414.914795 154.724854 141.539017 0.999460 -0.030228 0.012902 0.030196 0.999540 0.002674 -0.012977 -0.002283 0.999913 
1732703575833955840.000000 -2414.715820 154.434784 141.294922 0.999453 -0.029939 0.014043 0.029926 0.999551 0.001188 -0.014072 -0.000767 0.999901 
1732703575867224320.000000 -2414.592773 154.127304 141.113342 0.999461 -0.028312 0.016611 0.028256 0.999594 0.003627 -0.016707 -0.003155 0.999855 
1732703575900487936.000000 -2414.687988 154.281113 141.244308 0.999443 -0.030142 0.014355 0.030119 0.999545 0.001819 -0.014403 -0.001386 0.999895 
1732703575933747200.000000 -2414.688477 154.281143 141.249008 0.999440 -0.030143 0.014524 0.030121 0.999545 0.001714 -0.014569 -0.001276 0.999893 
1732703575967004416.000000 -2414.683350 154.271988 141.234146 0.999444 -0.030020 0.014507 0.029996 0.999548 0.001855 -0.014557 -0.001419 0.999893 
1732703576000216832.000000 -2414.810059 154.225311 141.155411 0.999438 -0.030468 0.013984 0.030445 0.999535 0.001858 -0.014035 -0.001431 0.999900 
1732703576033422592.000000 -2414.656738 154.051834 141.055923 0.999453 -0.028804 0.016233 0.028746 0.999579 0.003816 -0.016336 -0.003348 0.999861 
1732703576066621440.000000 -2414.656250 154.044815 141.059753 0.999452 -0.028832 0.016250 0.028773 0.999579 0.003852 -0.016354 -0.003383 0.999861 
1732703576099813376.000000 -2414.761230 154.271133 141.207733 0.999438 -0.030280 0.014374 0.030255 0.999540 0.001923 -0.014425 -0.001487 0.999895 
1732703576132998656.000000 -2414.656494 154.037949 141.039688 0.999451 -0.028870 0.016242 0.028810 0.999577 0.003880 -0.016347 -0.003409 0.999861 
1732703576166176256.000000 -2414.672607 153.968262 140.980408 0.999453 -0.029030 0.015841 0.028971 0.999572 0.003948 -0.015949 -0.003487 0.999867 
1732703576199347968.000000 -2414.543701 154.029572 141.042404 0.999453 -0.028709 0.016388 0.028650 0.999582 0.003822 -0.016491 -0.003351 0.999858 
1732703576232512768.000000 -2414.678711 154.269394 141.207840 0.999440 -0.030095 0.014599 0.030071 0.999546 0.001898 -0.014649 -0.001458 0.999892 
1732703576265670656.000000 -2414.676270 154.273560 141.211899 0.999445 -0.030113 0.014277 0.030088 0.999545 0.001967 -0.014330 -0.001536 0.999896 
1732703576298822144.000000 -2414.660156 154.253845 141.215744 0.999444 -0.030134 0.014284 0.030110 0.999545 0.001847 -0.014333 -0.001416 0.999896 
1732703576331966464.000000 -2414.562256 154.062515 141.088974 0.999457 -0.028659 0.016229 0.028600 0.999583 0.003868 -0.016333 -0.003402 0.999861 
1732703576365103616.000000 -2414.567627 154.071030 141.075699 0.999458 -0.028621 0.016252 0.028560 0.999584 0.003948 -0.016359 -0.003482 0.999860 
1732703576398234624.000000 -2414.561523 154.061539 141.084396 0.999459 -0.028633 0.016153 0.028572 0.999584 0.003976 -0.016260 -0.003513 0.999862 
1732703576431358464.000000 -2414.562256 154.067917 141.093262 0.999454 -0.028707 0.016376 0.028644 0.999581 0.004062 -0.016486 -0.003591 0.999858 
1732703576464475648.000000 -2414.571045 154.051834 141.098862 0.999457 -0.028659 0.016288 0.028598 0.999583 0.003916 -0.016394 -0.003448 0.999860 
1732703576497585920.000000 -2414.539551 154.135056 141.153305 0.999462 -0.027971 0.017124 0.027915 0.999604 0.003506 -0.017215 -0.003026 0.999847 
1732703576530689536.000000 -2414.583008 154.105682 141.121521 0.999457 -0.028414 0.016659 0.028353 0.999591 0.003854 -0.016761 -0.003379 0.999854 
1732703576563786240.000000 -2414.586914 154.111603 141.131775 0.999456 -0.028411 0.016769 0.028353 0.999591 0.003727 -0.016868 -0.003250 0.999852 
1732703576596875008.000000 -2414.583496 154.086777 141.115494 0.999457 -0.028449 0.016609 0.028393 0.999590 0.003562 -0.016704 -0.003089 0.999856 
1732703576629958144.000000 -2414.589355 154.115509 141.119339 0.999457 -0.028338 0.016834 0.028281 0.999593 0.003612 -0.016929 -0.003134 0.999852 
1732703576663034112.000000 -2414.585449 154.098801 141.117645 0.999458 -0.028327 0.016798 0.028266 0.999593 0.003841 -0.016900 -0.003365 0.999852 
1732703576696103680.000000 -2414.571777 154.095856 141.103119 0.999459 -0.028402 0.016592 0.028343 0.999591 0.003807 -0.016693 -0.003335 0.999855 
1732703576729166080.000000 -2414.580811 154.105103 141.130005 0.999458 -0.028383 0.016680 0.028326 0.999592 0.003629 -0.016776 -0.003154 0.999854 
1732703576762222080.000000 -2414.585938 154.110275 141.127197 0.999459 -0.028432 0.016549 0.028375 0.999591 0.003666 -0.016647 -0.003194 0.999856 
1732703576795270656.000000 -2414.578857 154.109283 141.121902 0.999455 -0.028360 0.016880 0.028302 0.999593 0.003711 -0.016978 -0.003231 0.999851 
1732703576828313088.000000 -2414.583984 154.102142 141.104172 0.999457 -0.028402 0.016721 0.028345 0.999592 0.003647 -0.016818 -0.003171 0.999854 
1732703576861348096.000000 -2414.574707 154.059998 141.097366 0.999459 -0.028311 0.016732 0.028253 0.999594 0.003667 -0.016829 -0.003192 0.999853 
1732703576894376704.000000 -2414.575439 154.094452 141.113235 0.999457 -0.028254 0.016958 0.028193 0.999595 0.003800 -0.017058 -0.003320 0.999849 
1732703576927398400.000000 -2414.592041 154.062607 141.111404 0.999456 -0.028385 0.016803 0.028327 0.999592 0.003664 -0.016900 -0.003186 0.999852 
1732703576960416256.000000 -2414.588135 154.080917 141.113434 0.999459 -0.028367 0.016670 0.028311 0.999593 0.003637 -0.016766 -0.003163 0.999854 
1732703576993759232.000000 -2414.584961 154.063477 141.107330 0.999459 -0.028388 0.016617 0.028331 0.999592 0.003661 -0.016714 -0.003188 0.999855 
1732703577027101952.000000 -2414.584229 154.086182 141.122543 0.999456 -0.028442 0.016712 0.028386 0.999591 0.003575 -0.016806 -0.003099 0.999854 
1732703577060444416.000000 -2414.566895 154.080322 141.097778 0.999455 -0.028465 0.016726 0.028408 0.999590 0.003610 -0.016822 -0.003133 0.999854 
1732703577093787648.000000 -2414.569580 154.091141 141.108429 0.999454 -0.028499 0.016723 0.028446 0.999590 0.003410 -0.016813 -0.002932 0.999854 
1732703577127131136.000000 -2414.573730 154.082947 141.116135 0.999456 -0.028547 0.016532 0.028494 0.999588 0.003455 -0.016624 -0.002983 0.999857 
1732703577160474880.000000 -2414.559326 154.074753 141.086197 0.999455 -0.028539 0.016588 0.028486 0.999588 0.003413 -0.016679 -0.002939 0.999857 
1732703577193818624.000000 -2414.568115 154.075562 141.112045 0.999457 -0.028459 0.016619 0.028404 0.999590 0.003518 -0.016712 -0.003044 0.999856 
1732703577227162624.000000 -2414.572998 154.098480 141.104614 0.999455 -0.028450 0.016769 0.028395 0.999591 0.003495 -0.016861 -0.003017 0.999853 
1732703577260506880.000000 -2414.567871 154.080353 141.111404 0.999455 -0.028438 0.016779 0.028378 0.999590 0.003808 -0.016880 -0.003330 0.999852 
1732703577293851392.000000 -2414.558594 154.080414 141.109238 0.999455 -0.028515 0.016648 0.028462 0.999589 0.003458 -0.016740 -0.002982 0.999855 
1732703577327195904.000000 -2414.524658 154.082657 141.111359 0.999461 -0.028195 0.016790 0.028139 0.999597 0.003608 -0.016885 -0.003133 0.999853 
1732703577360540672.000000 -2414.544922 154.172485 141.153534 0.999464 -0.027914 0.017094 0.027862 0.999606 0.003260 -0.017178 -0.002782 0.999849 
1732703577393885696.000000 -2414.543213 154.181717 141.156418 0.999464 -0.027871 0.017181 0.027819 0.999608 0.003239 -0.017265 -0.002759 0.999847 
1732703577427230720.000000 -2414.634033 154.281998 141.246689 0.999447 -0.029758 0.014841 0.029734 0.999556 0.001819 -0.014888 -0.001377 0.999888 
1732703577460576000.000000 -2414.660645 154.253555 141.178238 0.999468 -0.027817 0.017007 0.027744 0.999605 0.004486 -0.017125 -0.004012 0.999845 
1732703577493920512.000000 -2414.680176 154.267578 141.179977 0.999469 -0.027894 0.016843 0.027821 0.999603 0.004537 -0.016963 -0.004066 0.999848 
1732703577527266304.000000 -2414.688721 154.289047 141.161911 0.999471 -0.027728 0.016988 0.027657 0.999608 0.004394 -0.017104 -0.003922 0.999846 
1732703577560612096.000000 -2414.704590 154.348740 141.140015 0.999480 -0.027550 0.016770 0.027477 0.999612 0.004550 -0.016889 -0.004087 0.999849 
1732703577593958144.000000 -2414.713379 154.364136 141.159103 0.999481 -0.027455 0.016874 0.027381 0.999615 0.004568 -0.016993 -0.004103 0.999847 
1732703577627304192.000000 -2414.614502 154.690613 141.446411 0.999503 -0.028849 0.012669 0.028848 0.999584 0.000288 -0.012672 0.000078 0.999920 
1732703577660650752.000000 -2414.721191 154.975937 141.614044 0.999483 -0.030340 0.010621 0.030360 0.999537 -0.001750 -0.010563 0.002071 0.999942 
1732703577693997312.000000 -2414.655273 154.870956 141.572067 0.999479 -0.030600 0.010250 0.030616 0.999530 -0.001428 -0.010201 0.001741 0.999946 
1732703577727344128.000000 -2414.636963 154.859497 141.546844 0.999482 -0.030428 0.010486 0.030445 0.999535 -0.001496 -0.010435 0.001814 0.999944 
1732703577760690944.000000 -2414.655762 154.859909 141.563187 0.999481 -0.030526 0.010246 0.030542 0.999532 -0.001417 -0.010198 0.001729 0.999946 
1732703577794038016.000000 -2414.633545 154.868866 141.555466 0.999481 -0.030479 0.010413 0.030499 0.999533 -0.001709 -0.010356 0.002026 0.999944 
1732703577827385088.000000 -2414.642090 154.884018 141.538742 0.999484 -0.030288 0.010720 0.030304 0.999540 -0.001343 -0.010675 0.001667 0.999942 
1732703577860732928.000000 -2414.755859 154.811249 141.559784 0.999458 -0.031139 0.010713 0.031154 0.999514 -0.001250 -0.010669 0.001583 0.999942 
1732703577894080512.000000 -2414.755371 154.895233 141.600876 0.999445 -0.031454 0.011007 0.031454 0.999505 0.000112 -0.011005 0.000234 0.999939 
1732703577927427328.000000 -2414.585693 154.673691 141.468964 0.999462 -0.031171 0.010205 0.031193 0.999511 -0.002056 -0.010136 0.002374 0.999946 
1732703577960775168.000000 -2414.579590 154.677139 141.495407 0.999462 -0.031277 0.009866 0.031302 0.999507 -0.002343 -0.009788 0.002651 0.999949 
1732703577994130944.000000 -2414.570312 154.691116 141.497635 0.999469 -0.030974 0.010106 0.030999 0.999517 -0.002347 -0.010029 0.002660 0.999946 
1732703578027486976.000000 -2414.545654 154.687927 141.476959 0.999466 -0.031114 0.009997 0.031140 0.999512 -0.002424 -0.009917 0.002734 0.999947 
1732703578060843776.000000 -2414.565918 154.690872 141.486206 0.999464 -0.031144 0.010113 0.031171 0.999511 -0.002534 -0.010029 0.002848 0.999946 
1732703578094200832.000000 -2414.552979 154.663208 141.484756 0.999464 -0.031186 0.009921 0.031214 0.999509 -0.002705 -0.009832 0.003013 0.999947 
1732703578127558400.000000 -2414.571289 154.685333 141.496490 0.999467 -0.031142 0.009840 0.031168 0.999511 -0.002469 -0.009758 0.002775 0.999949 
1732703578160916480.000000 -2414.577393 154.766327 141.567032 0.999462 -0.031074 0.010450 0.031094 0.999515 -0.001717 -0.010391 0.002041 0.999944 
1732703578194275072.000000 -2414.504150 154.112000 141.000412 0.999528 -0.026751 0.015086 0.026795 0.999637 -0.002748 -0.015007 0.003151 0.999882 
1732703578227634432.000000 -2414.640137 154.316162 141.162842 0.999471 -0.027700 0.017069 0.027613 0.999604 0.005336 -0.017210 -0.004862 0.999840 
1732703578260994048.000000 -2415.340088 153.804413 140.984131 0.999446 -0.029901 0.014645 0.029957 0.999545 -0.003635 -0.014529 0.004072 0.999886 
1732703578294353664.000000 -2415.285156 153.581436 140.846817 0.999437 -0.030378 0.014239 0.030434 0.999530 -0.003688 -0.014120 0.004120 0.999892 
1732703578327714560.000000 -2415.372803 154.129059 141.278427 0.999400 -0.032739 0.011287 0.032747 0.999464 -0.000479 -0.011265 0.000849 0.999936 
1732703578361075456.000000 -2415.360107 154.112518 141.277435 0.999402 -0.032629 0.011473 0.032635 0.999467 -0.000388 -0.011455 0.000762 0.999934 
1732703578394436096.000000 -2415.394287 154.119781 141.303497 0.999399 -0.032774 0.011308 0.032783 0.999462 -0.000591 -0.011282 0.000961 0.999936 
1732703578427798016.000000 -2415.394043 154.309677 141.407425 0.999409 -0.032283 0.011768 0.032292 0.999478 -0.000566 -0.011744 0.000946 0.999931 
1732703578461160448.000000 -2415.422363 154.334793 141.410919 0.999405 -0.032436 0.011692 0.032447 0.999473 -0.000738 -0.011661 0.001117 0.999931 
1732703578494523648.000000 -2415.407227 154.300476 141.398331 0.999409 -0.032321 0.011697 0.032332 0.999477 -0.000681 -0.011669 0.001059 0.999931 
1732703578527887104.000000 -2415.423096 154.338287 141.427505 0.999411 -0.032177 0.011931 0.032188 0.999482 -0.000754 -0.011900 0.001138 0.999929 
1732703578561250816.000000 -2415.408691 154.316605 141.406586 0.999408 -0.032274 0.011889 0.032285 0.999478 -0.000712 -0.011860 0.001095 0.999929 
1732703578594615296.000000 -2415.403076 154.344559 141.417526 0.999413 -0.032103 0.011993 0.032116 0.999484 -0.000866 -0.011959 0.001250 0.999928 
1732703578627980288.000000 -2415.406006 154.355988 141.435349 0.999415 -0.031947 0.012245 0.031959 0.999489 -0.000775 -0.012214 0.001166 0.999925 
1732703578661345792.000000 -2415.429688 154.389313 141.446243 0.999415 -0.031907 0.012300 0.031922 0.999490 -0.000990 -0.012262 0.001382 0.999924 
1732703578694711808.000000 -2415.468750 154.418762 141.477417 0.999410 -0.032092 0.012247 0.032108 0.999484 -0.001087 -0.012206 0.001480 0.999924 
1732703578728077824.000000 -2415.511719 154.382050 141.546768 0.999409 -0.032138 0.012179 0.032153 0.999482 -0.001050 -0.012139 0.001441 0.999925 
1732703578761444864.000000 -2415.398682 154.320648 141.613876 0.999417 -0.031881 0.012194 0.031890 0.999491 -0.000539 -0.012171 0.000928 0.999925 
1732703578794812160.000000 -2415.453613 154.255630 141.761124 0.999409 -0.032091 0.012293 0.032099 0.999485 -0.000456 -0.012272 0.000851 0.999924 
1732703578828178944.000000 -2415.665283 154.233948 142.042404 0.999381 -0.032470 0.013527 0.032495 0.999471 -0.001652 -0.013466 0.002090 0.999907 
1732703578861547520.000000 -2415.817871 154.186066 142.585175 0.999360 -0.032851 0.014126 0.032913 0.999449 -0.004242 -0.013979 0.004704 0.999891 
1732703578894916352.000000 -2415.809082 153.993866 143.423248 0.999289 -0.033881 0.016553 0.034002 0.999396 -0.007113 -0.016302 0.007671 0.999838 
1732703578928285696.000000 -2416.310059 153.774460 145.285889 0.999158 -0.037904 0.015729 0.038179 0.999117 -0.017530 -0.015050 0.018115 0.999723 
1732703578961655040.000000 -2417.100342 152.997772 148.421936 0.999014 -0.041950 0.014505 0.042309 0.998782 -0.025397 -0.013422 0.025986 0.999572 
1732703578994996480.000000 -2417.371582 151.760910 150.242264 0.998899 -0.045161 0.012679 0.045439 0.998713 -0.022513 -0.011646 0.023064 0.999666 
1732703579028338176.000000 -2417.901367 151.071686 152.738739 0.998917 -0.045352 0.010346 0.045531 0.998805 -0.017783 -0.009527 0.018235 0.999788 
1732703579061679872.000000 -2418.789307 150.594559 157.029114 0.998821 -0.047984 0.007300 0.048082 0.998747 -0.013907 -0.006624 0.014241 0.999877 
1732703579095021312.000000 -2418.381592 150.336182 158.025436 0.998936 -0.045254 0.008843 0.045353 0.998906 -0.011380 -0.008318 0.011769 0.999896 
1732703579128363008.000000 -2418.931641 150.574799 163.679062 0.998972 -0.045213 0.003300 0.045264 0.998826 -0.017261 -0.002516 0.017392 0.999846 
1732703579161704192.000000 -2418.827148 150.661316 168.140625 0.999023 -0.044134 0.002131 0.044168 0.998818 -0.020314 -0.001232 0.020389 0.999791 
1732703579195045888.000000 -2418.625488 150.841705 173.172165 0.999121 -0.041874 0.001892 0.041905 0.998886 -0.021705 -0.000981 0.021765 0.999763 
1732703579228387584.000000 -2418.428467 151.341019 180.259064 0.999224 -0.039199 0.003864 0.039267 0.999041 -0.019368 -0.003101 0.019505 0.999805 
1732703579261727744.000000 -2418.180664 151.626343 185.931473 0.999343 -0.035934 0.004831 0.036003 0.999237 -0.015130 -0.004283 0.015294 0.999874 
1732703579295069440.000000 -2417.922363 152.136810 192.067932 0.999416 -0.033779 0.005186 0.033842 0.999349 -0.012469 -0.004762 0.012637 0.999909 
1732703579328410880.000000 -2417.081055 152.907211 200.350952 0.999563 -0.028249 0.008687 0.028317 0.999568 -0.007819 -0.008462 0.008061 0.999932 
1732703579361752576.000000 -2416.506592 153.541061 206.769455 0.999632 -0.024648 0.011294 0.024722 0.999673 -0.006482 -0.011130 0.006759 0.999915 
1732703579395094016.000000 -2416.621826 154.130341 213.520462 0.999671 -0.024506 0.007639 0.024570 0.999663 -0.008386 -0.007431 0.008571 0.999936 
1732703579428435456.000000 -2416.136475 154.321503 222.031906 0.999731 -0.021415 0.008937 0.021442 0.999766 -0.003028 -0.008870 0.003219 0.999955 
1732703579461777152.000000 -2416.474609 154.388062 228.812073 0.999718 -0.023237 0.004825 0.023257 0.999721 -0.004159 -0.004728 0.004270 0.999980 
1732703579495118336.000000 -2416.208496 153.751724 234.818985 0.999744 -0.021254 0.007729 0.021265 0.999773 -0.001391 -0.007697 0.001555 0.999969 
1732703579528460032.000000 -2416.767578 153.530167 244.045074 0.999725 -0.021357 0.009662 0.021356 0.999772 0.000131 -0.009662 0.000075 0.999953 
1732703579561801472.000000 -2417.290039 152.653275 251.207123 0.999696 -0.023642 0.007010 0.023661 0.999717 -0.002531 -0.006948 0.002696 0.999972 
1732703579595143168.000000 -2417.267090 151.241257 258.205780 0.999696 -0.022862 0.009260 0.022833 0.999734 0.003242 -0.009331 -0.003029 0.999952 
1732703579628484608.000000 -2418.232422 150.393143 269.122253 0.999724 -0.022311 0.007405 0.022334 0.999746 -0.003012 -0.007336 0.003176 0.999968 
1732703579661826048.000000 -2418.361328 149.053970 276.894531 0.999746 -0.021154 0.007797 0.021179 0.999771 -0.003039 -0.007731 0.003203 0.999965 
1732703579695167488.000000 -2418.352539 147.022217 284.536987 0.999773 -0.020463 0.005987 0.020496 0.999775 -0.005437 -0.005875 0.005558 0.999967 
1732703579728507904.000000 -2418.783936 145.346985 295.383118 0.999796 -0.020030 0.002596 0.020059 0.999732 -0.011589 -0.002363 0.011639 0.999929 
1732703579761849600.000000 -2419.168945 144.235703 303.315277 0.999780 -0.020948 0.000461 0.020952 0.999700 -0.012655 -0.000196 0.012662 0.999920 
1732703579795191296.000000 -2419.448242 142.988434 310.870544 0.999801 -0.019936 0.000348 0.019939 0.999658 -0.016907 -0.000011 0.016910 0.999857 
1732703579828532736.000000 -2419.616455 141.113312 320.372864 0.999771 -0.021390 -0.001080 0.021368 0.999622 -0.017326 0.001450 0.017299 0.999849 
1732703579861874176.000000 -2419.787109 139.537369 327.581970 0.999703 -0.023858 -0.004982 0.023774 0.999585 -0.016251 0.005368 0.016128 0.999856 
1732703579895215616.000000 -2419.739502 138.461731 335.065765 0.999726 -0.023214 -0.003122 0.023154 0.999569 -0.018034 0.003540 0.017957 0.999833 
1732703579928557056.000000 -2419.501221 136.961426 344.460602 0.999690 -0.024433 -0.004870 0.024340 0.999536 -0.018315 0.005315 0.018191 0.999820 
1732703579961898752.000000 -2419.410156 136.328674 351.447449 0.999678 -0.024959 -0.004523 0.024882 0.999558 -0.016278 0.004927 0.016160 0.999857 
1732703579995239680.000000 -2418.678223 135.766388 358.283508 0.999675 -0.025224 -0.003788 0.025156 0.999538 -0.017057 0.004217 0.016956 0.999847 
1732703580028580864.000000 -2417.442139 134.959473 367.346710 0.999704 -0.024153 -0.002811 0.024105 0.999585 -0.015774 0.003190 0.015702 0.999872 
1732703580061921792.000000 -2416.857422 134.461105 374.127808 0.999620 -0.026779 -0.006527 0.026638 0.999429 -0.020798 0.007080 0.020616 0.999762 
1732703580095262976.000000 -2415.699219 133.860016 380.578522 0.999666 -0.025467 -0.004327 0.025380 0.999495 -0.019109 0.004812 0.018992 0.999808 
1732703580128603904.000000 -2414.565918 133.044022 389.337982 0.999671 -0.024768 -0.006655 0.024637 0.999515 -0.019037 0.007124 0.018867 0.999797 
1732703580161943808.000000 -2413.785156 132.273407 395.891449 0.999603 -0.026249 -0.010241 0.025984 0.999344 -0.025245 0.010897 0.024969 0.999629 
1732703580195284736.000000 -2412.477783 131.407120 401.921387 0.999680 -0.023534 -0.009251 0.023373 0.999579 -0.017219 0.009653 0.016997 0.999809 
1732703580228625920.000000 -2411.443359 130.913406 410.574402 0.999796 -0.019493 -0.005350 0.019383 0.999612 -0.020015 0.005738 0.019908 0.999785 
1732703580261967104.000000 -2410.822510 131.378830 417.036163 0.999860 -0.016694 -0.001128 0.016671 0.999697 -0.018088 0.001430 0.018066 0.999836 
1732703580295308032.000000 -2410.073975 130.773438 423.016449 0.999851 -0.017104 -0.002203 0.017052 0.999619 -0.021721 0.002573 0.021681 0.999762 
1732703580328648960.000000 -2409.387695 130.757935 431.355438 0.999853 -0.017041 -0.001752 0.017006 0.999689 -0.018214 0.002062 0.018182 0.999833 
1732703580361989888.000000 -2408.678223 130.872833 437.593994 0.999816 -0.018551 -0.004975 0.018447 0.999625 -0.020249 0.005349 0.020153 0.999783 
1732703580395331072.000000 -2408.153320 131.264633 443.485687 0.999816 -0.018755 -0.004131 0.018679 0.999672 -0.017545 0.004459 0.017464 0.999838 
1732703580428672000.000000 -2408.040771 131.430084 451.246796 0.999752 -0.021513 -0.005822 0.021422 0.999653 -0.015303 0.006149 0.015174 0.999866 
1732703580462012928.000000 -2408.058838 131.553070 457.096344 0.999671 -0.023886 -0.009358 0.023731 0.999584 -0.016375 0.009745 0.016147 0.999822 
1732703580495353856.000000 -2408.654053 131.483704 462.365387 0.999541 -0.028368 -0.010632 0.028229 0.999517 -0.013008 0.010996 0.012702 0.999859 
1732703580528694784.000000 -2408.948242 131.524109 469.319397 0.999541 -0.028315 -0.010733 0.028181 0.999525 -0.012439 0.011080 0.012131 0.999865 
1732703580562035968.000000 -2409.722168 131.865799 474.375031 0.999510 -0.029904 -0.009281 0.029790 0.999482 -0.012195 0.009641 0.011913 0.999883 
1732703580595375872.000000 -2410.093506 131.322418 478.723419 0.999521 -0.029988 -0.007634 0.029899 0.999487 -0.011502 0.007975 0.011268 0.999905 
1732703580628717056.000000 -2411.597168 132.238571 485.252228 0.999519 -0.030305 -0.006652 0.030197 0.999420 -0.015747 0.007126 0.015538 0.999854 
1732703580662057728.000000 -2412.990723 132.662308 490.024475 0.999511 -0.030768 -0.005503 0.030674 0.999393 -0.016532 0.006008 0.016355 0.999848 
1732703580695398912.000000 -2413.571289 131.968201 493.956116 0.999533 -0.030269 -0.004152 0.030209 0.999448 -0.013789 0.004567 0.013657 0.999896 
1732703580728739584.000000 -2416.137451 132.526337 500.410614 0.999538 -0.029776 -0.006129 0.029697 0.999479 -0.012671 0.006503 0.012483 0.999901 
1732703580762080768.000000 -2417.540039 132.430908 504.259644 0.999647 -0.026555 -0.001162 0.026548 0.999631 -0.005670 0.001312 0.005637 0.999983 
1732703580795421440.000000 -2419.135010 132.456787 508.109833 0.999662 -0.025887 -0.002204 0.025879 0.999659 -0.003361 0.002290 0.003303 0.999992 
1732703580828762624.000000 -2422.056885 133.030380 513.503845 0.999624 -0.026889 -0.005463 0.026867 0.999631 -0.003925 0.005566 0.003777 0.999977 
1732703580862103296.000000 -2424.034668 133.149323 517.443298 0.999618 -0.026594 -0.007523 0.026575 0.999644 -0.002572 0.007589 0.002371 0.999968 
1732703580895444224.000000 -2425.642334 132.946228 521.459961 0.999620 -0.025977 -0.009267 0.025967 0.999662 -0.001171 0.009295 0.000930 0.999956 
1732703580928785152.000000 -2427.522461 132.222946 527.380554 0.999666 -0.024019 -0.009573 0.024028 0.999711 0.000846 0.009550 -0.001076 0.999954 
1732703580962126080.000000 -2428.997314 131.591034 532.389465 0.999682 -0.022535 -0.011346 0.022521 0.999745 -0.001339 0.011373 0.001083 0.999935 
1732703580995469056.000000 -2430.240723 131.050491 537.353821 0.999653 -0.022328 -0.013970 0.022263 0.999741 -0.004741 0.014073 0.004429 0.999891 
1732703581028812032.000000 -2431.959229 131.410797 544.619141 0.999610 -0.021016 -0.018370 0.020804 0.999715 -0.011684 0.018611 0.011297 0.999763 
1732703581062153984.000000 -2432.378662 130.401932 549.108765 0.999592 -0.021262 -0.019072 0.020979 0.999669 -0.014913 0.019383 0.014506 0.999707 
1732703581095497216.000000 -2432.698486 130.899048 553.825256 0.999700 -0.018687 -0.015863 0.018389 0.999656 -0.018697 0.016207 0.018400 0.999699 
1732703581128840192.000000 -2432.885498 129.892929 559.847046 0.999716 -0.019428 -0.013778 0.019183 0.999660 -0.017650 0.014116 0.017381 0.999749 
1732703581162183168.000000 -2432.797607 130.232803 564.702148 0.999816 -0.016840 -0.009136 0.016657 0.999668 -0.019653 0.009464 0.019497 0.999765 
1732703581195526400.000000 -2432.387695 130.244431 569.472290 0.999834 -0.016278 -0.008223 0.016111 0.999671 -0.019959 0.008546 0.019824 0.999767 
1732703581228869376.000000 -2431.674072 130.181076 575.932983 0.999854 -0.015101 -0.007963 0.014945 0.999703 -0.019249 0.008251 0.019127 0.999783 
1732703581262212864.000000 -2431.110840 130.280594 581.040588 0.999877 -0.014100 -0.006936 0.013984 0.999765 -0.016556 0.007167 0.016457 0.999839 
1732703581295555584.000000 -2430.270752 130.371063 586.457092 0.999936 -0.010946 -0.003016 0.010912 0.999881 -0.010933 0.003135 0.010899 0.999936 
1732703581328898816.000000 -2429.828125 131.144226 594.179749 0.999950 -0.010013 -0.000522 0.010008 0.999909 -0.009087 0.000613 0.009082 0.999959 
1732703581362242304.000000 -2429.524658 131.736099 600.299255 0.999942 -0.010394 0.002708 0.010411 0.999924 -0.006610 -0.002639 0.006638 0.999974 
1732703581395585536.000000 -2429.016357 132.106842 606.511047 0.999925 -0.011633 0.003953 0.011652 0.999921 -0.004622 -0.003899 0.004668 0.999982 
1732703581428928512.000000 -2428.595947 132.472702 615.144653 0.999868 -0.015998 0.002722 0.016015 0.999852 -0.006207 -0.002622 0.006250 0.999977 
1732703581462271744.000000 -2428.366699 133.174271 621.835449 0.999822 -0.017953 0.005781 0.017941 0.999837 0.002244 -0.005820 -0.002140 0.999981 
1732703581495613952.000000 -2427.888672 133.392212 628.382324 0.999758 -0.020533 0.007947 0.020474 0.999762 0.007481 -0.008099 -0.007316 0.999940 
1732703581528957440.000000 -2427.220703 133.476273 637.016235 0.999658 -0.024217 0.009917 0.024096 0.999636 0.012164 -0.010208 -0.011921 0.999877 
1732703581562300928.000000 -2426.109375 133.203583 642.934937 0.999575 -0.025375 0.014381 0.025103 0.999509 0.018748 -0.014849 -0.018379 0.999721 
1732703581595643904.000000 -2425.607910 133.365097 649.275269 0.999530 -0.026802 0.014846 0.026537 0.999489 0.017809 -0.015316 -0.017407 0.999731 
1732703581628987392.000000 -2425.061768 133.105042 657.518188 0.999425 -0.031947 0.011405 0.031760 0.999365 0.016168 -0.011915 -0.015797 0.999804 
1732703581662330624.000000 -2424.185791 133.020233 663.391174 0.999453 -0.029430 0.015108 0.029185 0.999443 0.016165 -0.015575 -0.015715 0.999755 
1732703581695674112.000000 -2424.065430 132.542160 669.301270 0.999425 -0.031194 0.013313 0.031005 0.999420 0.014119 -0.013745 -0.013699 0.999812 
1732703581729017344.000000 -2423.642334 131.286865 676.836914 0.999430 -0.031136 0.013028 0.030959 0.999428 0.013583 -0.013443 -0.013172 0.999823 
1732703581762360832.000000 -2423.709717 130.414413 682.920837 0.999420 -0.029844 0.016419 0.029654 0.999492 0.011689 -0.016760 -0.011195 0.999797 
1732703581795704320.000000 -2423.498779 128.803680 688.789551 0.999429 -0.029359 0.016753 0.029166 0.999507 0.011609 -0.017085 -0.011114 0.999792 
1732703581829047552.000000 -2423.799561 127.314926 697.197754 0.999494 -0.023943 0.020945 0.023764 0.999680 0.008708 -0.021147 -0.008206 0.999743 
1732703581862391296.000000 -2423.914062 125.796463 703.072632 0.999493 -0.021454 0.023517 0.021205 0.999717 0.010793 -0.023741 -0.010289 0.999665 
1732703581895734528.000000 -2423.880127 124.292404 708.919861 0.999521 -0.019030 0.024422 0.018755 0.999759 0.011413 -0.024634 -0.010949 0.999637 
1732703581929077248.000000 -2423.535889 121.654213 715.776550 0.999576 -0.020756 0.020438 0.020498 0.999709 0.012742 -0.020696 -0.012318 0.999710 
1732703581962420736.000000 -2424.603271 121.071098 721.782104 0.999466 -0.015992 0.028495 0.015590 0.999777 0.014243 -0.028717 -0.013791 0.999492 
1732703581995761408.000000 -2424.938721 120.035072 727.160278 0.999464 -0.015841 0.028653 0.015466 0.999792 0.013266 -0.028857 -0.012816 0.999501 
1732703582029102592.000000 -2425.427490 119.175323 734.253479 0.999403 -0.015275 0.030973 0.014870 0.999801 0.013263 -0.031170 -0.012795 0.999432 
1732703582062443520.000000 -2425.700928 118.521278 739.646301 0.999448 -0.016283 0.028953 0.015998 0.999821 0.010067 -0.029112 -0.009598 0.999530 
1732703582095784448.000000 -2425.760742 117.920097 744.580811 0.999427 -0.017929 0.028714 0.017635 0.999790 0.010473 -0.028896 -0.009961 0.999533 
1732703582129125376.000000 -2426.281250 117.338081 751.527649 0.999454 -0.022667 0.024052 0.022530 0.999729 0.005943 -0.024180 -0.005398 0.999693 
1732703582195807232.000000 -2425.739990 116.717239 761.346558 0.999436 -0.023663 0.023807 0.023439 0.999679 0.009622 -0.024027 -0.009059 0.999670 
1732703582229147904.000000 -2425.376465 116.290123 767.943726 0.999463 -0.025470 0.020599 0.025254 0.999624 0.010675 -0.020864 -0.010149 0.999731 
1732703582262489088.000000 -2425.034912 116.041016 772.635803 0.999449 -0.027503 0.018562 0.027247 0.999532 0.013918 -0.018936 -0.013405 0.999731 
1732703582295829760.000000 -2424.827148 115.750534 777.830872 0.999480 -0.028988 0.014150 0.028858 0.999540 0.009329 -0.014414 -0.008916 0.999856 
1732703582329170688.000000 -2424.431885 115.606842 784.668213 0.999463 -0.030273 0.012498 0.030156 0.999501 0.009422 -0.012777 -0.009040 0.999878 
1732703582395851264.000000 -2423.703369 115.011734 794.261597 0.999479 -0.030720 0.009894 0.030611 0.999472 0.010937 -0.010225 -0.010628 0.999891 
1732703582429192192.000000 -2423.182861 114.915733 800.580017 0.999496 -0.030396 0.009185 0.030292 0.999478 0.011218 -0.009521 -0.010934 0.999895 
1732703582495874048.000000 -2422.022949 113.916809 809.922241 0.999489 -0.031672 0.004376 0.031621 0.999435 0.011371 -0.004734 -0.011226 0.999926 
1732703582529214976.000000 -2421.385742 113.029434 815.944336 0.999443 -0.033349 -0.001283 0.033365 0.999320 0.015722 0.000758 -0.015756 0.999876 
1732703582562555904.000000 -2420.843262 112.738441 820.619629 0.999494 -0.031603 -0.003661 0.031669 0.999307 0.019577 0.003040 -0.019683 0.999802 
1732703582595896576.000000 -2420.132568 111.981972 825.114990 0.999520 -0.030378 -0.006079 0.030500 0.999309 0.021224 0.005430 -0.021399 0.999756 
1732703582629237504.000000 -2419.785889 110.028053 830.354797 0.999317 -0.034207 -0.013995 0.034522 0.999141 0.022926 0.013199 -0.023393 0.999639 
1732703582662578176.000000 -2419.774414 109.622360 834.392883 0.999435 -0.031140 -0.012613 0.031456 0.999175 0.025688 0.011803 -0.026070 0.999590 
1732703582695919104.000000 -2419.187012 108.267433 837.023315 0.999499 -0.029754 -0.010836 0.030048 0.999154 0.028066 0.009991 -0.028378 0.999547 
1732703582762600704.000000 -2419.252197 107.592514 843.824463 0.999794 -0.019960 -0.003632 0.020034 0.999564 0.021695 0.003198 -0.021763 0.999758 
1732703582795941376.000000 -2419.173584 106.858238 846.542236 0.999828 -0.018243 -0.003475 0.018299 0.999692 0.016758 0.003168 -0.016819 0.999854 
1732703582829281024.000000 -2419.306396 106.011589 850.357727 0.999824 -0.017809 -0.005900 0.017874 0.999778 0.011195 0.005699 -0.011298 0.999920 
1732703582862621696.000000 -2419.407959 105.250084 853.231018 0.999808 -0.017923 -0.007867 0.017991 0.999800 0.008710 0.007710 -0.008850 0.999931 
1732703582895962624.000000 -2419.068604 103.821686 855.765442 0.999727 -0.019850 -0.012316 0.019942 0.999774 0.007361 0.012167 -0.007605 0.999897 
1732703582929303296.000000 -2419.446533 102.774338 859.914978 0.999599 -0.022325 -0.017409 0.022507 0.999693 0.010344 0.017173 -0.010731 0.999795 
1732703582962644224.000000 -2419.631348 102.213135 863.198242 0.999557 -0.022230 -0.019800 0.022452 0.999686 0.011086 0.019547 -0.011525 0.999743 
1732703582995985152.000000 -2419.466553 102.293373 866.050598 0.999547 -0.020134 -0.022380 0.020362 0.999742 0.010046 0.022172 -0.010497 0.999699 
1732703583029326848.000000 -2420.050049 102.087364 870.240356 0.999577 -0.018034 -0.022821 0.018309 0.999762 0.011882 0.022601 -0.012295 0.999669 
1732703583062668288.000000 -2420.271240 101.758232 873.129395 0.999521 -0.017875 -0.025261 0.018189 0.999760 0.012228 0.025036 -0.012681 0.999606 
1732703583096009472.000000 -2420.589844 101.582207 875.946716 0.999536 -0.017404 -0.025000 0.017755 0.999746 0.013897 0.024752 -0.014334 0.999591 
1732703583129350912.000000 -2420.985596 101.601891 879.460632 0.999510 -0.017243 -0.026117 0.017624 0.999740 0.014452 0.025861 -0.014905 0.999554 
1732703583162692352.000000 -2421.246826 101.618416 882.100159 0.999437 -0.018374 -0.028078 0.018769 0.999728 0.013857 0.027816 -0.014376 0.999510 
1732703583196033792.000000 -2421.354248 101.757011 884.462463 0.999439 -0.019117 -0.027492 0.019524 0.999702 0.014634 0.027204 -0.015162 0.999515 
1732703583229375232.000000 -2421.309326 101.973541 886.896729 0.999364 -0.020736 -0.029017 0.021185 0.999659 0.015255 0.028691 -0.015860 0.999462 
1732703583262715392.000000 -2421.703125 101.640877 888.521179 0.999249 -0.024384 -0.030127 0.024797 0.999603 0.013398 0.029788 -0.014135 0.999456 
1732703583296056832.000000 -2421.451904 101.853058 889.389709 0.999233 -0.025281 -0.029902 0.025736 0.999557 0.014962 0.029510 -0.015720 0.999441 
1732703583329398272.000000 -2421.031738 101.708778 889.528748 0.999169 -0.027477 -0.030122 0.027917 0.999508 0.014288 0.029714 -0.015117 0.999444 
1732703583362739456.000000 -2420.829102 102.009636 889.177368 0.999217 -0.027728 -0.028214 0.028182 0.999478 0.015818 0.027761 -0.016601 0.999477 
1732703583396080640.000000 -2420.647949 102.397430 888.382874 0.999255 -0.028102 -0.026465 0.028562 0.999444 0.017178 0.025968 -0.017921 0.999502 
1732703583429422080.000000 -2420.542969 103.589165 887.214478 0.999384 -0.026585 -0.022922 0.027030 0.999448 0.019325 0.022395 -0.019933 0.999550 
1732703583462763776.000000 -2420.272217 104.085472 885.600647 0.999393 -0.027071 -0.021911 0.027515 0.999417 0.020209 0.021351 -0.020800 0.999556 
1732703583496104960.000000 -2420.081543 104.349472 883.988220 0.999344 -0.028752 -0.022023 0.029166 0.999399 0.018746 0.021471 -0.019376 0.999582 
1732703583529446400.000000 -2419.528809 104.597931 880.857300 0.999352 -0.029219 -0.021021 0.029643 0.999358 0.020144 0.020419 -0.020754 0.999576 
1732703583562787584.000000 -2419.558350 104.982361 878.734680 0.999338 -0.029924 -0.020679 0.030321 0.999356 0.019194 0.020091 -0.019809 0.999602 
1732703583596129024.000000 -2419.793457 105.531921 876.559448 0.999401 -0.028650 -0.019426 0.028979 0.999438 0.016858 0.018933 -0.017411 0.999669 
1732703583629470464.000000 -2419.768311 105.532959 872.784912 0.999374 -0.028969 -0.020305 0.029289 0.999449 0.015607 0.019841 -0.016191 0.999672 
1732703583662811648.000000 -2419.983154 105.725441 869.877258 0.999400 -0.028725 -0.019349 0.029014 0.999470 0.014789 0.018914 -0.015342 0.999703 
1732703583696153088.000000 -2420.166016 105.753349 866.495239 0.999397 -0.028815 -0.019368 0.029090 0.999477 0.014092 0.018952 -0.014647 0.999713 
1732703583729493504.000000 -2420.079834 104.544899 861.166260 0.999067 -0.034867 -0.025483 0.035317 0.999224 0.017412 0.024856 -0.018296 0.999524 
1732703583762834688.000000 -2420.604736 106.050636 858.184204 0.999350 -0.029949 -0.020083 0.030201 0.999467 0.012363 0.019702 -0.012962 0.999722 
1732703583796176128.000000 -2420.637207 105.983429 854.329163 0.999325 -0.030786 -0.020053 0.030965 0.999483 0.008672 0.019776 -0.009287 0.999761 
1732703583829517568.000000 -2421.158691 106.813843 849.192505 0.999362 -0.030109 -0.019192 0.030307 0.999490 0.010076 0.018879 -0.010651 0.999765 
1732703583862859008.000000 -2420.865479 105.670410 843.792847 0.999072 -0.035471 -0.024418 0.035800 0.999272 0.013187 0.023932 -0.014049 0.999615 
1732703583896200192.000000 -2421.502930 107.092186 839.760559 0.999341 -0.031269 -0.018440 0.031451 0.999459 0.009664 0.018128 -0.010237 0.999783 
1732703583929541632.000000 -2421.693359 107.964783 833.701721 0.999434 -0.029626 -0.015944 0.029757 0.999525 0.008051 0.015698 -0.008521 0.999840 
1732703583996224256.000000 -2422.055664 107.930534 823.486694 0.999235 -0.034377 -0.018649 0.034409 0.999407 0.001376 0.018591 -0.002017 0.999825 
1732703584029565440.000000 -2421.302002 108.708649 816.318970 0.999458 -0.029954 -0.013626 0.030052 0.999524 0.006984 0.013410 -0.007390 0.999883 
1732703584062906624.000000 -2421.852783 109.716354 811.801331 0.999439 -0.030825 -0.013091 0.030885 0.999513 0.004442 0.012947 -0.004844 0.999904 
1732703584096247552.000000 -2421.826660 109.638680 806.859985 0.999443 -0.031142 -0.012026 0.031187 0.999507 0.003587 0.011908 -0.003960 0.999921 
1732703584229611264.000000 -2421.595947 111.403740 785.426147 0.999552 -0.028325 -0.009678 0.028259 0.999577 -0.006864 0.009868 0.006587 0.999930 
1732703584262952192.000000 -2421.766113 112.223404 780.733826 0.999596 -0.027205 -0.008263 0.027156 0.999613 -0.005961 0.008422 0.005735 0.999948 
1732703584296293376.000000 -2421.863037 112.695938 775.711914 0.999588 -0.027335 -0.008784 0.027269 0.999600 -0.007500 0.008985 0.007258 0.999933 
1732703584329634560.000000 -2421.673828 113.187302 768.823914 0.999693 -0.024483 -0.003859 0.024459 0.999683 -0.006043 0.004006 0.005947 0.999974 
1732703584362975488.000000 -2421.845215 113.351761 763.743896 0.999664 -0.025555 -0.004376 0.025528 0.999656 -0.006033 0.004528 0.005919 0.999972 
1732703584396316672.000000 -2422.316406 113.511284 758.690186 0.999574 -0.028744 -0.005128 0.028687 0.999528 -0.010980 0.005441 0.010828 0.999927 
1732703584429657600.000000 -2423.016357 114.797081 752.341370 0.999655 -0.026253 -0.001142 0.026242 0.999617 -0.008822 0.001374 0.008789 0.999960 
1732703584462999040.000000 -2423.096436 114.919846 747.638306 0.999556 -0.029520 -0.003960 0.029483 0.999525 -0.008996 0.004224 0.008875 0.999952 
1732703584496339968.000000 -2422.938721 115.492706 743.036804 0.999598 -0.028244 -0.002619 0.028219 0.999560 -0.009136 0.002876 0.009058 0.999955 
1732703584529681152.000000 -2423.204834 116.513435 737.161133 0.999541 -0.030085 -0.003705 0.030051 0.999509 -0.008904 0.003971 0.008788 0.999954 
1732703584563022080.000000 -2423.084717 116.627853 732.461914 0.999437 -0.032600 -0.007942 0.032510 0.999409 -0.011178 0.008301 0.010913 0.999906 
