1732023571761266688.000000 -2283.438232 -31.308559 139.833878 0.999986 -0.004591 0.002457 0.004582 0.999982 0.003986 -0.002475 -0.003974 0.999989
1732023571794605824.000000 -2283.437744 -31.311808 139.840118 0.999986 -0.004658 0.002316 0.004648 0.999980 0.004366 -0.002336 -0.004356 0.999988
1732023571827942400.000000 -2283.433105 -31.311897 139.816437 0.999986 -0.004730 0.002178 0.004721 0.999980 0.004159 -0.002198 -0.004149 0.999989
1732023571861276672.000000 -2283.479980 -31.277647 139.832352 0.999986 -0.004765 0.002212 0.004755 0.999980 0.004279 -0.002232 -0.004268 0.999988
1732023571894608384.000000 -2283.466797 -31.278255 139.848343 0.999986 -0.004768 0.002396 0.004758 0.999979 0.004283 -0.002416 -0.004271 0.999988
1732023571927937792.000000 -2283.496826 -31.271675 139.845688 0.999986 -0.004687 0.002330 0.004677 0.999981 0.004012 -0.002349 -0.004001 0.999989
1732023571961264896.000000 -2283.455566 -31.312963 139.821289 0.999986 -0.004916 0.002062 0.004907 0.999980 0.004096 -0.002082 -0.004085 0.999990
1732023571994589440.000000 -2283.467041 -31.301214 139.794724 0.999986 -0.004907 0.001911 0.004899 0.999980 0.004011 -0.001930 -0.004002 0.999990
1732023572027911424.000000 -2283.427002 -31.260147 139.861084 0.999986 -0.004829 0.002116 0.004819 0.999978 0.004534 -0.002138 -0.004524 0.999987
1732023572061230848.000000 -2283.409912 -31.268867 139.869675 0.999986 -0.004862 0.001899 0.004854 0.999978 0.004409 -0.001920 -0.004399 0.999988
1732023572094548224.000000 -2283.423340 -31.281698 139.877182 0.999986 -0.004777 0.002175 0.004768 0.999979 0.004393 -0.002196 -0.004383 0.999988
1732023572127863296.000000 -2283.596924 -30.702173 140.260956 0.999983 -0.001736 0.005575 0.001724 0.999996 0.002254 -0.005579 -0.002245 0.999982
1732023572161174272.000000 -2283.613037 -30.628834 140.329910 0.999982 -0.001409 0.005814 0.001401 0.999998 0.001480 -0.005816 -0.001472 0.999982
1732023572194484224.000000 -2283.756348 -30.536367 140.542389 0.999974 -0.001519 0.007002 0.001513 0.999998 0.000898 -0.007004 -0.000887 0.999975
1732023572227791872.000000 -2284.061768 -30.347651 141.562759 0.999964 -0.002677 0.008026 0.002720 0.999982 -0.005301 -0.008011 0.005323 0.999954
1732023572294399488.000000 -2284.470459 -30.524147 143.532700 0.999953 -0.006746 0.006941 0.006809 0.999936 -0.009053 -0.006879 0.009100 0.999935
1732023572327699456.000000 -2285.450684 -30.333784 148.613998 0.999904 -0.011579 0.007567 0.011692 0.999819 -0.014993 -0.007392 0.015080 0.999859
1732023572360997376.000000 -2287.133301 -29.794971 156.627945 0.999838 -0.013179 0.012238 0.013231 0.999904 -0.004194 -0.012182 0.004355 0.999916
1732023572394292736.000000 -2289.139404 -30.047636 169.310959 0.999701 -0.021976 0.010751 0.021591 0.999166 0.034658 -0.011504 -0.034416 0.999341
1732023572427586560.000000 -2289.855957 -30.325043 178.248276 0.999543 -0.029485 0.006644 0.029118 0.998331 0.049871 -0.008103 -0.049655 0.998734
1732023572460863232.000000 -2290.243408 -29.915653 181.914902 0.999536 -0.029890 0.005888 0.029557 0.998294 0.050358 -0.007383 -0.050161 0.998714
1732023572494136320.000000 -2291.382568 -28.006683 193.655060 0.999511 -0.029994 0.008823 0.029569 0.998555 0.044884 -0.010156 -0.044601 0.998953
1732023572527405824.000000 -2292.607666 -26.679869 209.863220 0.999469 -0.031781 0.007162 0.031533 0.998977 0.032405 -0.008184 -0.032161 0.999449
1732023572560671744.000000 -2293.430176 -26.117025 223.221878 0.999467 -0.032224 0.005219 0.032100 0.999235 0.022334 -0.005935 -0.022155 0.999737
1732023572593933568.000000 -2294.166748 -26.129526 237.221878 0.999463 -0.032651 0.002595 0.032612 0.999370 0.014007 -0.003051 -0.013915 0.999899
1732023572627193088.000000 -2295.046875 -26.898493 257.221222 0.999485 -0.032056 0.001327 0.032042 0.999445 0.009150 -0.001620 -0.009103 0.999957
1732023572660448512.000000 -2295.834229 -27.776134 273.420410 0.999607 -0.028017 0.001042 0.028009 0.999583 0.007029 -0.001239 -0.006997 0.999975
1732023572693700864.000000 -2296.461182 -29.098232 290.401703 0.999674 -0.025402 -0.002375 0.025422 0.999638 0.008830 0.002150 -0.008888 0.999958
1732023572726949120.000000 -2297.154297 -31.307062 313.784851 0.999870 -0.016020 -0.002017 0.016048 0.999756 0.015161 0.001773 -0.015191 0.999883
1732023572760194304.000000 -2297.695557 -33.123001 331.430389 0.999958 -0.009114 -0.000679 0.009124 0.999809 0.017290 0.000521 -0.017295 0.999850
1732023572793436160.000000 -2298.278320 -35.024895 349.146271 0.999986 -0.004942 0.001618 0.004909 0.999790 0.019915 -0.001716 -0.019906 0.999800
1732023572826674432.000000 -2299.372070 -37.261154 372.835907 0.999983 0.000487 0.005738 -0.000613 0.999758 0.021999 -0.005726 -0.022002 0.999741
1732023572859909376.000000 -2299.665771 -39.441490 390.412018 0.999969 0.002714 0.007347 -0.002835 0.999859 0.016557 -0.007301 -0.016578 0.999836
1732023572893140224.000000 -2299.952393 -41.531250 408.461456 0.999970 0.003824 0.006725 -0.003906 0.999919 0.012146 -0.006678 -0.012172 0.999904
1732023572926368000.000000 -2300.211182 -44.223141 432.548859 0.999972 0.004737 0.005880 -0.004755 0.999984 0.003139 -0.005865 -0.003166 0.999978
1732023572959592448.000000 -2300.175781 -46.565384 450.486084 0.999985 0.003862 0.003963 -0.003860 0.999992 -0.000565 -0.003965 0.000550 0.999992
1732023572992813056.000000 -2299.986816 -49.443474 467.633270 0.999992 0.003811 0.001306 -0.003810 0.999992 -0.001070 -0.001310 0.001066 0.999999
1732023573026030336.000000 -2299.970703 -52.959465 489.633209 0.999999 0.001609 0.000637 -0.001612 0.999992 0.003726 -0.000631 -0.003727 0.999993
1732023573059243264.000000 -2299.571533 -56.011410 504.578796 0.999999 -0.000631 -0.001528 0.000643 0.999965 0.008373 0.001523 -0.008374 0.999964
1732023573092453376.000000 -2299.540039 -57.621231 518.859802 1.000000 0.000279 -0.000556 -0.000269 0.999844 0.017678 0.000561 -0.017678 0.999844
1732023573125660160.000000 -2298.745117 -60.430008 535.383179 0.999994 -0.002893 -0.001771 0.002941 0.999598 0.028198 0.001689 -0.028203 0.999601
1732023573158863616.000000 -2298.073486 -62.216248 546.798279 0.999996 -0.002351 -0.001211 0.002388 0.999511 0.031173 0.001137 -0.031176 0.999513
1732023573192063232.000000 -2297.528809 -63.674194 557.191711 0.999992 -0.003909 -0.001010 0.003940 0.999452 0.032867 0.000881 -0.032871 0.999459
1732023573225259520.000000 -nan -nan -nan -nan -nan -nan -nan -nan -nan -nan -nan -nan
1732023573258452480.000000 -nan -nan -nan -nan -nan -nan -nan -nan -nan -nan -nan -nan
1732023573291641856.000000 -nan -nan -nan -nan -nan -nan -nan -nan -nan -nan -nan -nan
1732023573324827648.000000 -2294.458984 -69.766243 595.338379 0.999879 -0.015530 0.000839 0.015499 0.999454 0.029169 -0.001292 -0.029152 0.999574
1732023573358010112.000000 -2293.737793 -71.072968 602.325745 0.999861 -0.016489 0.002501 0.016414 0.999484 0.027609 -0.002955 -0.027564 0.999616
1732023573391188992.000000 -2293.167725 -71.464287 609.572815 0.999847 -0.016790 0.004862 0.016644 0.999451 0.028647 -0.005340 -0.028562 0.999578
1732023573424366080.000000 -2292.295654 -72.302734 618.938171 0.999812 -0.019069 0.003503 0.018973 0.999491 0.025631 -0.003990 -0.025559 0.999665
1732023573457707776.000000 -2291.786865 -72.300056 625.961853 0.999782 -0.020895 -0.000057 0.020890 0.999485 0.024365 -0.000452 -0.024360 0.999703
1732023573491048448.000000 -2291.265869 -71.706902 632.525208 0.999745 -0.022564 -0.000559 0.022571 0.999405 0.026091 -0.000030 -0.026097 0.999659
1732023573524390144.000000 -2290.532227 -71.398422 641.030640 0.999753 -0.021641 -0.005101 0.021774 0.999381 0.027642 0.004500 -0.027746 0.999605
1732023573557731840.000000 -2290.081543 -70.554321 647.280701 0.999769 -0.019529 -0.009023 0.019797 0.999335 0.030611 0.008419 -0.030783 0.999491
1732023573591073792.000000 -2289.846436 -69.601723 653.104553 0.999762 -0.018760 -0.011139 0.019146 0.999184 0.035569 0.010463 -0.035774 0.999305
1732023573624415744.000000 -2290.070312 -67.469612 660.859497 0.999796 -0.017306 -0.010388 0.017703 0.999066 0.039415 0.009696 -0.039591 0.999169
1732023573657757184.000000 -2290.187012 -65.881706 666.528870 0.999815 -0.016343 -0.010100 0.016765 0.998924 0.043235 0.009382 -0.043396 0.999014
1732023573691099392.000000 -2290.125000 -64.028870 672.498352 0.999855 -0.014847 -0.008384 0.015220 0.998810 0.046339 0.007686 -0.046460 0.998891
1732023573724441344.000000 -2289.802490 -61.925079 680.345154 0.999870 -0.013699 -0.008521 0.014094 0.998737 0.048224 0.007850 -0.048338 0.998800
1732023573757783040.000000 -2289.773682 -60.284821 686.454590 0.999874 -0.013428 -0.008510 0.013852 0.998554 0.051942 0.007800 -0.052053 0.998614
1732023573791124736.000000 -2289.544678 -59.304375 692.674072 0.999828 -0.015531 -0.010161 0.016054 0.998437 0.053531 0.009314 -0.053685 0.998514
1732023573824466688.000000 -2289.041260 -57.524132 700.728516 0.999784 -0.017684 -0.010895 0.018318 0.997960 0.061159 0.009791 -0.061346 0.998069
1732023573857808384.000000 -2288.744873 -56.475422 706.594788 0.999731 -0.019658 -0.012289 0.020433 0.997582 0.066434 0.010954 -0.066667 0.997715
1732023573891150336.000000 -2288.234131 -55.553471 712.403015 0.999683 -0.021524 -0.013088 0.022398 0.997241 0.070769 0.011529 -0.071040 0.997407
1732023573924491264.000000 -2287.331543 -54.740566 719.476135 0.999637 -0.022659 -0.014562 0.023711 0.996773 0.076696 0.012777 -0.077014 0.996948
1732023573957832960.000000 -2286.782715 -54.105106 724.913025 0.999613 -0.023563 -0.014807 0.024704 0.996300 0.082320 0.012812 -0.082654 0.996496
1732023573991174912.000000 -2286.068604 -53.919308 729.499268 0.999589 -0.023568 -0.016301 0.024859 0.996141 0.084169 0.014255 -0.084540 0.996318
1732023574024516608.000000 -2284.931152 -54.018658 735.484802 0.999646 -0.021553 -0.015609 0.022781 0.996266 0.083283 0.013755 -0.083609 0.996404
1732023574057858816.000000 -2284.378418 -54.020027 739.328430 0.999675 -0.021141 -0.014276 0.022267 0.996223 0.083927 0.012448 -0.084218 0.996370
1732023574091200512.000000 -2283.762207 -54.284054 742.391663 0.999688 -0.021015 -0.013514 0.022054 0.996389 0.081993 0.011742 -0.082265 0.996541
1732023574124542208.000000 -2283.040527 -54.881886 744.958984 0.999653 -0.022245 -0.014130 0.023346 0.996255 0.083250 0.012225 -0.083551 0.996429
1732023574157884416.000000 -2282.367676 -55.263397 745.660034 0.999688 -0.021539 -0.012675 0.022516 0.996311 0.082804 0.010845 -0.083064 0.996485
1732023574191226112.000000 -2281.743896 -55.844475 744.649109 0.999648 -0.022880 -0.013407 0.023916 0.996261 0.083016 0.011457 -0.083307 0.996458
1732023574224567808.000000 -2280.914551 -56.720364 741.249695 0.999616 -0.024293 -0.013335 0.025339 0.996074 0.084819 0.011222 -0.085125 0.996307
1732023574257910016.000000 -2280.498779 -57.263840 737.250000 0.999549 -0.026261 -0.014558 0.027387 0.996127 0.083548 0.012307 -0.083909 0.996397
1732023574291251712.000000 -2280.209961 -57.316528 732.432068 0.999597 -0.025391 -0.012719 0.026321 0.996507 0.079252 0.010663 -0.079555 0.996773
1732023574324593664.000000 -2279.849854 -57.704765 723.874512 0.999528 -0.027000 -0.014646 0.028012 0.996868 0.073952 0.012603 -0.074328 0.997154
1732023574357934592.000000 -2279.626465 -57.894226 716.338013 0.999500 -0.027373 -0.015833 0.028403 0.997215 0.068958 0.013901 -0.069373 0.997494
1732023574391276544.000000 -2279.344238 -58.378586 707.996033 0.999531 -0.025973 -0.016219 0.026994 0.997436 0.066284 0.014456 -0.066691 0.997669
1732023574424618496.000000 -2279.360107 -58.590878 695.812256 0.999541 -0.023911 -0.018588 0.025048 0.997663 0.063568 0.017025 -0.064004 0.997804
1732023574457959168.000000 -2279.670166 -58.409885 686.330566 0.999587 -0.021807 -0.018702 0.022930 0.997805 0.062132 0.017306 -0.062535 0.997893
1732023574491300096.000000 -2279.749268 -58.470020 676.296021 0.999628 -0.020131 -0.018377 0.021212 0.997934 0.060643 0.017119 -0.061010 0.997990
1732023574524640768.000000 -2280.208252 -58.368645 662.737000 0.999667 -0.017400 -0.019032 0.018456 0.998215 0.056793 0.018010 -0.057125 0.998205
1732023574557981696.000000 -2280.887207 -58.164124 652.507446 0.999695 -0.016442 -0.018444 0.017414 0.998397 0.053848 0.017529 -0.054152 0.998379
1732023574591322624.000000 -2281.599854 -58.115017 641.800354 0.999700 -0.017710 -0.016896 0.018569 0.998466 0.052152 0.015947 -0.052450 0.998496
1732023574624663040.000000 -2282.181152 -58.202168 627.805298 0.999664 -0.016801 -0.019719 0.017725 0.998707 0.047651 0.018893 -0.047985 0.998669
1732023574658003968.000000 -2282.569336 -57.865456 617.296631 0.999724 -0.015727 -0.017471 0.016530 0.998767 0.046817 0.016713 -0.047093 0.998751
1732023574691344640.000000 -2283.232666 -57.541664 607.137268 0.999724 -0.016414 -0.016780 0.017147 0.998861 0.044529 0.016030 -0.044805 0.998867
1732023574724685312.000000 -2284.164795 -56.943222 593.565125 0.999714 -0.016866 -0.016931 0.017591 0.998893 0.043622 0.016177 -0.043907 0.998905
1732023574758026240.000000 -2284.955078 -57.082485 579.752258 0.999680 -0.018265 -0.017510 0.018990 0.998930 0.042174 0.016721 -0.042493 0.998957
1732023574791366912.000000 -2285.267822 -57.108097 572.650513 0.999701 -0.017934 -0.016625 0.018659 0.998833 0.044541 0.015807 -0.044838 0.998869
1732023574824706560.000000 -2286.004883 -57.169201 558.215576 0.999686 -0.018553 -0.016864 0.019384 0.998536 0.050506 0.015903 -0.050818 0.998581
1732023574858047232.000000 -2286.562500 -57.045830 547.475281 0.999708 -0.017988 -0.016118 0.018866 0.998248 0.056089 0.015081 -0.056377 0.998296
1732023574891387904.000000 -2286.888672 -57.077648 536.493652 0.999736 -0.016942 -0.015497 0.017794 0.998240 0.056576 0.014512 -0.056837 0.998278
1732023574924728576.000000 -2287.033203 -56.899544 521.969788 0.999695 -0.015584 -0.019138 0.016642 0.998267 0.056446 0.018225 -0.056747 0.998222
1732023574958068992.000000 -2286.947998 -56.939285 511.088776 0.999699 -0.013636 -0.020420 0.014733 0.998402 0.054558 0.019644 -0.054842 0.998302
1732023574991409664.000000 -2286.808838 -57.147411 499.853821 0.999645 -0.012488 -0.023537 0.013705 0.998537 0.052310 0.022849 -0.052614 0.998353
1732023575024750336.000000 -2286.602295 -57.467876 484.905151 0.999578 -0.007918 -0.027966 0.009329 0.998669 0.050724 0.027527 -0.050963 0.998321
1732023575058091264.000000 -2286.288818 -57.523026 473.968719 0.999512 -0.004429 -0.030921 0.005915 0.998824 0.048130 0.030671 -0.048290 0.998362
1732023575091431680.000000 -2285.921875 -57.834663 463.026886 0.999501 -0.000397 -0.031579 0.001837 0.998958 0.045599 0.031528 -0.045634 0.998461
1732023575124772352.000000 -2285.544678 -58.336784 448.413422 0.999449 0.006073 -0.032634 -0.004658 0.999053 0.043259 0.032866 -0.043083 0.998531
1732023575158112768.000000 -2285.533691 -58.623627 437.479614 0.999463 0.010183 -0.031147 -0.008833 0.999028 0.043181 0.031556 -0.042882 0.998582
1732023575191453184.000000 -2285.355225 -58.942543 426.426514 0.999469 0.014302 -0.029264 -0.013037 0.998991 0.042977 0.029849 -0.042572 0.998647
1732023575224793600.000000 -2285.258789 -59.537041 411.574005 0.999468 0.017409 -0.027595 -0.016179 0.998892 0.044198 0.028334 -0.043728 0.998642
1732023575258133504.000000 -2285.318359 -60.065041 400.031067 0.999518 0.018083 -0.025242 -0.016983 0.998925 0.043138 0.025995 -0.042689 0.998750
1732023575291473920.000000 -2285.452393 -60.237518 388.679932 0.999526 0.020345 -0.023119 -0.019410 0.999012 0.039989 0.023909 -0.039521 0.998933
1732023575324814336.000000 -2285.619141 -60.889187 373.309814 0.999566 0.021988 -0.019617 -0.021294 0.999164 0.034896 0.020368 -0.034463 0.999198
1732023575358154752.000000 -2285.728271 -61.188995 361.677155 0.999600 0.022751 -0.016829 -0.022197 0.999229 0.032391 0.017553 -0.032004 0.999334
1732023575391495424.000000 -2285.936035 -61.993237 350.179535 0.999575 0.023037 -0.017847 -0.022470 0.999257 0.031303 0.018555 -0.030888 0.999351
1732023575424835584.000000 -2285.890381 -62.798706 334.957184 0.999588 0.022952 -0.017219 -0.022455 0.999341 0.028520 0.017863 -0.028122 0.999445
1732023575458176512.000000 -2285.876465 -63.364338 323.995209 0.999597 0.021752 -0.018224 -0.021262 0.999418 0.026659 0.018794 -0.026261 0.999478
1732023575491517184.000000 -2285.810547 -64.047386 313.126862 0.999579 0.021870 -0.019063 -0.021412 0.999485 0.023896 0.019576 -0.023478 0.999533
1732023575524857856.000000 -2285.443604 -65.326576 298.924683 0.999547 0.016245 -0.025340 -0.015603 0.999557 0.025327 0.025740 -0.024920 0.999358
1732023575558198272.000000 -2285.646484 -64.772522 289.262543 0.999603 0.018149 -0.021545 -0.017633 0.999558 0.023928 0.021970 -0.023538 0.999481
1732023575591539200.000000 -2285.458008 -65.221634 279.363831 0.999628 0.017548 -0.020898 -0.016996 0.999510 0.026286 0.021349 -0.025921 0.999436
1732023575624879616.000000 -2284.819092 -66.265839 266.254211 0.999596 0.012127 -0.025708 -0.011392 0.999528 0.028523 0.026041 -0.028218 0.999263
1732023575658220288.000000 -2284.844727 -65.391953 257.466736 0.999676 0.014373 -0.021005 -0.013842 0.999586 0.025233 0.021359 -0.024934 0.999461
1732023575691559680.000000 -2284.447754 -65.245872 248.698837 0.999695 0.013365 -0.020762 -0.012876 0.999640 0.023532 0.021069 -0.023258 0.999507
1732023575724900608.000000 -2284.045654 -64.564697 237.387451 0.999668 0.011249 -0.023173 -0.010800 0.999753 0.019436 0.023386 -0.019179 0.999543
1732023575758241280.000000 -2283.581543 -64.224533 229.164749 0.999656 0.010268 -0.024120 -0.009840 0.999794 0.017778 0.024297 -0.017534 0.999551
1732023575791581952.000000 -2283.172363 -63.695946 221.316879 0.999648 0.009385 -0.024830 -0.008970 0.999820 0.016747 0.024982 -0.016518 0.999551
1732023575824922368.000000 -2282.812744 -62.713394 211.796783 0.999620 0.010218 -0.025589 -0.009896 0.999871 0.012672 0.025715 -0.012414 0.999592
1732023575858263040.000000 -2282.590576 -62.133144 205.109360 0.999586 0.010294 -0.026863 -0.009957 0.999870 0.012648 0.026990 -0.012376 0.999559
1732023575891603456.000000 -2282.463867 -61.796688 198.635559 0.999576 0.009466 -0.027544 -0.009108 0.999873 0.013083 0.027665 -0.012826 0.999535
1732023575924944128.000000 -2282.666504 -60.628490 191.109192 0.999620 0.012108 -0.024777 -0.011852 0.999875 0.010446 0.024901 -0.010148 0.999638
1732023575958284544.000000 -2282.780029 -60.141449 185.773941 0.999617 0.012096 -0.024880 -0.011869 0.999887 0.009257 0.024989 -0.008958 0.999648
1732023575991625216.000000 -2282.968994 -59.636795 180.813461 0.999642 0.012183 -0.023835 -0.011978 0.999890 0.008719 0.023938 -0.008431 0.999678
1732023576024965888.000000 -2283.142578 -58.911705 174.954910 0.999652 0.012876 -0.023031 -0.012707 0.999891 0.007478 0.023125 -0.007183 0.999707
1732023576058306560.000000 -2283.318359 -58.381798 171.115311 0.999646 0.011952 -0.023780 -0.011824 0.999915 0.005535 0.023844 -0.005251 0.999702
1732023576091646720.000000 -2283.480713 -57.817703 167.687759 0.999679 0.012085 -0.022277 -0.011947 0.999909 0.006307 0.022351 -0.006039 0.999732
1732023576124987392.000000 -2283.570801 -57.258465 163.755417 0.999653 0.011396 -0.023731 -0.011271 0.999922 0.005394 0.023791 -0.005125 0.999704
1732023576158326784.000000 -2283.591309 -56.841194 161.374695 0.999633 0.011272 -0.024620 -0.011157 0.999926 0.004795 0.024672 -0.004519 0.999685
1732023576191667456.000000 -2283.863281 -56.069794 159.185501 0.999656 0.011207 -0.023732 -0.011117 0.999931 0.003929 0.023775 -0.003664 0.999711
1732023576225008128.000000 -2283.916016 -55.254688 156.431732 0.999662 0.010353 -0.023856 -0.010207 0.999929 0.006221 0.023918 -0.005976 0.999696
1732023576258348544.000000 -2284.190674 -54.553089 154.925003 0.999631 0.010386 -0.025093 -0.010239 0.999930 0.005976 0.025153 -0.005717 0.999667
1732023576291688960.000000 -2284.231201 -53.758690 153.257309 0.999683 0.010435 -0.022917 -0.010321 0.999934 0.005096 0.022969 -0.004857 0.999724
1732023576325029632.000000 -2284.332275 -52.803219 151.335968 0.999684 0.009939 -0.023107 -0.009799 0.999933 0.006161 0.023166 -0.005932 0.999714
1732023576358370048.000000 -2284.388672 -52.312382 150.138138 0.999684 0.009199 -0.023404 -0.009085 0.999946 0.004960 0.023448 -0.004746 0.999714
1732023576391710464.000000 -2284.239014 -51.982338 149.124832 0.999651 0.008869 -0.024897 -0.008815 0.999959 0.002281 0.024917 -0.002061 0.999687
1732023576425050880.000000 -2284.130615 -51.229000 148.653992 0.999669 0.009857 -0.023771 -0.009831 0.999951 0.001213 0.023782 -0.000979 0.999717
1732023576458392576.000000 -2284.044434 -50.613949 149.109085 0.999682 0.011569 -0.022390 -0.011554 0.999933 0.000806 0.022397 -0.000547 0.999749
1732023576491734528.000000 -2283.971680 -50.320576 150.072189 0.999666 0.012320 -0.022730 -0.012299 0.999924 0.001076 0.022742 -0.000796 0.999741
1732023576525076224.000000 -2283.948486 -49.953709 152.236313 0.999683 0.013304 -0.021370 -0.013235 0.999907 0.003360 0.021413 -0.003076 0.999766
1732023576558417920.000000 -2283.813477 -49.665169 154.371124 0.999672 0.014655 -0.020987 -0.014572 0.999885 0.004119 0.021045 -0.003812 0.999771
1732023576591758592.000000 -2283.589355 -49.197449 156.881699 0.999643 0.014938 -0.022154 -0.014887 0.999886 0.002462 0.022188 -0.002132 0.999752
1732023576625100032.000000 -2283.427002 -48.612846 160.893509 0.999619 0.014552 -0.023470 -0.014437 0.999883 0.005075 0.023541 -0.004734 0.999712
1732023576658441984.000000 -2283.301758 -48.228069 164.387161 0.999589 0.014301 -0.024861 -0.014192 0.999889 0.004545 0.024923 -0.004190 0.999681
1732023576691783680.000000 -2283.268311 -47.902596 168.354111 0.999605 0.014482 -0.024087 -0.014361 0.999883 0.005199 0.024160 -0.004851 0.999696
1732023576725125632.000000 -2283.199219 -47.607342 174.401505 0.999647 0.012082 -0.023669 -0.011977 0.999918 0.004554 0.023723 -0.004269 0.999709
1732023576758467072.000000 -2283.155518 -47.515816 179.703262 0.999693 0.009952 -0.022679 -0.009840 0.999939 0.005024 0.022728 -0.004799 0.999730
1732023576791808768.000000 -2283.174316 -47.418381 185.598022 0.999687 0.009027 -0.023312 -0.008930 0.999951 0.004243 0.023349 -0.004033 0.999719
1732023576825150720.000000 -2283.172852 -47.294159 194.280853 0.999761 0.007124 -0.020668 -0.007049 0.999968 0.003722 0.020693 -0.003576 0.999779
1732023576858492416.000000 -2283.149658 -47.082443 201.322357 0.999772 0.005890 -0.020522 -0.005815 0.999976 0.003722 0.020544 -0.003602 0.999782
1732023576891834368.000000 -2283.098145 -47.153278 208.287415 0.999784 0.004242 -0.020364 -0.004150 0.999981 0.004587 0.020383 -0.004502 0.999782
1732023576925176064.000000 -2282.984619 -47.005219 218.172516 0.999812 0.004264 -0.018889 -0.004159 0.999976 0.005572 0.018912 -0.005493 0.999806
1732023576958517760.000000 -2282.682129 -47.118755 225.979233 0.999774 0.002117 -0.021161 -0.002015 0.999986 0.004860 0.021171 -0.004816 0.999764
1732023576991859712.000000 -2282.539062 -46.632065 234.365707 0.999791 0.002593 -0.020279 -0.002517 0.999990 0.003754 0.020289 -0.003702 0.999787
1732023577025201664.000000 -2282.296631 -46.609196 245.660019 0.999749 -0.000127 -0.022415 0.000240 0.999987 0.005029 0.022414 -0.005033 0.999736
1732023577058542080.000000 -2282.145020 -46.650566 254.276978 0.999708 -0.001940 -0.024078 0.002111 0.999973 0.007101 0.024063 -0.007150 0.999685
1732023577091884032.000000 -2282.203369 -46.287010 263.571014 0.999714 -0.001921 -0.023820 0.002090 0.999973 0.007058 0.023806 -0.007106 0.999691
1732023577125225728.000000 -2282.519043 -45.899021 276.551910 0.999709 -0.002998 -0.023939 0.003191 0.999962 0.008058 0.023914 -0.008132 0.999681
1732023577158567680.000000 -2282.489746 -46.013748 286.597137 0.999598 -0.005062 -0.027913 0.005303 0.999949 0.008566 0.027868 -0.008710 0.999574
1732023577191909632.000000 -2282.369873 -46.779732 296.561310 0.999423 -0.010883 -0.032176 0.011360 0.999828 0.014680 0.032011 -0.015037 0.999374
1732023577225251072.000000 -2282.746094 -47.018288 310.789276 0.999402 -0.012822 -0.032110 0.013353 0.999777 0.016380 0.031893 -0.016799 0.999350
1732023577258593024.000000 -2283.219727 -46.480213 322.300568 0.999512 -0.011086 -0.029189 0.011448 0.999859 0.012260 0.029049 -0.012588 0.999499
1732023577291934976.000000 -2283.498779 -46.855461 333.578003 0.999578 -0.011877 -0.026494 0.012210 0.999848 0.012437 0.026342 -0.012755 0.999572
1732023577325276928.000000 -2283.842285 -47.634350 348.890961 0.999505 -0.013270 -0.028517 0.013628 0.999830 0.012389 0.028348 -0.012771 0.999517
1732023577358618624.000000 -2284.158691 -47.809677 360.621613 0.999601 -0.013188 -0.024982 0.013509 0.999828 0.012730 0.024810 -0.013062 0.999607
1732023577391960320.000000 -2284.147949 -48.902199 372.296448 0.999561 -0.014780 -0.025697 0.015123 0.999798 0.013231 0.025496 -0.013614 0.999582
1732023577425302528.000000 -2284.144287 -49.599495 388.562592 0.999577 -0.016357 -0.024063 0.016650 0.999789 0.012020 0.023861 -0.012415 0.999638
1732023577458643200.000000 -2284.032959 -50.444778 400.891449 0.999508 -0.018236 -0.025526 0.018550 0.999755 0.012111 0.025299 -0.012579 0.999601
1732023577491982592.000000 -2283.739990 -51.331047 413.037537 0.999464 -0.019841 -0.026049 0.020222 0.999691 0.014455 0.025754 -0.014974 0.999556
1732023577525323264.000000 -2283.080566 -52.415859 429.483215 0.999408 -0.020882 -0.027343 0.021407 0.999590 0.019040 0.026934 -0.019614 0.999445
1732023577558663936.000000 -2282.428955 -53.311268 441.920990 0.999302 -0.021767 -0.030345 0.022443 0.999503 0.022139 0.029848 -0.022805 0.999294
1732023577592004608.000000 -2281.844482 -54.075878 454.431244 0.999194 -0.023688 -0.032399 0.024489 0.999399 0.024541 0.031798 -0.025314 0.999174
1732023577625345280.000000 -2280.908203 -55.074287 470.818390 0.999005 -0.026191 -0.036092 0.027238 0.999213 0.028830 0.035309 -0.029784 0.998933
1732023577658685952.000000 -2280.130859 -55.613419 482.951508 0.998983 -0.026909 -0.036180 0.028037 0.999125 0.031031 0.035314 -0.032014 0.998863
1732023577692026368.000000 -2279.462402 -55.949703 495.165100 0.998940 -0.028230 -0.036350 0.029409 0.999044 0.032333 0.035403 -0.033368 0.998816
1732023577725367040.000000 -2278.513916 -56.679291 510.770996 0.998763 -0.032119 -0.037946 0.033430 0.998848 0.034421 0.036797 -0.035647 0.998687
1732023577758707456.000000 -2277.900391 -57.042255 522.573547 0.998767 -0.033233 -0.036873 0.034422 0.998892 0.032100 0.035765 -0.033330 0.998804
1732023577792048128.000000 -2277.376953 -57.513733 534.201965 0.998805 -0.034177 -0.034947 0.035334 0.998830 0.033027 0.033778 -0.034223 0.998843
1732023577825388544.000000 -nan -nan -nan -nan -nan -nan -nan -nan -nan -nan -nan -nan
1732023577858729472.000000 -2276.087158 -58.597397 561.488037 0.999072 -0.032438 -0.028331 0.033397 0.998862 0.034056 0.027194 -0.034971 0.999018
1732023577892069888.000000 -2275.655273 -58.974442 572.878418 0.999140 -0.032144 -0.026186 0.032988 0.998929 0.032446 0.025115 -0.033282 0.999130
1732023577925409536.000000 -2275.031494 -59.143444 588.034058 0.999224 -0.032281 -0.022587 0.032946 0.999014 0.029750 0.021604 -0.030471 0.999302
1732023577958749952.000000 -2274.651123 -59.495430 599.117188 0.999269 -0.032577 -0.019979 0.033162 0.999010 0.029648 0.018994 -0.030288 0.999361
1732023577992090624.000000 -2274.536377 -59.602013 609.954834 0.999334 -0.032183 -0.017178 0.032678 0.999035 0.029363 0.016216 -0.029905 0.999421
1732023578025431040.000000 -nan -nan -nan -nan -nan -nan -nan -nan -nan -nan -nan -nan
1732023578058771968.000000 -nan -nan -nan -nan -nan -nan -nan -nan -nan -nan -nan -nan
1732023578092112384.000000 -2274.571777 -58.742947 646.014832 0.999516 -0.029524 -0.009830 0.029779 0.999195 0.026873 0.009029 -0.027153 0.999591
1732023578125453056.000000 -2274.997070 -57.707024 660.141296 0.999542 -0.028915 -0.008984 0.029156 0.999183 0.028004 0.008167 -0.028253 0.999567
1732023578158793472.000000 -nan -nan -nan -nan -nan -nan -nan -nan -nan -nan -nan -nan
1732023578192134144.000000 -2275.631104 -57.341896 680.024109 0.999527 -0.029338 -0.009241 0.029603 0.999112 0.029986 0.008353 -0.030245 0.999508
1732023578225474560.000000 -2276.176758 -57.175003 692.304016 0.999524 -0.029302 -0.009607 0.029623 0.998943 0.035150 0.008567 -0.035418 0.999336
1732023578258814976.000000 -2277.216553 -57.002068 701.299805 0.999493 -0.029922 -0.010883 0.030308 0.998847 0.037227 0.009757 -0.037538 0.999248
1732023578292155392.000000 -2277.852051 -56.679047 710.003235 0.999472 -0.030885 -0.010109 0.031271 0.998686 0.040602 0.008841 -0.040896 0.999124
1732023578325496320.000000 -2278.465576 -56.643864 720.924133 0.999447 -0.031094 -0.011771 0.031560 0.998634 0.041646 0.010460 -0.041995 0.999063
1732023578358836736.000000 -nan -nan -nan -nan -nan -nan -nan -nan -nan -nan -nan -nan
1732023578392176384.000000 -2279.364014 -57.454403 735.966797 0.999359 -0.032890 -0.014156 0.033526 0.998319 0.047273 0.012577 -0.047718 0.998782
1732023578425516800.000000 -2279.853027 -57.455009 745.924805 0.999478 -0.030135 -0.011615 0.030666 0.998347 0.048619 0.010131 -0.048950 0.998750
1732023578458858752.000000 -2280.395752 -57.904640 752.786194 0.999404 -0.031736 -0.013593 0.032359 0.998304 0.048401 0.012034 -0.048812 0.998735
1732023578492200448.000000 -2280.703369 -58.140385 759.411560 0.999439 -0.030837 -0.013053 0.031428 0.998363 0.047779 0.011559 -0.048162 0.998773
1732023578525542144.000000 -2281.053711 -58.476257 768.056213 0.999497 -0.029941 -0.010439 0.030406 0.998400 0.047682 0.008995 -0.047975 0.998808
1732023578558884352.000000 -2281.211182 -58.605362 774.374573 0.999575 -0.027922 -0.008337 0.028274 0.998555 0.045693 0.007050 -0.045910 0.998921
1732023578592226048.000000 -2281.207764 -58.880802 780.245728 0.999602 -0.027332 -0.007019 0.027604 0.998728 0.042187 0.005857 -0.042364 0.999085
1732023578625568000.000000 -2281.437988 -59.625381 787.277649 0.999544 -0.029250 -0.007515 0.029524 0.998790 0.039323 0.006356 -0.039526 0.999198
1732023578658909952.000000 -2281.417480 -60.256367 791.826660 0.999500 -0.030134 -0.009583 0.030481 0.998800 0.038346 0.008416 -0.038619 0.999219
1732023578692251648.000000 -2281.237793 -61.314117 795.747864 0.999412 -0.032465 -0.011066 0.032903 0.998573 0.042065 0.009685 -0.042405 0.999054
1732023578725593856.000000 -nan -nan -nan -nan -nan -nan -nan -nan -nan -nan -nan -nan
1732023578758935808.000000 -nan -nan -nan -nan -nan -nan -nan -nan -nan -nan -nan -nan
1732023578792277504.000000 -nan -nan -nan -nan -nan -nan -nan -nan -nan -nan -nan -nan
1732023578825618432.000000 -nan -nan -nan -nan -nan -nan -nan -nan -nan -nan -nan -nan
1732023578858960384.000000 -nan -nan -nan -nan -nan -nan -nan -nan -nan -nan -nan -nan
1732023578892302592.000000 -nan -nan -nan -nan -nan -nan -nan -nan -nan -nan -nan -nan
1732023578925644288.000000 -nan -nan -nan -nan -nan -nan -nan -nan -nan -nan -nan -nan
1732023578958986240.000000 -2280.577148 -60.950314 789.205017 0.998975 -0.041683 -0.017629 0.042554 0.997721 0.052356 0.015406 -0.053052 0.998473
1732023578992328448.000000 -2280.715576 -60.800903 783.836548 0.999003 -0.041011 -0.017614 0.041851 0.997857 0.050294 0.015513 -0.050981 0.998579
1732023579025670400.000000 -2280.964111 -60.720047 775.483521 0.999155 -0.038411 -0.014609 0.039127 0.997860 0.052391 0.012566 -0.052918 0.998520
1732023579059012096.000000 -nan -nan -nan -nan -nan -nan -nan -nan -nan -nan -nan -nan
1732023579092354304.000000 -nan -nan -nan -nan -nan -nan -nan -nan -nan -nan -nan -nan
1732023579125696512.000000 -2282.659424 -58.989201 750.897705 0.999390 -0.032066 -0.013835 0.032726 0.998187 0.050519 0.012190 -0.050940 0.998627
1732023579159038208.000000 -2283.231689 -58.711491 742.559143 0.999428 -0.030718 -0.014118 0.031383 0.998276 0.049592 0.012570 -0.050007 0.998670
1732023579192380160.000000 -2283.392090 -58.894222 733.980042 0.999415 -0.030799 -0.014858 0.031478 0.998357 0.047874 0.013359 -0.048314 0.998743
1732023579225722368.000000 -2284.201904 -58.429218 722.366760 0.999441 -0.029201 -0.016275 0.029887 0.998601 0.043629 0.014979 -0.044091 0.998915
1732023579259063296.000000 -2284.867920 -57.585926 713.564087 0.999533 -0.027160 -0.013973 0.027700 0.998816 0.039982 0.012870 -0.040351 0.999103
1732023579292405248.000000 -2285.069824 -57.560513 703.759949 0.999544 -0.026258 -0.014903 0.026851 0.998795 0.041088 0.013807 -0.041470 0.999044
1732023579325747200.000000 -2285.252441 -57.179413 690.017578 0.999516 -0.024229 -0.019515 0.025033 0.998800 0.042094 0.018472 -0.042562 0.998923
1732023579359089408.000000 -2285.782471 -56.633389 679.029236 0.999436 -0.025474 -0.021864 0.026401 0.998719 0.043177 0.020736 -0.043730 0.998828
1732023579392431616.000000 -2286.155518 -56.089306 667.883240 0.999358 -0.026290 -0.024334 0.027279 0.998777 0.041238 0.023221 -0.041875 0.998853
1732023579425773312.000000 -2286.474609 -55.386738 651.971985 0.999276 -0.026842 -0.026972 0.027943 0.998756 0.041295 0.025830 -0.042019 0.998783
1732023579459114496.000000 -2286.856934 -55.160572 639.286133 0.999245 -0.027551 -0.027395 0.028689 0.998704 0.042049 0.026201 -0.042803 0.998740
1732023579492455936.000000 -2287.369141 -54.794476 626.266724 0.999230 -0.027715 -0.027769 0.028881 0.998680 0.042481 0.026555 -0.043250 0.998711
1732023579525796864.000000 -2287.869873 -54.766327 608.377625 0.999247 -0.026958 -0.027887 0.028134 0.998692 0.042688 0.026700 -0.043441 0.998699
1732023579559138048.000000 -2288.147705 -54.800537 593.867188 0.999237 -0.026764 -0.028427 0.028046 0.998562 0.045689 0.027163 -0.046451 0.998551
1732023579592478976.000000 -2288.404297 -54.879402 579.279541 0.999212 -0.027758 -0.028384 0.029080 0.998459 0.047266 0.027029 -0.048054 0.998479
1732023579625820416.000000 -2288.512939 -55.226971 559.324585 0.999127 -0.027798 -0.031185 0.029200 0.998541 0.045433 0.029876 -0.046304 0.998481
1732023579659161344.000000 -2288.823975 -55.335964 544.158386 0.999056 -0.027549 -0.033587 0.029097 0.998494 0.046509 0.032255 -0.047442 0.998353
1732023579692502528.000000 -2288.520020 -56.007687 528.510742 0.998913 -0.029029 -0.036469 0.030718 0.998439 0.046646 0.035058 -0.047716 0.998246
1732023579725842432.000000 -2288.617676 -56.721996 507.986481 0.998814 -0.029131 -0.039019 0.030878 0.998512 0.044954 0.037652 -0.046106 0.998227
1732023579759183616.000000 -2288.684570 -56.999363 492.678192 0.998806 -0.028132 -0.039940 0.029927 0.998535 0.045087 0.038613 -0.046228 0.998184
1732023579792524544.000000 -2288.657959 -57.219681 477.704285 0.998662 -0.029654 -0.042364 0.031510 0.998541 0.043845 0.041002 -0.045121 0.998140
1732023579825865984.000000 -2288.520996 -58.289528 457.720886 0.998828 -0.027116 -0.040088 0.028734 0.998773 0.040346 0.038945 -0.041451 0.998381
1732023579859207168.000000 -2288.328613 -59.334419 443.098328 0.998829 -0.026712 -0.040329 0.028047 0.999065 0.032909 0.039412 -0.034001 0.998644
1732023579892548096.000000 -2288.303223 -59.795597 429.118286 0.998921 -0.024506 -0.039454 0.025738 0.999187 0.031024 0.038662 -0.032006 0.998740
1732023579925889280.000000 -2288.108398 -60.940887 409.935333 0.998966 -0.024618 -0.038209 0.025660 0.999306 0.027019 0.037518 -0.027972 0.998904
1732023579959230208.000000 -2287.838379 -61.861637 395.619965 0.999138 -0.022057 -0.035160 0.022958 0.999413 0.025427 0.034578 -0.026212 0.999058
1732023579992571392.000000 -2287.651611 -62.899834 381.522034 0.998960 -0.024416 -0.038509 0.025405 0.999355 0.025383 0.037864 -0.026334 0.998936
1732023580025912576.000000 -2287.698242 -63.616997 363.379333 0.999003 -0.022383 -0.038618 0.023149 0.999542 0.019509 0.038164 -0.020384 0.999064
1732023580059253760.000000 -2287.533203 -64.870010 349.381958 0.998834 -0.025752 -0.040839 0.026677 0.999396 0.022253 0.040241 -0.023317 0.998918
1732023580092594944.000000 -2287.948486 -64.378044 336.372131 0.999163 -0.021507 -0.034791 0.022125 0.999602 0.017480 0.034401 -0.018235 0.999242
1732023580125935872.000000 -2288.599854 -64.366661 319.282257 0.999378 -0.021722 -0.027792 0.022172 0.999626 0.015985 0.027435 -0.016591 0.999486
1732023580159276032.000000 -2288.399902 -65.505028 305.621521 0.999180 -0.022893 -0.033395 0.023463 0.999584 0.016791 0.032996 -0.017561 0.999301
1732023580192616960.000000 -nan -nan -nan -nan -nan -nan -nan -nan -nan -nan -nan -nan
1732023580225958144.000000 -2289.392822 -65.915344 276.773590 0.999174 -0.025203 -0.031868 0.025713 0.999546 0.015697 0.031458 -0.016503 0.999369
1732023580259299328.000000 -2289.812744 -65.513824 265.705383 0.999264 -0.024780 -0.029296 0.025210 0.999578 0.014414 0.028926 -0.015142 0.999467
1732023580292640512.000000 -2290.146973 -65.046425 255.055038 0.999222 -0.026308 -0.029366 0.026620 0.999593 0.010282 0.029084 -0.011055 0.999516
1732023580325981440.000000 -2290.624268 -64.555618 242.166565 0.999171 -0.027925 -0.029621 0.028167 0.999573 0.007777 0.029391 -0.008605 0.999531
1732023580359322624.000000 -2290.816895 -64.108719 233.548599 0.999081 -0.027972 -0.032490 0.028137 0.999593 0.004627 0.032348 -0.005537 0.999461
1732023580392663808.000000 -2291.007812 -63.679413 225.363602 0.998901 -0.030321 -0.035735 0.030403 0.999536 0.001728 0.035666 -0.002813 0.999360
1732023580426004736.000000 -2291.348633 -62.784271 215.567856 0.998855 -0.031296 -0.036194 0.031457 0.999498 0.003892 0.036054 -0.005026 0.999337
1732023580459345920.000000 -2291.508545 -62.300339 208.595627 0.998796 -0.031983 -0.037209 0.032215 0.999465 0.005646 0.037008 -0.006838 0.999292
1732023580492686848.000000 -2291.628174 -61.878635 201.789322 0.998673 -0.033614 -0.039007 0.034023 0.999372 0.009881 0.038650 -0.011195 0.999190
1732023580526028032.000000 -2291.855957 -60.690643 193.337418 0.998481 -0.036185 -0.041543 0.036847 0.999204 0.015283 0.040957 -0.016791 0.999020
1732023580559368704.000000 -2291.779785 -59.947712 187.293503 0.998493 -0.036086 -0.041336 0.036752 0.999205 0.015472 0.040744 -0.016968 0.999026
1732023580592708864.000000 -2291.764160 -58.949966 181.922882 0.998352 -0.038120 -0.042891 0.038869 0.999104 0.016768 0.042213 -0.018408 0.998939
1732023580626049792.000000 -2291.662842 -58.559624 175.044083 0.998119 -0.041069 -0.045508 0.041936 0.998953 0.018259 0.044710 -0.020133 0.998797
1732023580659390976.000000 -2291.319824 -57.674305 170.678345 0.998166 -0.040206 -0.045255 0.041063 0.998992 0.018154 0.044480 -0.019979 0.998810
1732023580692731904.000000 -2290.786621 -56.352230 166.907745 0.998328 -0.038330 -0.043262 0.039331 0.998972 0.022536 0.042354 -0.024200 0.998810
1732023580726072832.000000 -2290.005859 -55.613243 162.001785 0.998211 -0.039543 -0.044846 0.040742 0.998828 0.026141 0.043759 -0.027922 0.998652
1732023580759414016.000000 -2289.437256 -54.890266 159.148087 0.998274 -0.038459 -0.044380 0.039687 0.998844 0.027130 0.043285 -0.028844 0.998646
1732023580792754944.000000 -2288.717529 -54.680477 156.219025 0.998501 -0.035568 -0.041607 0.036630 0.999015 0.025038 0.040676 -0.026525 0.998820
1732023580826096128.000000 -2287.702148 -53.855724 153.640854 0.998761 -0.031751 -0.038311 0.032758 0.999127 0.025942 0.037453 -0.027165 0.998929
1732023580859437056.000000 -2286.858643 -53.487141 152.040131 0.998902 -0.029897 -0.036069 0.030922 0.999124 0.028208 0.035194 -0.029292 0.998951
1732023580892777984.000000 -2286.334961 -52.759922 151.331528 0.999009 -0.028774 -0.033955 0.029560 0.999301 0.022878 0.033273 -0.023859 0.999161
1732023580926118912.000000 -2285.614990 -52.387932 150.367310 0.999136 -0.028460 -0.030273 0.029067 0.999382 0.019776 0.029691 -0.020638 0.999346
1732023580959460096.000000 -2285.215088 -52.248188 150.347397 0.999184 -0.028897 -0.028213 0.029509 0.999333 0.021502 0.027573 -0.022317 0.999371
1732023580992801024.000000 -2284.381348 -52.247375 152.353790 0.999046 -0.030462 -0.031286 0.031146 0.999282 0.021597 0.030605 -0.022551 0.999277
1732023581026142208.000000 -2283.849854 -52.641026 154.798370 0.999316 -0.026376 -0.025913 0.026780 0.999524 0.015339 0.025496 -0.016022 0.999547
1732023581059481856.000000 -2283.485596 -52.890823 158.819031 0.999314 -0.025949 -0.026437 0.026218 0.999607 0.009888 0.026170 -0.010574 0.999602
1732023581092823040.000000 -2283.201172 -53.284649 166.192993 0.999449 -0.022869 -0.024053 0.022933 0.999734 0.002393 0.023992 -0.002943 0.999708
1732023581126164224.000000 -2283.026367 -53.619190 173.041245 0.999484 -0.021177 -0.024155 0.021077 0.999768 -0.004393 0.024242 0.003882 0.999699
