1731926785454994432.000000 -2444.633301 69.653046 141.719406 0.997982 -0.062855 0.009032 0.062865 0.998022 -0.000917 -0.008957 0.001483 0.999959
1731926785488338176.000000 -2444.661377 69.805420 141.852905 0.997988 -0.062664 0.009652 0.062663 0.998035 0.000443 -0.009660 0.000163 0.999953
1731926785521680384.000000 -2444.700928 69.878609 141.881470 0.998140 -0.059656 0.012529 0.059650 0.998219 0.000852 -0.012558 -0.000103 0.999921
1731926785555020288.000000 -2444.634521 69.666077 141.776428 0.998137 -0.059811 0.012081 0.059821 0.998209 -0.000454 -0.012032 0.001176 0.999927
1731926785588357632.000000 -2444.607910 69.173477 141.426025 0.998282 -0.056247 0.016405 0.056244 0.998417 0.000689 -0.016418 0.000235 0.999865
1731926785621692928.000000 -2444.592285 69.193077 141.447815 0.998283 -0.056205 0.016486 0.056199 0.998419 0.000806 -0.016505 0.000122 0.999864
1731926785655025664.000000 -2444.538818 68.684792 141.151657 0.998245 -0.057267 0.015089 0.057285 0.998358 -0.000769 -0.015021 0.001632 0.999886
1731926785688355840.000000 -2444.540283 68.693985 141.157074 0.998249 -0.057197 0.015101 0.057215 0.998362 -0.000757 -0.015033 0.001620 0.999886
1731926785721684224.000000 -2444.507568 68.518692 141.063339 0.998235 -0.057492 0.014900 0.057508 0.998345 -0.000636 -0.014838 0.001492 0.999889
1731926785755009536.000000 -2444.507568 68.521896 141.085037 0.998237 -0.057498 0.014747 0.057515 0.998344 -0.000784 -0.014678 0.001631 0.999891
1731926785788332800.000000 -2444.503662 68.550453 141.066483 0.998240 -0.057427 0.014802 0.057445 0.998348 -0.000796 -0.014732 0.001645 0.999890
1731926785854972160.000000 -2444.528076 68.709038 141.187698 0.998248 -0.057032 0.015739 0.057024 0.998372 0.000999 -0.015770 -0.000100 0.999876
1731926785888288256.000000 -2444.536865 68.713036 141.189575 0.998254 -0.057021 0.015444 0.057017 0.998373 0.000684 -0.015458 0.000197 0.999880
1731926785921600768.000000 -2444.491455 68.522408 141.081253 0.998237 -0.057483 0.014790 0.057503 0.998345 -0.000934 -0.014712 0.001782 0.999890
1731926785954912512.000000 -2444.432129 68.361923 140.945648 0.998229 -0.057669 0.014610 0.057687 0.998334 -0.000766 -0.014541 0.001608 0.999893
1731926785988221184.000000 -2444.487305 68.487534 141.069458 0.998235 -0.057426 0.015124 0.057418 0.998350 0.000950 -0.015154 -0.000080 0.999885
1731926786021527808.000000 -2444.482910 68.520630 141.067230 0.998232 -0.057440 0.015284 0.057434 0.998349 0.000841 -0.015308 0.000038 0.999883
1731926786054831872.000000 -2444.489502 68.505859 141.081421 0.998240 -0.057334 0.015146 0.057330 0.998355 0.000671 -0.015160 0.000198 0.999885
1731926786088133888.000000 -2444.144531 66.528732 139.931107 0.997670 -0.068086 0.004228 0.068047 0.997643 0.008828 -0.004819 -0.008520 0.999952
1731926786121433600.000000 -2444.232910 66.828751 140.140671 0.997704 -0.067567 0.004657 0.067525 0.997681 0.008504 -0.005221 -0.008170 0.999953
1731926786154730496.000000 -2444.223389 66.841003 140.116623 0.997700 -0.067619 0.004827 0.067576 0.997677 0.008606 -0.005398 -0.008260 0.999951
1731926786188025856.000000 -2444.213379 66.893105 140.113907 0.997707 -0.067519 0.004790 0.067476 0.997684 0.008581 -0.005358 -0.008239 0.999952
1731926786221305856.000000 -2444.221680 66.881325 140.128754 0.997703 -0.067564 0.004792 0.067521 0.997680 0.008747 -0.005372 -0.008404 0.999950
1731926786254582528.000000 -2444.213623 66.261307 139.784866 0.997866 -0.064556 0.009749 0.064419 0.997828 0.013755 -0.010616 -0.013098 0.999858
1731926786287855360.000000 -2444.214111 66.736961 140.082870 0.997684 -0.067863 0.004579 0.067821 0.997659 0.008803 -0.005166 -0.008472 0.999951
1731926786321125376.000000 -2444.189941 66.723633 140.044144 0.997688 -0.067821 0.004467 0.067780 0.997662 0.008710 -0.005047 -0.008388 0.999952
1731926786354390272.000000 -2444.295898 67.432632 140.543564 0.997465 -0.071150 0.000534 0.071142 0.997420 0.009581 -0.001215 -0.009518 0.999954
1731926786387653120.000000 -2444.259521 67.397545 140.486984 0.997473 -0.071043 0.000850 0.071033 0.997435 0.008808 -0.001474 -0.008725 0.999961
1731926786420912640.000000 -2444.193115 67.192818 140.336441 0.997440 -0.071509 -0.000075 0.071507 0.997413 0.007352 -0.000451 -0.007339 0.999973
1731926786454168576.000000 -2444.195312 67.200912 140.351547 0.997445 -0.071436 0.000067 0.071434 0.997419 0.007214 -0.000582 -0.007190 0.999974
1731926786487420928.000000 -2444.251221 67.404732 140.477768 0.997472 -0.071051 0.000901 0.071040 0.997433 0.008944 -0.001534 -0.008857 0.999960
1731926786520669952.000000 -2444.414307 68.532455 141.159866 0.997899 -0.064324 0.007784 0.064309 0.997928 0.002178 -0.007908 -0.001673 0.999967
1731926786553915392.000000 -2444.469238 68.851212 141.344940 0.997930 -0.063727 0.008616 0.063698 0.997963 0.003652 -0.008831 -0.003095 0.999956
1731926786587157504.000000 -2444.492432 68.849121 141.323502 0.997931 -0.063714 0.008651 0.063683 0.997963 0.003846 -0.008879 -0.003287 0.999955
1731926786620396288.000000 -2444.484863 68.852806 141.324814 0.997933 -0.063676 0.008716 0.063647 0.997966 0.003581 -0.008926 -0.003019 0.999956
1731926786653631744.000000 -2444.463623 68.758095 141.287445 0.997896 -0.064318 0.008174 0.064287 0.997924 0.003976 -0.008413 -0.003442 0.999959
1731926786686863360.000000 -2444.464600 68.854340 141.346344 0.997923 -0.063820 0.008764 0.063791 0.997957 0.003538 -0.008972 -0.002971 0.999955
1731926786720091904.000000 -2444.488770 68.832222 141.312286 0.997927 -0.063781 0.008583 0.063754 0.997960 0.003420 -0.008783 -0.002865 0.999957
1731926786753316608.000000 -2444.481934 68.807793 141.322769 0.997923 -0.063851 0.008576 0.063822 0.997955 0.003642 -0.008791 -0.003087 0.999957
1731926786786538240.000000 -2444.253174 67.070221 140.227875 0.997613 -0.068981 0.003078 0.068959 0.997597 0.006693 -0.003532 -0.006465 0.999973
1731926786819755264.000000 -2444.299561 67.388046 140.383606 0.997664 -0.068211 0.003658 0.068186 0.997650 0.006680 -0.004105 -0.006415 0.999971
1731926786852970240.000000 -2444.307129 67.373787 140.399063 0.997657 -0.068307 0.003770 0.068281 0.997644 0.006659 -0.004216 -0.006386 0.999971
1731926786886181120.000000 -2444.289062 67.370895 140.395157 0.997655 -0.068356 0.003579 0.068332 0.997641 0.006595 -0.004021 -0.006335 0.999972
1731926786919388928.000000 -2444.248535 67.075188 140.230286 0.997618 -0.068919 0.003011 0.068898 0.997601 0.006735 -0.003468 -0.006511 0.999973
1731926786952593152.000000 -2444.284912 67.089035 140.231018 0.997618 -0.068908 0.003177 0.068886 0.997603 0.006625 -0.003626 -0.006390 0.999973
1731926786985794048.000000 -2443.971436 67.198112 140.143417 0.997632 -0.068680 0.003702 0.068651 0.997614 0.007339 -0.004197 -0.007068 0.999966
1731926787018991360.000000 -2444.724121 66.192474 141.075897 0.997817 -0.065699 -0.006745 0.065682 0.997837 -0.002696 0.006907 0.002247 0.999974
1731926787052185344.000000 -2444.724854 66.186905 140.998352 0.997804 -0.065868 -0.006918 0.065853 0.997826 -0.002394 0.007061 0.001933 0.999973
1731926787085376000.000000 -2444.912109 66.476303 140.456970 0.997688 -0.067964 0.000485 0.067961 0.997678 0.004372 -0.000781 -0.004329 0.999990
1731926787118562816.000000 -2444.924805 66.464859 140.463852 0.997685 -0.068004 0.000321 0.068002 0.997675 0.004559 -0.000630 -0.004526 0.999990
1731926787151746816.000000 -2444.928711 66.443550 140.439728 0.997684 -0.068016 0.000329 0.068014 0.997675 0.004432 -0.000630 -0.004399 0.999990
1731926787184928512.000000 -2444.955566 66.466423 140.469940 0.997684 -0.068017 0.000331 0.068015 0.997675 0.004412 -0.000630 -0.004379 0.999990
1731926787218268928.000000 -2444.966309 66.458595 140.435654 0.997683 -0.068033 0.000229 0.068031 0.997674 0.004368 -0.000525 -0.004342 0.999990
1731926787251607808.000000 -nan -nan -nan -nan -nan -nan -nan -nan -nan -nan -nan -nan
1731926787284948224.000000 -2444.670410 66.496834 141.284988 0.997664 -0.067743 -0.008778 0.067726 0.997702 -0.002182 0.008906 0.001582 0.999959
1731926787318288128.000000 -2444.706543 66.498650 141.574722 0.997678 -0.067605 -0.008227 0.067581 0.997709 -0.003161 0.008422 0.002597 0.999961
1731926787351628288.000000 -2444.533936 65.769302 141.874115 0.997849 -0.065184 -0.006891 0.065131 0.997847 -0.007706 0.007378 0.007241 0.999947
1731926787384968192.000000 -2444.047852 65.838570 143.731201 0.998154 -0.060488 -0.005548 0.060434 0.998127 -0.009494 0.006112 0.009141 0.999940
1731926787418308352.000000 -2443.220947 65.261536 146.018936 0.998436 -0.055635 -0.005503 0.055522 0.998278 -0.018941 0.006547 0.018606 0.999805
1731926787451648256.000000 -2442.155273 63.675838 149.929108 0.998703 -0.050463 -0.006712 0.050183 0.998060 -0.036863 0.008559 0.036478 0.999298
1731926787484987904.000000 -2441.267578 62.507530 153.995544 0.998740 -0.048883 -0.011317 0.048292 0.997694 -0.047703 0.013622 0.047096 0.998797
1731926787518328064.000000 -2440.483887 58.439423 161.334641 0.999037 -0.042198 -0.011976 0.041542 0.997855 -0.050600 0.014086 0.050054 0.998647
1731926787551667968.000000 -2440.372070 57.383400 165.023926 0.999136 -0.040562 -0.009067 0.040195 0.998488 -0.037509 0.010575 0.037112 0.999255
1731926787585007872.000000 -2440.381348 55.619686 170.817551 0.999273 -0.037478 -0.007028 0.037297 0.999005 -0.024432 0.007936 0.024152 0.999677
1731926787618347520.000000 -nan -nan -nan -nan -nan -nan -nan -nan -nan -nan -nan -nan
1731926787651687424.000000 -2440.473145 50.662331 186.221222 0.999333 -0.034218 -0.012787 0.033779 0.998880 -0.033144 0.013907 0.032690 0.999369
1731926787685026048.000000 -2440.726318 49.578415 194.394913 0.999416 -0.031402 -0.013452 0.030785 0.998564 -0.043853 0.014810 0.043413 0.998947
1731926787718365696.000000 -2441.094971 48.741512 202.987778 0.999512 -0.029198 -0.011102 0.028573 0.998199 -0.052757 0.012622 0.052414 0.998546
1731926787751705344.000000 -2441.642578 48.167309 215.647018 0.999481 -0.030915 -0.009031 0.030314 0.997710 -0.060467 0.010880 0.060162 0.998129
1731926787785045248.000000 -2442.174316 47.809193 225.375031 0.999532 -0.030419 -0.003357 0.030150 0.997587 -0.062542 0.005251 0.062411 0.998037
1731926787818384896.000000 -2442.942383 46.920513 235.423080 0.999527 -0.030746 -0.000610 0.030643 0.997462 -0.064273 0.002584 0.064224 0.997932
1731926787851724288.000000 -2444.410156 46.168144 249.790054 0.999474 -0.032273 0.003348 0.032413 0.997791 -0.057993 -0.001469 0.058071 0.998311
1731926787885063936.000000 -2445.220703 45.132187 260.290100 0.999350 -0.035889 0.003326 0.036018 0.997808 -0.055519 -0.001326 0.055603 0.998452
1731926787918403328.000000 -2446.360352 44.652992 271.782440 0.999260 -0.038304 0.003537 0.038435 0.997972 -0.050732 -0.001587 0.050831 0.998706
1731926787951742976.000000 -2447.461182 43.890354 286.918030 0.999169 -0.040531 0.004290 0.040676 0.998277 -0.042283 -0.002568 0.042423 0.999096
1731926787985082368.000000 -2448.348633 43.537098 298.439789 0.999138 -0.041394 0.003243 0.041490 0.998352 -0.039657 -0.001596 0.039758 0.999208
1731926788018421760.000000 -nan -nan -nan -nan -nan -nan -nan -nan -nan -nan -nan -nan
1731926788051761152.000000 -2450.228516 43.063698 326.040680 0.998995 -0.044709 0.003099 0.044788 0.998431 -0.033615 -0.001591 0.033720 0.999430
1731926788085100544.000000 -2450.829590 42.814766 338.084961 0.998992 -0.044884 0.000994 0.044892 0.998424 -0.033671 0.000519 0.033682 0.999432
1731926788118439936.000000 -2452.031006 45.109467 350.929932 0.999334 -0.035256 0.009467 0.035574 0.998722 -0.035911 -0.008189 0.036224 0.999310
1731926788151778304.000000 -2452.096436 45.103897 366.974457 0.999056 -0.042772 0.007608 0.042960 0.998721 -0.026654 -0.006458 0.026955 0.999616
1731926788185117440.000000 -2452.322021 46.541470 379.290558 0.999190 -0.038882 0.010359 0.039141 0.998891 -0.026154 -0.009330 0.026539 0.999604
1731926788218461952.000000 -2452.320312 47.259373 390.897095 0.999143 -0.040443 0.008798 0.040646 0.998879 -0.024254 -0.007807 0.024591 0.999667
1731926788251806464.000000 -2452.025146 47.424976 405.979675 0.999168 -0.040343 0.005971 0.040466 0.998938 -0.022020 -0.005076 0.022244 0.999740
1731926788285151232.000000 -2451.619141 47.719639 416.950043 0.999036 -0.043867 0.001375 0.043885 0.998862 -0.018675 -0.000554 0.018717 0.999825
1731926788318495744.000000 -2451.392090 49.325619 428.456512 0.999294 -0.036969 0.006761 0.037090 0.999134 -0.018864 -0.006058 0.019101 0.999799
1731926788351840256.000000 -2450.745850 49.406849 442.284271 0.999266 -0.038060 0.004384 0.038128 0.999136 -0.016521 -0.003751 0.016677 0.999854
1731926788385185024.000000 -2450.592285 49.901749 452.040192 0.999152 -0.039665 0.011048 0.039803 0.999129 -0.012545 -0.010541 0.012975 0.999860
1731926788418529792.000000 -2449.989014 50.178349 462.287689 0.999241 -0.036870 0.012575 0.036989 0.999271 -0.009413 -0.012219 0.009871 0.999877
1731926788451874560.000000 -2448.985107 51.220715 476.753143 0.999472 -0.031248 0.008887 0.031425 0.999296 -0.020477 -0.008241 0.020745 0.999751
1731926788485219584.000000 -2448.100586 50.857586 486.005463 0.999312 -0.036433 0.006907 0.036525 0.999241 -0.013553 -0.006408 0.013796 0.999884
1731926788518564352.000000 -2447.241943 50.977367 495.878357 0.999330 -0.036417 0.003563 0.036464 0.999233 -0.014259 -0.003041 0.014379 0.999892
1731926788551909376.000000 -2446.118164 51.139874 508.535736 0.999288 -0.037722 0.000565 0.037727 0.999177 -0.014928 -0.000002 0.014938 0.999888
1731926788585253376.000000 -2445.306396 52.229019 517.835632 0.999221 -0.038636 0.008087 0.038686 0.999233 -0.006114 -0.007845 0.006422 0.999949
1731926788618598400.000000 -2444.300781 52.803112 527.099304 0.999194 -0.039373 0.007804 0.039423 0.999202 -0.006360 -0.007547 0.006663 0.999949
1731926788651943680.000000 -nan -nan -nan -nan -nan -nan -nan -nan -nan -nan -nan -nan
1731926788685288704.000000 -2441.700439 54.667721 547.412537 0.999043 -0.041386 0.014158 0.041430 0.999137 -0.002837 -0.014028 0.003421 0.999896
1731926788718633984.000000 -nan -nan -nan -nan -nan -nan -nan -nan -nan -nan -nan -nan
1731926788751979008.000000 -nan -nan -nan -nan -nan -nan -nan -nan -nan -nan -nan -nan
1731926788785324288.000000 -2437.041504 55.673542 575.505127 0.998724 -0.047329 0.017591 0.047573 0.998774 -0.013705 -0.016921 0.014525 0.999751
1731926788818669824.000000 -nan -nan -nan -nan -nan -nan -nan -nan -nan -nan -nan -nan
1731926788852015360.000000 -2433.930664 57.636658 596.418518 0.998710 -0.043717 0.025821 0.043980 0.998985 -0.009695 -0.025371 0.010818 0.999620
1731926788885360384.000000 -nan -nan -nan -nan -nan -nan -nan -nan -nan -nan -nan -nan
1731926788918705920.000000 -nan -nan -nan -nan -nan -nan -nan -nan -nan -nan -nan -nan
1731926788952051712.000000 -nan -nan -nan -nan -nan -nan -nan -nan -nan -nan -nan -nan
1731926788985396992.000000 -nan -nan -nan -nan -nan -nan -nan -nan -nan -nan -nan -nan
1731926789018741760.000000 -nan -nan -nan -nan -nan -nan -nan -nan -nan -nan -nan -nan
1731926789052087296.000000 -2427.925049 59.666500 659.249512 0.998451 -0.045875 0.031480 0.045997 0.998937 -0.003178 -0.031301 0.004621 0.999499
1731926789085433088.000000 -2427.400391 59.798599 668.761719 0.998339 -0.047629 0.032417 0.047878 0.998829 -0.006928 -0.032049 0.008469 0.999450
1731926789118778624.000000 -2427.316162 60.278236 678.708801 0.998172 -0.049290 0.034979 0.049468 0.998767 -0.004234 -0.034727 0.005956 0.999379
1731926789152124672.000000 -2427.887451 61.075123 691.442932 0.997929 -0.053681 0.035431 0.053921 0.998528 -0.005837 -0.035065 0.007736 0.999355
1731926789185470464.000000 -2428.095459 61.324585 700.414368 0.997782 -0.054979 0.037538 0.055153 0.998471 -0.003625 -0.037282 0.005687 0.999289
1731926789218810880.000000 -2428.420166 61.896927 709.250061 0.997651 -0.058512 0.035628 0.058584 0.998282 -0.000984 -0.035509 0.003068 0.999365
1731926789252151552.000000 -2428.548828 63.291725 720.124939 0.997424 -0.060617 0.038345 0.060200 0.998115 0.011920 -0.038996 -0.009581 0.999193
1731926789285491968.000000 -2428.593506 63.115814 727.067810 0.997298 -0.064404 0.035341 0.064091 0.997895 0.009916 -0.035905 -0.007624 0.999326
1731926789318832640.000000 -2428.811768 64.118843 734.346802 0.997178 -0.065834 0.036080 0.065434 0.997783 0.012153 -0.036800 -0.009758 0.999275
1731926789352173056.000000 -nan -nan -nan -nan -nan -nan -nan -nan -nan -nan -nan -nan
1731926789385513728.000000 -nan -nan -nan -nan -nan -nan -nan -nan -nan -nan -nan -nan
1731926789418853888.000000 -2429.681885 61.812763 754.067261 0.996123 -0.083940 0.026332 0.083787 0.996460 0.006866 -0.026815 -0.004633 0.999630
1731926789452194816.000000 -2429.983398 61.611012 761.561462 0.995979 -0.084424 0.029958 0.084132 0.996395 0.010887 -0.030769 -0.008323 0.999492
1731926789485533952.000000 -2430.035400 61.163063 766.267456 0.995958 -0.083813 0.032295 0.083419 0.996425 0.013367 -0.033300 -0.010619 0.999389
1731926789518874368.000000 -nan -nan -nan -nan -nan -nan -nan -nan -nan -nan -nan -nan
1731926789552214784.000000 -nan -nan -nan -nan -nan -nan -nan -nan -nan -nan -nan -nan
1731926789585555200.000000 -nan -nan -nan -nan -nan -nan -nan -nan -nan -nan -nan -nan
1731926789618895616.000000 -nan -nan -nan -nan -nan -nan -nan -nan -nan -nan -nan -nan
1731926789652236032.000000 -2428.980713 57.404011 789.420898 0.996846 -0.073759 0.029273 0.073820 0.997271 -0.000981 -0.029120 0.003139 0.999571
1731926789685576192.000000 -nan -nan -nan -nan -nan -nan -nan -nan -nan -nan -nan -nan
1731926789718916608.000000 -2428.510986 56.007160 794.403809 0.996974 -0.071909 0.029523 0.071936 0.997409 0.000139 -0.029456 0.001985 0.999564
1731926789752256768.000000 -nan -nan -nan -nan -nan -nan -nan -nan -nan -nan -nan -nan
1731926789785596928.000000 -2427.794434 55.284367 795.857727 0.997081 -0.070428 0.029481 0.070234 0.997502 0.007563 -0.029940 -0.005470 0.999537
1731926789818937344.000000 -nan -nan -nan -nan -nan -nan -nan -nan -nan -nan -nan -nan
1731926789852277504.000000 -nan -nan -nan -nan -nan -nan -nan -nan -nan -nan -nan -nan
1731926789885617664.000000 -2428.231201 53.800938 785.896790 0.997338 -0.067698 0.027101 0.067272 0.997601 0.016353 -0.028143 -0.014486 0.999499
1731926789918957056.000000 -2428.564453 53.663265 780.539246 0.997372 -0.067433 0.026496 0.066998 0.997608 0.016995 -0.027579 -0.015175 0.999504
1731926789952297216.000000 -2429.469482 53.455952 772.330200 0.997208 -0.069312 0.027799 0.068750 0.997419 0.020694 -0.029162 -0.018725 0.999399
1731926789985637120.000000 -nan -nan -nan -nan -nan -nan -nan -nan -nan -nan -nan -nan
1731926790018977280.000000 -2431.269531 55.961655 760.065979 0.997919 -0.052484 0.037460 0.052236 0.998606 0.007582 -0.037806 -0.005610 0.999269
1731926790052317440.000000 -2431.334961 50.752983 747.599670 0.997294 -0.069802 0.023091 0.069775 0.997561 0.001997 -0.023174 -0.000381 0.999731
1731926790085657856.000000 -2432.119141 53.714844 741.494385 0.997680 -0.056069 0.038600 0.056148 0.998422 -0.000962 -0.038485 0.003127 0.999254
1731926790118997504.000000 -nan -nan -nan -nan -nan -nan -nan -nan -nan -nan -nan -nan
1731926790152337664.000000 -2433.357910 48.605251 719.156738 0.997739 -0.063494 0.022028 0.063647 0.997953 -0.006306 -0.021583 0.007693 0.999737
1731926790185677824.000000 -2433.748047 47.740459 710.037598 0.997586 -0.066676 0.019389 0.066723 0.997770 -0.001817 -0.019224 0.003106 0.999810
1731926790219018496.000000 -2434.441650 47.079357 700.150940 0.998025 -0.059220 0.020946 0.059335 0.998226 -0.004888 -0.020619 0.006121 0.999769
1731926790252358656.000000 -2434.099121 44.382824 686.782349 0.997678 -0.067766 0.006824 0.067832 0.997647 -0.009952 -0.006134 0.010392 0.999927
1731926790285699072.000000 -2434.985840 42.249104 672.475281 0.997510 -0.069746 0.010452 0.069894 0.997449 -0.014486 -0.009415 0.015181 0.999840
1731926790319039232.000000 -2435.275879 40.985409 662.093567 0.997347 -0.072215 0.009131 0.072369 0.997219 -0.017824 -0.007818 0.018438 0.999799
1731926790352378624.000000 -2435.192139 39.880272 651.134888 0.997223 -0.073863 0.009536 0.074049 0.997037 -0.020857 -0.007967 0.021505 0.999737
1731926790385719040.000000 -2434.968018 39.417606 640.505798 0.997059 -0.076487 0.004893 0.076581 0.996790 -0.023339 -0.003092 0.023645 0.999716
1731926790419059200.000000 -2434.974854 38.735870 629.400024 0.997022 -0.076804 0.006953 0.076952 0.996739 -0.024305 -0.005063 0.024768 0.999680
1731926790452399616.000000 -2434.739014 37.813389 613.765381 0.996750 -0.080041 0.009072 0.080247 0.996456 -0.025215 -0.007022 0.025861 0.999641
1731926790485740032.000000 -2434.377686 37.078972 593.759949 0.996465 -0.082786 0.014258 0.083011 0.996421 -0.015968 -0.012885 0.017095 0.999771
1731926790519080192.000000 -2433.669434 35.510937 585.126892 0.996183 -0.086936 0.007909 0.087106 0.995899 -0.024436 -0.005752 0.025031 0.999670
1731926790552420352.000000 -2432.793457 35.456612 572.985229 0.996003 -0.088957 0.008047 0.089133 0.995703 -0.025098 -0.005780 0.025715 0.999653
1731926790585760768.000000 -2431.632080 35.811516 561.225586 0.996339 -0.085293 0.005764 0.085425 0.995921 -0.029055 -0.003263 0.029441 0.999561
1731926790619100928.000000 -2430.830811 34.373337 547.902588 0.995701 -0.092428 0.005959 0.092551 0.995381 -0.025518 -0.003573 0.025960 0.999657
1731926790652441344.000000 -2429.421143 34.547161 531.133423 0.995936 -0.089373 0.011097 0.089659 0.995561 -0.028639 -0.008488 0.029518 0.999528
1731926790685781248.000000 -2427.951660 33.437431 518.367920 0.996044 -0.088601 0.006823 0.088785 0.995449 -0.034619 -0.003725 0.035087 0.999377
1731926790719121408.000000 -2426.825684 32.680466 504.657440 0.995530 -0.093841 0.010696 0.094057 0.995327 -0.021836 -0.008597 0.022745 0.999704
1731926790752461568.000000 -2425.040039 32.351624 487.285400 0.995888 -0.090077 0.009640 0.090313 0.995528 -0.027690 -0.007103 0.028447 0.999570
1731926790785801984.000000 -2423.810059 32.387638 474.116150 0.996103 -0.087169 0.013457 0.087403 0.996012 -0.017892 -0.011844 0.018998 0.999749
1731926790819140864.000000 -2422.363770 32.006718 460.321320 0.996127 -0.086941 0.013134 0.087140 0.996076 -0.015451 -0.011739 0.016535 0.999794
1731926790852480768.000000 -2420.805420 32.402157 442.003876 0.995905 -0.089731 0.011004 0.089836 0.995912 -0.009436 -0.010113 0.010386 0.999895
1731926790885821184.000000 -2419.699463 32.677273 427.876251 0.995964 -0.088983 0.011760 0.089093 0.995981 -0.009231 -0.010892 0.010242 0.999888
1731926790919161088.000000 -2419.135254 33.524021 413.281097 0.995807 -0.089799 0.017425 0.089890 0.995942 -0.004495 -0.016951 0.006042 0.999838
1731926790952501248.000000 -2418.036621 34.589745 394.746948 0.996062 -0.087603 0.013642 0.087785 0.996050 -0.013349 -0.012419 0.014494 0.999818
1731926790985841152.000000 -2417.693848 34.482849 379.420380 0.995320 -0.095209 0.016558 0.095238 0.995454 -0.000957 -0.016391 0.002530 0.999862
1731926791019181312.000000 -2417.017334 33.981331 364.783844 0.995482 -0.093719 0.015211 0.093763 0.995592 -0.002171 -0.014940 0.003587 0.999882
1731926791052521216.000000 -2416.661377 33.184158 345.777893 0.995782 -0.090981 0.011875 0.091081 0.995810 -0.008210 -0.011078 0.009257 0.999896
1731926791085861376.000000 -nan -nan -nan -nan -nan -nan -nan -nan -nan -nan -nan -nan
1731926791119201280.000000 -2416.548096 32.895313 319.214996 0.996633 -0.080585 0.015145 0.080623 0.996743 -0.001957 -0.014938 0.003171 0.999883
1731926791152541440.000000 -2416.624756 33.073708 303.113525 0.997464 -0.069464 0.015481 0.069504 0.997580 -0.002039 -0.015302 0.003110 0.999878
1731926791185881088.000000 -2416.460205 32.323380 291.231354 0.997888 -0.063979 0.011258 0.064026 0.997941 -0.003830 -0.010989 0.004543 0.999929
1731926791219223552.000000 -nan -nan -nan -nan -nan -nan -nan -nan -nan -nan -nan -nan
1731926791252564736.000000 -2416.871338 31.824785 266.541229 0.998765 -0.049535 0.003913 0.049589 0.998656 -0.015101 -0.003159 0.015276 0.999878
1731926791285906944.000000 -2417.233398 31.217255 256.827026 0.998978 -0.045199 0.000237 0.045193 0.998726 -0.022454 0.000778 0.022442 0.999748
1731926791319249408.000000 -2417.604492 30.516834 247.906662 0.999103 -0.042311 -0.001478 0.042255 0.998736 -0.027216 0.002628 0.027129 0.999628
1731926791352591616.000000 -2418.634277 29.257952 237.002655 0.999246 -0.038196 -0.006892 0.037965 0.998799 -0.030961 0.008066 0.030676 0.999497
1731926791385933824.000000 -nan -nan -nan -nan -nan -nan -nan -nan -nan -nan -nan -nan
1731926791419276544.000000 -nan -nan -nan -nan -nan -nan -nan -nan -nan -nan -nan -nan
1731926791452618496.000000 -nan -nan -nan -nan -nan -nan -nan -nan -nan -nan -nan -nan
1731926791485960960.000000 -nan -nan -nan -nan -nan -nan -nan -nan -nan -nan -nan -nan
1731926791519303680.000000 -2421.879150 25.806940 204.835770 0.999434 -0.022943 -0.024585 0.022372 0.999479 -0.023252 0.025105 0.022689 0.999427
1731926791552645632.000000 -2422.230713 24.736740 198.917191 0.999187 -0.018094 -0.036018 0.016707 0.999121 -0.038455 0.036682 0.037822 0.998611
1731926791585988096.000000 -2422.939941 25.282583 195.117950 0.999282 -0.015476 -0.034570 0.014069 0.999077 -0.040573 0.035166 0.040058 0.998578
1731926791619330560.000000 -2423.331055 25.527760 191.470718 0.999357 -0.015283 -0.032420 0.013896 0.998996 -0.042590 0.033038 0.042112 0.998567
1731926791652673024.000000 -2423.934326 25.801348 187.061188 0.999356 -0.014867 -0.032651 0.013171 0.998583 -0.051566 0.033371 0.051103 0.998136
1731926791686014464.000000 -2424.482178 26.677061 183.858215 0.999670 -0.016665 -0.019558 0.015839 0.999006 -0.041669 0.020233 0.041346 0.998940
1731926791719356672.000000 -2424.605713 26.977844 181.802597 0.999406 -0.015466 -0.030810 0.013718 0.998327 -0.056175 0.031627 0.055719 0.997945
1731926791752699136.000000 -2424.524658 27.616230 178.874771 0.999514 -0.015592 -0.027000 0.014142 0.998489 -0.053096 0.027787 0.052688 0.998224
1731926791786041600.000000 -2424.189941 28.532602 177.514267 0.999370 -0.018270 -0.030424 0.016720 0.998587 -0.050435 0.031303 0.049895 0.998264
1731926791819384064.000000 -nan -nan -nan -nan -nan -nan -nan -nan -nan -nan -nan -nan
1731926791852726784.000000 -2423.500488 30.163383 173.588654 0.999562 -0.014007 -0.026065 0.012596 0.998486 -0.053536 0.026775 0.053185 0.998226
1731926791886068992.000000 -2423.136230 31.208660 172.570038 0.999577 -0.012907 -0.026047 0.011422 0.998345 -0.056370 0.026731 0.056048 0.998070
1731926791919411456.000000 -2422.638916 31.971806 171.724457 0.999588 -0.012566 -0.025817 0.010954 0.998037 -0.061667 0.026541 0.061358 0.997763
1731926791952753920.000000 -2422.009277 33.253170 171.573380 0.999642 -0.012476 -0.023670 0.010894 0.997770 -0.065853 0.024439 0.065571 0.997549
1731926791986096384.000000 -2421.276367 34.406780 172.536270 0.999594 -0.015207 -0.024080 0.013727 0.998076 -0.060463 0.024953 0.060108 0.997880
1731926792019439104.000000 -2420.932129 35.197334 173.510574 0.999652 -0.011671 -0.023639 0.010149 0.997928 -0.063529 0.024332 0.063267 0.997700
1731926792052781568.000000 -2420.016846 36.539665 175.591675 0.999844 -0.014246 -0.010411 0.013733 0.998765 -0.047753 0.011078 0.047602 0.998805
1731926792086124032.000000 -2419.409668 37.519711 178.460800 0.999821 -0.015374 -0.011061 0.014839 0.998790 -0.046888 0.011768 0.046716 0.998839
1731926792119466496.000000 -2418.876953 38.534500 182.409393 0.999794 -0.015992 -0.012527 0.015430 0.998921 -0.043812 0.013214 0.043610 0.998961
1731926792152808192.000000 -nan -nan -nan -nan -nan -nan -nan -nan -nan -nan -nan -nan
1731926792186150912.000000 -nan -nan -nan -nan -nan -nan -nan -nan -nan -nan -nan -nan
1731926792219491840.000000 -nan -nan -nan -nan -nan -nan -nan -nan -nan -nan -nan -nan
1731926792252833024.000000 -2416.624756 45.725136 210.885132 0.999968 -0.007954 0.001027 0.007983 0.999435 -0.032638 -0.000767 0.032645 0.999467
1731926792286173952.000000 -2416.098633 46.218304 218.482834 0.999956 -0.009350 0.000581 0.009364 0.999471 -0.031147 -0.000289 0.031151 0.999515
1731926792319515136.000000 -2415.866455 47.396000 227.065674 0.999967 -0.007796 0.002503 0.007866 0.999539 -0.029328 -0.002273 0.029347 0.999567
1731926792352856320.000000 -nan -nan -nan -nan -nan -nan -nan -nan -nan -nan -nan -nan
1731926792386197504.000000 -2413.967773 49.632454 247.273315 0.999780 -0.006419 0.019974 0.006523 0.999966 -0.005138 -0.019940 0.005267 0.999787
1731926792419538432.000000 -2413.745850 49.908375 256.929871 0.999779 -0.006249 0.020059 0.006334 0.999971 -0.004155 -0.020033 0.004281 0.999790
1731926792452879616.000000 -2413.638916 50.588646 270.281555 0.999788 -0.004677 0.020072 0.004760 0.999980 -0.004073 -0.020052 0.004168 0.999790
1731926792486221056.000000 -2413.501465 50.593201 280.529480 0.999780 -0.009153 0.018887 0.009169 0.999958 -0.000737 -0.018880 0.000910 0.999821
1731926792519561984.000000 -2413.342041 52.005215 292.437988 0.999873 -0.010668 0.011805 0.010779 0.999898 -0.009333 -0.011704 0.009459 0.999887
1731926792552903168.000000 -2413.420166 54.806553 308.496857 0.999888 -0.005522 0.013942 0.005754 0.999845 -0.016642 -0.013848 0.016721 0.999764
1731926792586243072.000000 -2413.477051 55.368523 319.216858 0.999639 0.000854 0.026870 -0.000501 0.999914 -0.013130 -0.026879 0.013112 0.999553
1731926792619584512.000000 -2413.487305 55.499184 330.184479 0.999494 -0.003177 0.031645 0.003381 0.999974 -0.006389 -0.031623 0.006493 0.999479
1731926792652925440.000000 -2413.728760 58.823860 347.648407 0.999518 0.001743 0.030993 -0.001059 0.999756 -0.022076 -0.031024 0.022033 0.999276
1731926792686266624.000000 -2413.706787 59.286888 359.427490 0.999504 -0.000596 0.031493 0.001315 0.999739 -0.022818 -0.031471 0.022848 0.999243
1731926792719607552.000000 -2413.667480 60.533066 372.428955 0.999619 0.000610 0.027600 0.000301 0.999456 -0.032969 -0.027605 0.032964 0.999075
1731926792752948736.000000 -2413.343750 62.348682 388.755280 0.999124 0.002007 0.041799 -0.001339 0.999871 -0.015995 -0.041826 0.015925 0.998998
1731926792786290176.000000 -2413.128662 63.020298 401.169006 0.999095 0.001223 0.042514 -0.000684 0.999919 -0.012688 -0.042526 0.012648 0.999015
1731926792819631104.000000 -2413.167725 62.938457 413.595398 0.999105 -0.000648 0.042302 0.001082 0.999947 -0.010257 -0.042293 0.010293 0.999052
1731926792852972288.000000 -2413.438477 64.056999 430.448517 0.999063 -0.000900 0.043266 0.001195 0.999976 -0.006802 -0.043259 0.006848 0.999040
1731926792886313216.000000 -2413.682617 64.353409 442.504028 0.999066 -0.002444 0.043139 0.002466 0.999997 -0.000465 -0.043137 0.000571 0.999069
1731926792919654400.000000 -2413.992432 64.913040 454.638489 0.998961 -0.003940 0.045395 0.003696 0.999978 0.005464 -0.045415 -0.005290 0.998954
1731926792952995328.000000 -2414.516602 66.755676 471.519684 0.998967 -0.005427 0.045126 0.005250 0.999978 0.004034 -0.045147 -0.003793 0.998973
1731926792986336512.000000 -2414.684570 68.046867 483.443787 0.998528 -0.001237 0.054218 0.000982 0.999988 0.004728 -0.054223 -0.004668 0.998518
1731926793019676416.000000 -2415.073242 65.827141 495.024048 0.999066 -0.009163 0.042230 0.009336 0.999949 -0.003912 -0.042192 0.004303 0.999100
1731926793053017600.000000 -2416.291504 66.157623 511.917145 0.998984 -0.006113 0.044647 0.006531 0.999936 -0.009240 -0.044587 0.009522 0.998960
1731926793086359040.000000 -2415.352051 65.135620 522.446838 0.998766 -0.012093 0.048176 0.012004 0.999926 0.002149 -0.048199 -0.001568 0.998837
1731926793119699968.000000 -2415.500732 66.034073 533.810547 0.997828 -0.015545 0.064011 0.014276 0.999693 0.020235 -0.064306 -0.019277 0.997744
1731926793153041152.000000 -2415.457031 63.862610 550.862732 0.998560 -0.022041 0.048900 0.022128 0.999754 -0.001241 -0.048861 0.002321 0.998803
1731926793186382080.000000 -nan -nan -nan -nan -nan -nan -nan -nan -nan -nan -nan -nan
1731926793219723520.000000 -2415.826172 61.256622 576.775391 0.998823 -0.030189 0.037960 0.030979 0.999312 -0.020388 -0.037318 0.021540 0.999071
1731926793253064960.000000 -2415.666504 61.092422 593.642395 0.998559 -0.033474 0.041952 0.034340 0.999208 -0.020094 -0.041247 0.021505 0.998918
1731926793286406400.000000 -2415.369873 59.537865 605.552979 0.998369 -0.036235 0.044118 0.037421 0.998952 -0.026349 -0.043117 0.027957 0.998679
1731926793319747840.000000 -2414.598877 56.839008 617.044067 0.998262 -0.045450 0.037526 0.046701 0.998358 -0.033165 -0.035957 0.034860 0.998745
1731926793353089024.000000 -nan -nan -nan -nan -nan -nan -nan -nan -nan -nan -nan -nan
1731926793386430720.000000 -2414.096191 54.961594 645.568115 0.997992 -0.048809 0.040379 0.050279 0.998078 -0.036219 -0.038533 0.038176 0.998528
1731926793419771904.000000 -nan -nan -nan -nan -nan -nan -nan -nan -nan -nan -nan -nan
1731926793453113600.000000 -2413.138672 50.659130 669.403931 0.997501 -0.061859 0.034131 0.063044 0.997404 -0.034808 -0.031890 0.036873 0.998811
1731926793486454016.000000 -2412.879150 50.350033 679.776123 0.997327 -0.063639 0.035903 0.064857 0.997320 -0.033863 -0.033652 0.036101 0.998781
1731926793519795456.000000 -2412.655273 50.128468 689.833557 0.997146 -0.064729 0.038849 0.066054 0.997241 -0.033855 -0.036551 0.036325 0.998671
1731926793553136896.000000 -2412.157959 50.308895 702.954346 0.996842 -0.067490 0.041849 0.068968 0.997007 -0.034948 -0.039366 0.037724 0.998513
1731926793586478336.000000 -2412.049072 52.151527 713.201050 0.997054 -0.056872 0.051462 0.058961 0.997457 -0.040029 -0.049055 0.042945 0.997872
1731926793619819520.000000 -2411.688721 51.876823 722.464600 0.996701 -0.063453 0.050608 0.065357 0.997179 -0.036901 -0.048124 0.040086 0.998037
1731926793653161216.000000 -2411.440918 52.369972 734.692383 0.996689 -0.062969 0.051434 0.064672 0.997389 -0.032131 -0.049277 0.035351 0.998159
1731926793686502400.000000 -2411.244385 52.061337 743.256226 0.996616 -0.068809 0.044957 0.069859 0.997310 -0.022198 -0.043308 0.025264 0.998742
1731926793719844096.000000 -2411.241699 52.580410 751.551208 0.996730 -0.067452 0.044483 0.068179 0.997560 -0.015026 -0.043361 0.018009 0.998897
1731926793753185280.000000 -nan -nan -nan -nan -nan -nan -nan -nan -nan -nan -nan -nan
1731926793786526976.000000 -nan -nan -nan -nan -nan -nan -nan -nan -nan -nan -nan -nan
1731926793819868160.000000 -nan -nan -nan -nan -nan -nan -nan -nan -nan -nan -nan -nan
1731926793853209856.000000 -nan -nan -nan -nan -nan -nan -nan -nan -nan -nan -nan -nan
1731926793886551040.000000 -nan -nan -nan -nan -nan -nan -nan -nan -nan -nan -nan -nan
1731926793919891712.000000 -nan -nan -nan -nan -nan -nan -nan -nan -nan -nan -nan -nan
1731926793953232896.000000 -nan -nan -nan -nan -nan -nan -nan -nan -nan -nan -nan -nan
1731926793986574336.000000 -nan -nan -nan -nan -nan -nan -nan -nan -nan -nan -nan -nan
1731926794019915776.000000 -nan -nan -nan -nan -nan -nan -nan -nan -nan -nan -nan -nan
1731926794053257472.000000 -nan -nan -nan -nan -nan -nan -nan -nan -nan -nan -nan -nan
1731926794086598656.000000 -nan -nan -nan -nan -nan -nan -nan -nan -nan -nan -nan -nan
1731926794119940352.000000 -nan -nan -nan -nan -nan -nan -nan -nan -nan -nan -nan -nan
1731926794153281536.000000 -nan -nan -nan -nan -nan -nan -nan -nan -nan -nan -nan -nan
1731926794186622976.000000 -nan -nan -nan -nan -nan -nan -nan -nan -nan -nan -nan -nan
1731926794219965184.000000 -nan -nan -nan -nan -nan -nan -nan -nan -nan -nan -nan -nan
1731926794253306880.000000 -nan -nan -nan -nan -nan -nan -nan -nan -nan -nan -nan -nan
1731926794286649088.000000 -nan -nan -nan -nan -nan -nan -nan -nan -nan -nan -nan -nan
1731926794319991040.000000 -nan -nan -nan -nan -nan -nan -nan -nan -nan -nan -nan -nan
1731926794353331968.000000 -2423.591309 48.895901 742.173950 0.998740 -0.040518 0.029599 0.040546 0.999178 -0.000355 -0.029561 0.001555 0.999562
1731926794386674176.000000 -nan -nan -nan -nan -nan -nan -nan -nan -nan -nan -nan -nan
1731926794420015872.000000 -nan -nan -nan -nan -nan -nan -nan -nan -nan -nan -nan -nan
1731926794453357824.000000 -nan -nan -nan -nan -nan -nan -nan -nan -nan -nan -nan -nan
1731926794486700032.000000 -2422.468994 41.649067 703.373474 0.997924 -0.063324 0.011722 0.063640 0.997557 -0.028817 -0.009868 0.029503 0.999516
1731926794520041984.000000 -2423.043701 45.440399 696.610718 0.998489 -0.048105 0.026546 0.048824 0.998438 -0.027159 -0.025199 0.028414 0.999279
1731926794553384192.000000 -2422.536865 40.817688 682.582458 0.998157 -0.056415 0.022377 0.057112 0.997860 -0.031843 -0.020533 0.033062 0.999242
1731926794586726144.000000 -2422.427002 41.142601 673.881775 0.998062 -0.055672 0.027795 0.056207 0.998241 -0.018866 -0.026696 0.020392 0.999436
1731926794620068096.000000 -2422.508545 40.006847 663.737366 0.998050 -0.053846 0.031566 0.054264 0.998448 -0.012534 -0.030842 0.014222 0.999423
1731926794653410304.000000 -2422.378174 37.481232 649.668030 0.998117 -0.051953 0.032595 0.052233 0.998605 -0.007778 -0.032145 0.009466 0.999438
1731926794686752256.000000 -2422.076172 36.561386 639.323242 0.998075 -0.054227 0.030110 0.054282 0.998525 -0.001024 -0.030010 0.002656 0.999546
1731926794720094208.000000 -2421.594727 35.461624 628.512878 0.998087 -0.054689 0.028849 0.054581 0.998499 0.004507 -0.029052 -0.002924 0.999574
1731926794753436416.000000 -2420.603516 33.439816 614.145569 0.998271 -0.054949 0.020876 0.054951 0.998489 0.000449 -0.020869 0.000699 0.999782
1731926794786778368.000000 -2420.280273 32.530148 603.545593 0.998494 -0.052328 0.016449 0.052347 0.998629 -0.000673 -0.016391 0.001533 0.999864
1731926794820119552.000000 -2419.983154 32.627930 593.247498 0.998168 -0.059159 0.012658 0.059026 0.998200 0.010612 -0.013263 -0.009845 0.999864
1731926794853461760.000000 -2419.938232 31.911776 578.700134 0.998091 -0.061402 0.006614 0.061322 0.998050 0.011673 -0.007318 -0.011245 0.999910
1731926794886803968.000000 -2419.858154 31.836588 567.505737 0.997750 -0.066751 0.006207 0.066645 0.997648 0.016030 -0.007262 -0.015580 0.999852
1731926794920145664.000000 -2419.785889 31.736813 556.860596 0.997698 -0.067675 0.004229 0.067583 0.997532 0.019039 -0.005507 -0.018709 0.999810
1731926794953487872.000000 -2419.876953 31.863041 542.159851 0.997363 -0.072471 0.003915 0.072368 0.997137 0.021936 -0.005494 -0.021595 0.999752
1731926794986829824.000000 -2419.917480 31.954733 531.491211 0.997236 -0.074256 0.002477 0.074175 0.996953 0.024162 -0.004264 -0.023911 0.999705
1731926795020172032.000000 -2419.939697 32.729233 521.115601 0.997432 -0.071514 0.003768 0.071405 0.997164 0.023785 -0.005458 -0.023455 0.999710
1731926795053514240.000000 -2419.594238 31.606770 506.546326 0.997206 -0.074540 -0.004961 0.074626 0.997001 0.020473 0.003420 -0.020786 0.999778
1731926795086856192.000000 -2419.613770 32.809216 496.201752 0.996994 -0.077245 -0.005991 0.077374 0.996671 0.025706 0.003986 -0.026092 0.999652
1731926795120198400.000000 -2419.512207 32.677307 485.524445 0.997396 -0.071442 -0.009841 0.071586 0.997320 0.015116 0.008735 -0.015781 0.999837
1731926795153540608.000000 -2419.898682 33.514584 470.965729 0.997587 -0.069413 0.001335 0.069342 0.997143 0.029955 -0.003410 -0.029790 0.999550
1731926795186882560.000000 -2419.779053 32.739208 459.722870 0.997566 -0.069727 0.000690 0.069664 0.997003 0.033658 -0.003035 -0.033528 0.999433
1731926795220224000.000000 -2419.509521 32.745697 449.543488 0.997882 -0.064897 -0.004538 0.064995 0.997523 0.026887 0.002781 -0.027125 0.999628
1731926795253564160.000000 -2419.548096 33.713066 436.301361 0.998397 -0.056548 -0.002472 0.056590 0.998122 0.023450 0.001142 -0.023553 0.999722
1731926795286905088.000000 -2419.446289 33.544670 425.427887 0.998252 -0.058667 -0.007155 0.058824 0.997976 0.024176 0.005722 -0.024555 0.999682
1731926795320246528.000000 -2419.867920 34.104092 414.486145 0.998197 -0.060013 -0.001166 0.060019 0.997653 0.032963 -0.000815 -0.032974 0.999456
1731926795353587456.000000 -2419.642090 33.993114 400.764343 0.998271 -0.057612 -0.011649 0.057922 0.997919 0.028332 0.009992 -0.028958 0.999531
1731926795386928640.000000 -2419.839111 33.983593 390.048218 0.998201 -0.058251 -0.014160 0.058665 0.997802 0.030813 0.012334 -0.031588 0.999425
1731926795420269824.000000 -2419.874268 34.089527 379.101776 0.998112 -0.059138 -0.016561 0.059717 0.997529 0.037010 0.014332 -0.037929 0.999178
