1732023854187494912.000000 -2251.563965 -97.203865 140.354385 0.999565 -0.027630 0.010348 0.027593 0.999612 0.003770 -0.010448 -0.003482 0.999939 
1732023854220838400.000000 -2251.590088 -97.183617 140.368103 0.999561 -0.027617 0.010685 0.027573 0.999610 0.004315 -0.010800 -0.004019 0.999934 
1732023854254179328.000000 -2251.520264 -97.271805 140.342209 0.999560 -0.027796 0.010345 0.027758 0.999608 0.003727 -0.010444 -0.003438 0.999940 
1732023854287517696.000000 -2251.518066 -97.373367 140.374084 0.999567 -0.027623 0.010183 0.027584 0.999611 0.004003 -0.010290 -0.003720 0.999940 
1732023854320854016.000000 -2251.485596 -97.375046 140.408249 0.999575 -0.027433 0.009895 0.027395 0.999617 0.003900 -0.009998 -0.003627 0.999943 
1732023854354188032.000000 -2251.445557 -97.367538 140.407867 0.999583 -0.027271 0.009513 0.027241 0.999624 0.003256 -0.009598 -0.002996 0.999949 
1732023854387519744.000000 -2251.404053 -97.469948 140.319717 0.999595 -0.026924 0.009257 0.026902 0.999635 0.002525 -0.009322 -0.002275 0.999954 
1732023854420848896.000000 -2251.244141 -97.651833 140.159378 0.999596 -0.026463 0.010401 0.026451 0.999649 0.001329 -0.010433 -0.001053 0.999945 
1732023854454175744.000000 -2251.277832 -97.592636 140.244720 0.999601 -0.026120 0.010796 0.026096 0.999657 0.002309 -0.010852 -0.002027 0.999939 
1732023854487500544.000000 -2251.199951 -97.702705 140.130356 0.999606 -0.025846 0.010938 0.025828 0.999665 0.001828 -0.010982 -0.001545 0.999938 
1732023854520822784.000000 -2251.081055 -98.040901 139.887177 0.999616 -0.024489 0.012940 0.024448 0.999695 0.003372 -0.013019 -0.003055 0.999911 
1732023854554142720.000000 -2251.075684 -98.047470 139.856796 0.999611 -0.024644 0.013021 0.024603 0.999692 0.003300 -0.013099 -0.002979 0.999910 
1732023854587460352.000000 -2250.987061 -98.381401 139.704376 0.999600 -0.026041 0.011072 0.025991 0.999651 0.004652 -0.011189 -0.004363 0.999928 
1732023854620774400.000000 -2251.105225 -98.089676 139.801559 0.999602 -0.025496 0.012075 0.025429 0.999660 0.005694 -0.012216 -0.005385 0.999911 
1732023854654087424.000000 -2251.055176 -98.223145 139.727402 0.999596 -0.025996 0.011489 0.025931 0.999647 0.005800 -0.011635 -0.005500 0.999917 
1732023854687397888.000000 -2251.149902 -98.127365 139.815353 0.999570 -0.027570 0.010001 0.027531 0.999613 0.004013 -0.010108 -0.003736 0.999942 
1732023854720706048.000000 -2251.071777 -98.335342 139.740646 0.999596 -0.026203 0.011011 0.026147 0.999645 0.005193 -0.011143 -0.004903 0.999926 
1732023854754012160.000000 -2251.250000 -98.035027 139.922653 0.999557 -0.028446 0.008736 0.028423 0.999592 0.002716 -0.008809 -0.002466 0.999958 
1732023854787315456.000000 -2251.259766 -98.048965 139.930038 0.999556 -0.028453 0.008803 0.028431 0.999592 0.002624 -0.008874 -0.002372 0.999958 
1732023854820616704.000000 -2251.247803 -98.021210 139.930313 0.999554 -0.028495 0.008925 0.028471 0.999591 0.002755 -0.009000 -0.002500 0.999956 
1732023854853915392.000000 -2251.216797 -98.014610 139.900772 0.999555 -0.028508 0.008796 0.028485 0.999591 0.002719 -0.008870 -0.002467 0.999958 
1732023854920493312.000000 -2251.120361 -97.961731 139.967773 0.999558 -0.028243 0.009242 0.028211 0.999596 0.003521 -0.009338 -0.003258 0.999951 
1732023854953770240.000000 -2251.643555 -98.847618 140.571762 0.999668 -0.025765 0.000960 0.025769 0.999658 -0.004529 -0.000843 0.004552 0.999989 
1732023854987043328.000000 -2251.674072 -98.854912 140.596527 0.999670 -0.025680 0.000694 0.025683 0.999658 -0.004830 -0.000570 0.004846 0.999988 
1732023855020313344.000000 -2251.648926 -98.868996 140.594315 0.999671 -0.025657 0.000766 0.025661 0.999659 -0.004810 -0.000642 0.004828 0.999988 
1732023855053578496.000000 -2251.825195 -98.725975 140.251251 0.999614 -0.027080 0.006148 0.027075 0.999633 0.000808 -0.006167 -0.000641 0.999981 
1732023855086841600.000000 -2251.826416 -98.704659 140.239670 0.999613 -0.027169 0.006011 0.027164 0.999631 0.000780 -0.006030 -0.000617 0.999982 
1732023855120101120.000000 -2251.796387 -98.673019 140.201431 0.999617 -0.027001 0.006078 0.027001 0.999635 0.000124 -0.006079 0.000040 0.999982 
1732023855153357312.000000 -2251.820801 -98.678574 140.237015 0.999615 -0.027033 0.006211 0.027028 0.999634 0.000800 -0.006230 -0.000632 0.999980 
1732023855186609920.000000 -2251.788574 -98.706276 140.179382 0.999614 -0.027147 0.005899 0.027147 0.999631 0.000028 -0.005897 0.000133 0.999983 
1732023855219859200.000000 -2251.792236 -98.749893 140.139465 0.999616 -0.027108 0.005664 0.027108 0.999632 0.000142 -0.005666 0.000011 0.999984 
1732023855253104896.000000 -2251.820068 -98.716644 140.162354 0.999617 -0.027024 0.006013 0.027022 0.999635 0.000350 -0.006020 -0.000187 0.999982 
1732023855286347264.000000 -2251.878418 -98.566864 140.262955 0.999625 -0.026459 0.007012 0.026462 0.999650 -0.000317 -0.007001 0.000502 0.999975 
1732023855319586304.000000 -2251.898926 -98.461281 140.247040 0.999605 -0.026923 0.008040 0.026916 0.999637 0.001031 -0.008065 -0.000815 0.999967 
1732023855352821504.000000 -2251.913818 -98.342834 140.266968 0.999609 -0.026714 0.008215 0.026714 0.999643 0.000074 -0.008214 0.000145 0.999966 
1732023855386053632.000000 -2251.954102 -98.371674 140.334198 0.999606 -0.026802 0.008380 0.026797 0.999641 0.000635 -0.008394 -0.000410 0.999965 
1732023855419281920.000000 -2251.962402 -98.364189 140.303650 0.999605 -0.026854 0.008293 0.026855 0.999639 -0.000021 -0.008289 0.000244 0.999966 
1732023855452507136.000000 -2251.930664 -98.366753 140.288544 0.999604 -0.026933 0.008167 0.026934 0.999637 -0.000036 -0.008163 0.000255 0.999967 
1732023855485727744.000000 -2251.932373 -98.426819 140.291550 0.999609 -0.026744 0.008126 0.026745 0.999642 0.000046 -0.008125 0.000171 0.999967 
1732023855518946048.000000 -2251.957764 -98.471832 140.391129 0.999607 -0.026712 0.008561 0.026703 0.999643 0.001072 -0.008586 -0.000843 0.999963 
1732023855552160768.000000 -2251.943604 -98.486336 140.422531 0.999600 -0.026902 0.008679 0.026894 0.999638 0.000996 -0.008703 -0.000763 0.999962 
1732023855585372160.000000 -2251.916992 -98.487305 140.490005 0.999605 -0.026682 0.008794 0.026675 0.999644 0.000943 -0.008816 -0.000708 0.999961 
1732023855618579968.000000 -2251.925049 -98.491974 140.514374 0.999601 -0.026976 0.008367 0.026968 0.999636 0.001074 -0.008393 -0.000848 0.999964 
1732023855651784192.000000 -2251.867920 -98.714043 140.477905 0.999589 -0.027665 0.007533 0.027652 0.999616 0.001792 -0.007579 -0.001583 0.999970 
1732023855684985344.000000 -2251.906738 -98.789467 140.638229 0.999586 -0.027652 0.007974 0.027628 0.999614 0.003046 -0.008055 -0.002825 0.999964 
1732023855718182912.000000 -2251.667480 -100.064705 140.344986 0.999466 -0.032496 0.003355 0.032475 0.999453 0.006187 -0.003554 -0.006075 0.999975 
1732023855751377152.000000 -2251.570312 -100.711525 140.449051 0.999466 -0.032561 0.002614 0.032550 0.999461 0.004262 -0.002751 -0.004175 0.999987 
1732023855784567552.000000 -2251.509521 -101.925804 140.817734 0.999492 -0.031789 0.002064 0.031777 0.999480 0.005507 -0.002238 -0.005438 0.999983 
1732023855817754624.000000 -2251.500244 -103.104156 141.705856 0.999526 -0.030684 0.002643 0.030672 0.999520 0.004273 -0.002773 -0.004189 0.999987 
1732023855850938624.000000 -2251.830322 -103.300850 143.594925 0.999672 -0.023730 0.009654 0.023762 0.999713 -0.003199 -0.009576 0.003427 0.999948 
1732023855884120576.000000 -2251.632812 -105.583046 145.721100 0.999720 -0.022052 0.008618 0.022091 0.999746 -0.004535 -0.008516 0.004724 0.999953 
1732023855917460992.000000 -2251.672119 -106.724541 148.092148 0.999793 -0.017772 0.009873 0.017844 0.999814 -0.007256 -0.009742 0.007431 0.999925 
1732023855950800896.000000 -2251.835938 -107.906731 151.230118 0.999859 -0.014736 0.008095 0.014818 0.999838 -0.010196 -0.007943 0.010314 0.999915 
1732023855984141312.000000 -2251.815674 -109.555855 155.607132 0.999896 -0.012973 0.006287 0.013048 0.999843 -0.012020 -0.006130 0.012101 0.999908 
1732023856017481984.000000 -2251.898682 -110.627487 162.561935 0.999935 -0.009040 0.006933 0.009136 0.999862 -0.013897 -0.006806 0.013959 0.999879 
1732023856050822400.000000 -2252.019287 -110.893532 163.980896 0.999934 -0.008716 0.007473 0.008811 0.999879 -0.012803 -0.007361 0.012868 0.999890 
1732023856084163328.000000 -2252.497559 -111.343811 170.107254 0.999951 -0.007310 0.006739 0.007397 0.999888 -0.012975 -0.006643 0.013024 0.999893 
1732023856117504000.000000 -2252.910889 -111.268341 175.093521 0.999928 -0.005836 0.010459 0.005950 0.999923 -0.010917 -0.010394 0.010978 0.999886 
1732023856150844416.000000 -2252.816406 -112.251488 180.004700 0.999927 -0.010969 0.005133 0.010989 0.999932 -0.003775 -0.005091 0.003832 0.999980 
1732023856184184832.000000 -2253.292236 -111.327286 187.997452 0.999912 -0.008911 0.009826 0.008966 0.999944 -0.005556 -0.009776 0.005644 0.999936 
1732023856217525504.000000 -2253.345703 -110.671021 194.120270 0.999897 -0.010243 0.010010 0.010312 0.999923 -0.006917 -0.009938 0.007020 0.999926 
1732023856250865920.000000 -2253.325195 -110.167976 200.482544 0.999890 -0.011738 0.009074 0.011798 0.999909 -0.006613 -0.008996 0.006720 0.999937 
1732023856284206336.000000 -2253.290283 -109.460068 209.557404 0.999877 -0.013085 0.008620 0.013102 0.999912 -0.001913 -0.008594 0.002025 0.999961 
1732023856317546752.000000 -2253.016357 -109.059631 216.684479 0.999869 -0.014624 0.006922 0.014623 0.999893 0.000158 -0.006924 -0.000056 0.999976 
1732023856350887424.000000 -2252.714111 -108.939766 223.651489 0.999834 -0.016864 0.006836 0.016844 0.999854 0.002893 -0.006884 -0.002778 0.999972 
1732023856384226560.000000 -2252.368896 -108.621574 233.863739 0.999828 -0.017506 0.006110 0.017484 0.999840 0.003662 -0.006173 -0.003555 0.999975 
1732023856417567232.000000 -2251.601318 -109.590363 241.209198 0.999769 -0.021494 -0.000276 0.021496 0.999743 0.007222 0.000120 -0.007226 0.999974 
1732023856450907392.000000 -2251.304688 -108.926842 249.834152 0.999817 -0.018675 0.004040 0.018654 0.999813 0.005161 -0.004135 -0.005085 0.999979 
1732023856484247808.000000 -2250.746094 -109.079773 260.966309 0.999776 -0.020256 0.006107 0.020234 0.999789 0.003622 -0.006179 -0.003498 0.999975 
1732023856517588224.000000 -2250.095703 -109.501694 269.464447 0.999787 -0.019712 0.006160 0.019689 0.999799 0.003678 -0.006232 -0.003556 0.999974 
1732023856550928640.000000 -2249.446289 -109.963196 278.226898 0.999796 -0.018780 0.007405 0.018738 0.999808 0.005754 -0.007512 -0.005614 0.999956 
1732023856584268544.000000 -2248.739258 -110.864105 289.823456 0.999825 -0.017303 0.007085 0.017235 0.999805 0.009603 -0.007250 -0.009479 0.999929 
1732023856617608960.000000 -2247.725342 -112.389252 297.813385 0.999798 -0.019645 0.004215 0.019569 0.999658 0.017355 -0.004555 -0.017269 0.999840 
1732023856650949120.000000 -2247.039795 -113.194534 306.542847 0.999836 -0.017608 0.004318 0.017523 0.999666 0.018979 -0.004651 -0.018900 0.999811 
1732023856684289536.000000 -2246.185059 -113.170906 318.550842 0.999943 -0.007758 0.007276 0.007663 0.999887 0.012957 -0.007376 -0.012901 0.999890 
1732023856717629696.000000 -2245.544434 -113.904732 326.944763 0.999967 -0.004292 0.006869 0.004206 0.999914 0.012459 -0.006922 -0.012430 0.999899 
1732023856750969600.000000 -2245.004639 -114.619461 335.417358 0.999966 -0.001384 0.008133 0.001295 0.999938 0.011018 -0.008148 -0.011007 0.999906 
1732023856784309760.000000 -2244.558594 -115.135918 346.749451 0.999954 0.002036 0.009346 -0.002139 0.999937 0.011014 -0.009323 -0.011033 0.999896 
1732023856817648896.000000 -2244.181641 -115.569809 355.358856 0.999951 0.003569 0.009231 -0.003651 0.999953 0.008940 -0.009199 -0.008974 0.999917 
1732023856850989056.000000 -2243.909912 -115.897499 364.067902 0.999941 0.005134 0.009587 -0.005203 0.999961 0.007190 -0.009550 -0.007239 0.999928 
1732023856884328960.000000 -2243.509766 -116.437508 375.621918 0.999957 0.005981 0.007097 -0.006037 0.999950 0.007910 -0.007049 -0.007953 0.999944 
1732023856917670144.000000 -2243.209229 -116.886765 384.308990 0.999970 0.005223 0.005679 -0.005270 0.999951 0.008327 -0.005635 -0.008357 0.999949 
1732023856951011072.000000 -2243.142578 -116.816917 392.937988 0.999978 0.003799 0.005433 -0.003849 0.999951 0.009109 -0.005399 -0.009129 0.999944 
1732023856984352256.000000 -2243.015625 -116.771667 404.781464 0.999995 0.002254 0.002092 -0.002274 0.999953 0.009459 -0.002071 -0.009464 0.999953 
1732023857017693184.000000 -2242.728516 -116.616005 413.822632 0.999999 0.000717 -0.000879 -0.000710 0.999966 0.008214 0.000884 -0.008214 0.999966 
1732023857651171328.000000 -2241.011475 -90.528503 563.785889 0.999998 -0.000573 0.001729 0.000499 0.999094 0.042546 -0.001752 -0.042545 0.999093 
1732023857684512000.000000 -2240.815674 -89.717270 572.707092 0.999997 0.001868 0.001487 -0.001928 0.999156 0.041030 -0.001409 -0.041033 0.999157 
1732023857717851904.000000 -2240.401123 -89.471199 579.442505 0.999990 0.004284 0.001092 -0.004324 0.999226 0.039090 -0.000923 -0.039094 0.999235 
1732023857751192576.000000 -2239.988281 -89.459991 585.866150 0.999988 0.004551 0.001844 -0.004619 0.999239 0.038732 -0.001666 -0.038740 0.999248 
1732023857784533760.000000 -2239.271484 -89.779167 594.347900 0.999977 0.006415 0.002368 -0.006497 0.999317 0.036371 -0.002133 -0.036386 0.999336 
1732023857817874432.000000 -2238.497559 -90.453667 600.609802 0.999971 0.007456 0.001778 -0.007514 0.999339 0.035567 -0.001512 -0.035579 0.999366 
1732023857851215360.000000 -2237.797852 -91.743790 606.557861 0.999976 0.006946 0.000501 -0.006960 0.999314 0.036374 -0.000248 -0.036376 0.999338 
1732023857917899776.000000 -2235.968018 -94.216515 620.847717 0.999948 0.010040 0.001992 -0.010106 0.999279 0.036603 -0.001623 -0.036621 0.999328 
1732023857951243520.000000 -2235.971680 -94.834496 627.403381 0.999937 0.010490 0.003924 -0.010619 0.999352 0.034406 -0.003561 -0.034445 0.999400 
1732023858017931008.000000 -2234.582520 -96.837791 641.415466 0.999851 0.015328 0.007965 -0.015584 0.999331 0.033087 -0.007453 -0.033206 0.999421 
1732023858084618240.000000 -2233.734619 -98.293800 655.158813 0.999809 0.016859 0.009877 -0.017167 0.999339 0.032055 -0.009330 -0.032218 0.999437 
1732023858117962240.000000 -2233.350586 -98.717598 660.830200 0.999797 0.017306 0.010359 -0.017628 0.999338 0.031827 -0.009802 -0.032003 0.999440 
1732023858151304960.000000 -2233.141602 -99.100151 666.461853 0.999797 0.017626 0.009772 -0.017931 0.999325 0.032063 -0.009200 -0.032232 0.999438 
1732023858184648960.000000 -2233.066406 -99.409187 673.899902 0.999794 0.017475 0.010292 -0.017806 0.999296 0.033008 -0.009708 -0.033185 0.999402 
1732023858217992960.000000 -2233.014404 -99.404366 679.179504 0.999756 0.018665 0.011806 -0.019074 0.999186 0.035559 -0.011133 -0.035776 0.999298 
1732023858251336704.000000 -2233.104248 -99.379478 684.488708 0.999752 0.018573 0.012310 -0.019006 0.999170 0.036023 -0.011631 -0.036248 0.999275 
1732023858284680704.000000 -2233.147217 -98.832710 691.190063 0.999682 0.020450 0.014726 -0.021017 0.999001 0.039433 -0.013905 -0.039730 0.999114 
1732023858318024704.000000 -2233.124023 -98.427818 695.720581 0.999686 0.020232 0.014770 -0.020819 0.998953 0.040736 -0.013931 -0.041031 0.999061 
1732023858351368704.000000 -2233.282715 -97.652779 699.885742 0.999705 0.019666 0.014227 -0.020246 0.998917 0.041899 -0.013388 -0.042175 0.999021 
1732023858384712960.000000 -2233.341797 -96.952339 705.180847 0.999772 0.018245 0.011111 -0.018669 0.999051 0.039344 -0.010382 -0.039543 0.999164 
1732023858418056960.000000 -2233.219727 -96.041382 708.706238 0.999770 0.018826 0.010275 -0.019210 0.999068 0.038647 -0.009538 -0.038835 0.999200 
1732023858451400960.000000 -2233.370850 -95.665146 711.898193 0.999817 0.017258 0.008208 -0.017555 0.999142 0.037510 -0.007553 -0.037647 0.999263 
1732023858484745216.000000 -2233.847412 -95.358070 716.003418 0.999826 0.017083 0.007426 -0.017342 0.999185 0.036451 -0.006798 -0.036573 0.999308 
1732023858518089216.000000 -2234.244385 -95.231720 718.950806 0.999818 0.017624 0.007289 -0.017880 0.999168 0.036667 -0.006637 -0.036790 0.999301 
1732023858551433472.000000 -2234.596436 -95.149338 721.631836 0.999816 0.017829 0.007139 -0.018075 0.999191 0.035924 -0.006493 -0.036047 0.999329 
1732023858618121216.000000 -2235.217041 -95.503098 727.094482 0.999789 0.018505 0.008929 -0.018832 0.999101 0.037979 -0.008218 -0.038139 0.999239 
1732023858651465472.000000 -2235.222168 -95.800163 729.118713 0.999830 0.016874 0.007458 -0.017145 0.999136 0.037850 -0.006813 -0.037971 0.999256 
1732023858751498496.000000 -2235.545654 -96.370056 731.247986 0.999879 0.013768 0.007196 -0.014070 0.998944 0.043732 -0.006587 -0.043828 0.999017 
1732023858818187520.000000 -2235.782715 -96.204170 727.003601 0.999873 0.012924 0.009327 -0.013357 0.998764 0.047876 -0.008697 -0.047994 0.998810 
1732023858884876544.000000 -2235.645996 -96.407509 716.885315 0.999936 0.010237 0.004714 -0.010487 0.998351 0.056446 -0.004129 -0.056492 0.998394 
1732023858918217728.000000 -2235.664795 -96.359329 711.242676 0.999954 0.008832 0.003719 -0.009032 0.998296 0.057652 -0.003204 -0.057683 0.998330 
1732023859018240768.000000 -2236.327881 -96.321411 686.886108 0.999988 0.001777 -0.004666 -0.001498 0.998250 0.059112 0.004763 -0.059104 0.998240 
1732023859051580928.000000 -2236.645508 -96.126022 678.402100 0.999968 0.001103 -0.007899 -0.000654 0.998396 0.056605 0.007949 -0.056598 0.998365 
1732023859084921856.000000 -2237.088623 -96.073807 666.949768 0.999933 -0.000089 -0.011542 0.000680 0.998688 0.051209 0.011522 -0.051213 0.998621 
1732023859118263040.000000 -2237.641846 -96.192200 657.724243 0.999903 -0.000488 -0.013910 0.001164 0.998816 0.048641 0.013870 -0.048653 0.998719 
1732023859184945152.000000 -2239.097900 -97.267387 635.773071 0.999904 -0.000091 -0.013842 0.000689 0.999067 0.043191 0.013825 -0.043196 0.998971 
1732023859218286080.000000 -2239.749756 -97.972664 625.883179 0.999881 -0.001705 -0.015349 0.002351 0.999105 0.042227 0.015263 -0.042258 0.998990 
1732023859251627008.000000 -2240.446289 -98.528450 615.831604 0.999863 -0.002074 -0.016432 0.002779 0.999072 0.042987 0.016328 -0.043027 0.998940 
1732023859284968192.000000 -2241.385010 -99.099625 602.468811 0.999805 -0.005022 -0.019100 0.005843 0.999050 0.043179 0.018865 -0.043283 0.998885 
1732023859318309120.000000 -2241.677002 -99.618454 592.365173 0.999712 -0.006704 -0.023033 0.007700 0.999026 0.043438 0.022720 -0.043603 0.998791 
1732023859351650048.000000 -2242.010742 -99.980423 582.622131 0.999627 -0.007892 -0.026142 0.008965 0.999111 0.041186 0.025794 -0.041405 0.998809 
1732023859384990976.000000 -2242.263672 -100.341705 569.299255 0.999500 -0.009152 -0.030265 0.010363 0.999143 0.040077 0.029873 -0.040370 0.998738 
1732023859551694592.000000 -2242.572266 -98.946083 517.093567 0.999315 -0.002314 -0.036941 0.003676 0.999315 0.036823 0.036831 -0.036933 0.998639 
1732023859585035520.000000 -2242.883301 -98.191498 503.966156 0.999395 0.000412 -0.034776 0.000975 0.999206 0.039833 0.034765 -0.039843 0.998601 
1732023859618376448.000000 -2243.341064 -97.568748 494.181763 0.999418 0.002079 -0.034034 -0.000693 0.999172 0.040683 0.034091 -0.040636 0.998592 
1732023859651717376.000000 -2243.874512 -96.731987 484.696716 0.999444 0.003051 -0.033192 -0.001770 0.999255 0.038550 0.033285 -0.038470 0.998705 
1732023859685058304.000000 -2244.298096 -95.791870 472.215240 0.999413 0.002710 -0.034137 -0.001363 0.999222 0.039422 0.034217 -0.039352 0.998639 
1732023859718399232.000000 -2244.387695 -95.391106 462.934967 0.999302 0.001572 -0.037328 -0.000036 0.999154 0.041116 0.037361 -0.041086 0.998457 
1732023859751739904.000000 -2244.718262 -94.649452 453.698669 0.999251 0.002732 -0.038594 -0.001085 0.999089 0.042651 0.038675 -0.042577 0.998344 
1732023859785080832.000000 -2245.078857 -94.067383 441.170380 0.999197 0.002314 -0.039989 -0.000517 0.998993 0.044867 0.040053 -0.044810 0.998192 
1732023859818421504.000000 -2245.393311 -93.316818 431.977325 0.999237 0.003773 -0.038868 -0.002018 0.998981 0.045096 0.038999 -0.044983 0.998226 
1732023859851762432.000000 -2245.336670 -93.045349 422.494507 0.999180 0.003741 -0.040310 -0.001969 0.999033 0.043913 0.040435 -0.043798 0.998222 
1732023859885103360.000000 -2245.604248 -92.203941 409.518677 0.999173 0.004902 -0.040368 -0.003193 0.999099 0.042308 0.040539 -0.042144 0.998289 
1732023859918445312.000000 -2245.692383 -91.862907 399.102020 0.999179 0.004078 -0.040317 -0.002315 0.999043 0.043689 0.040456 -0.043560 0.998231 
1732023859951786496.000000 -2245.934326 -91.159889 388.985809 0.999213 0.005066 -0.039336 -0.003397 0.999095 0.042393 0.039515 -0.042226 0.998326 
1732023859985128448.000000 -2245.879150 -90.455811 375.096008 0.999235 0.005672 -0.038683 -0.004049 0.999114 0.041889 0.038887 -0.041700 0.998373 
1732023860018470400.000000 -2245.652100 -90.103622 364.387115 0.999337 0.006634 -0.035793 -0.005065 0.999029 0.043773 0.036049 -0.043563 0.998400 
1732023860051812608.000000 -2245.457275 -89.526039 353.738647 0.999301 0.007252 -0.036672 -0.005749 0.999146 0.040927 0.036937 -0.040688 0.998489 
1732023860085154560.000000 -2244.967285 -89.054092 339.093414 0.999432 0.008292 -0.032651 -0.006766 0.998892 0.046578 0.033002 -0.046331 0.998381 
1732023860118496768.000000 -2244.644531 -88.725014 327.857422 0.999420 0.008395 -0.033014 -0.006838 0.998872 0.046983 0.033371 -0.046730 0.998350 
1732023860151838464.000000 -2244.416016 -88.210251 316.823273 0.999459 0.008140 -0.031874 -0.006629 0.998863 0.047209 0.032222 -0.046972 0.998376 
1732023860185180672.000000 -2243.770996 -88.638016 301.376923 0.999291 0.000427 -0.037654 0.001399 0.998824 0.048462 0.037630 -0.048480 0.998115 
1732023860218522880.000000 -2243.925781 -87.294983 290.566650 0.999492 0.004790 -0.031499 -0.003453 0.999097 0.042346 0.031673 -0.042216 0.998606 
1732023860251864576.000000 -2243.790283 -87.211670 279.502960 0.999522 0.003094 -0.030774 -0.001761 0.999063 0.043253 0.030879 -0.043178 0.998590 
1732023860285206784.000000 -2243.734863 -87.397545 264.598907 0.999584 0.000806 -0.028813 0.000368 0.999171 0.040702 0.028822 -0.040696 0.998756 
1732023860318548992.000000 -2243.769043 -87.073486 254.417267 0.999600 0.000997 -0.028271 0.000020 0.999353 0.035973 0.028289 -0.035959 0.998953 
1732023860351890688.000000 -2243.495850 -87.589249 244.052902 0.999458 -0.003496 -0.032746 0.004721 0.999289 0.037397 0.032592 -0.037531 0.998764 
1732023860385231872.000000 -2243.770996 -86.618385 231.583679 0.999533 -0.000288 -0.030543 0.001326 0.999422 0.033976 0.030515 -0.034001 0.998956 
1732023860418574080.000000 -2243.934814 -86.093880 222.537460 0.999514 -0.000670 -0.031156 0.001784 0.999359 0.035756 0.031112 -0.035794 0.998875 
1732023860451916032.000000 -2243.861572 -86.233482 213.922897 0.999479 -0.002049 -0.032205 0.003186 0.999372 0.035298 0.032112 -0.035382 0.998858 
1732023860485257984.000000 -2244.142334 -85.892632 203.334351 0.999550 -0.000918 -0.029983 0.001802 0.999564 0.029474 0.029943 -0.029515 0.999116 
1732023860518600192.000000 -2244.486816 -86.007744 195.941177 0.999592 -0.001698 -0.028499 0.002496 0.999605 0.027991 0.028440 -0.028051 0.999202 
1732023860551942144.000000 -2245.058350 -85.582703 189.454269 0.999650 -0.001154 -0.026427 0.001885 0.999615 0.027671 0.026385 -0.027711 0.999268 
1732023860585284352.000000 -2245.627441 -85.633728 181.425354 0.999676 0.001313 -0.025423 -0.000666 0.999676 0.025447 0.025448 -0.025422 0.999353 
1732023860618626304.000000 -2246.025635 -85.578796 175.999893 0.999773 0.002350 -0.021174 -0.001788 0.999647 0.026524 0.021229 -0.026480 0.999424 
1732023860651968512.000000 -2246.363281 -85.901207 171.519913 0.999770 0.002385 -0.021323 -0.001845 0.999678 0.025305 0.021377 -0.025260 0.999452 
1732023860685310720.000000 -2246.660645 -85.939590 166.313065 0.999763 0.002445 -0.021641 -0.001964 0.999751 0.022210 0.021690 -0.022162 0.999519 
1732023860718652672.000000 -2246.741943 -86.272835 163.133377 0.999767 0.001993 -0.021488 -0.001487 0.999722 0.023548 0.021529 -0.023511 0.999492 
1732023860751994624.000000 -2246.517090 -87.252953 160.452652 0.999630 -0.001330 -0.027157 0.001976 0.999715 0.023777 0.027118 -0.023822 0.999348 
1732023860818678016.000000 -2246.812988 -88.254662 155.228333 0.999635 -0.002871 -0.026846 0.003488 0.999731 0.022951 0.026773 -0.023036 0.999376 
1732023860852019968.000000 -2247.029785 -88.556290 153.252411 0.999694 -0.003474 -0.024502 0.004063 0.999703 0.024037 0.024411 -0.024129 0.999411 
1732023860885362176.000000 -2247.401855 -88.765450 150.968475 0.999742 -0.003479 -0.022433 0.003992 0.999731 0.022869 0.022347 -0.022952 0.999487 
1732023860918703104.000000 -2247.498535 -89.204269 149.440048 0.999772 -0.002060 -0.021240 0.002493 0.999788 0.020416 0.021194 -0.020465 0.999566 
1732023860952044544.000000 -2247.888672 -88.954231 147.614044 0.999846 -0.001707 -0.017456 0.002099 0.999745 0.022484 0.017414 -0.022517 0.999595 
1732023860985385472.000000 -2248.275391 -89.286957 145.169632 0.999909 -0.000211 -0.013485 0.000560 0.999663 0.025935 0.013475 -0.025940 0.999573 
1732023861018726656.000000 -2248.562012 -89.097633 143.781921 0.999944 0.001700 -0.010433 -0.001488 0.999793 0.020289 0.010465 -0.020273 0.999740 
1732023861052067840.000000 -2248.921387 -88.837509 142.608734 0.999969 0.002576 -0.007414 -0.002459 0.999873 0.015748 0.007454 -0.015729 0.999848 
1732023861085409024.000000 -2249.494385 -88.653397 141.509552 0.999985 0.003650 -0.004131 -0.003604 0.999932 0.011065 0.004171 -0.011050 0.999930 
1732023861118750208.000000 -2249.973145 -88.661331 141.638290 0.999988 0.003919 -0.003033 -0.003887 0.999936 0.010606 0.003075 -0.010594 0.999939 
1732023861152091136.000000 -2250.258789 -88.753220 142.862747 0.999993 0.003743 0.000021 -0.003743 0.999944 0.009902 0.000016 -0.009902 0.999951 
1732023861185432320.000000 -2250.520020 -88.531425 146.704224 0.999987 0.004664 0.002169 -0.004671 0.999984 0.003273 -0.002153 -0.003283 0.999992 
1732023861218773248.000000 -2250.850830 -88.387161 150.441223 0.999981 0.004774 0.003795 -0.004773 0.999989 -0.000159 -0.003795 0.000140 0.999993 
1732023861252114432.000000 -2251.375000 -87.758987 155.593887 0.999912 0.008792 0.009962 -0.008757 0.999955 -0.003570 -0.009993 0.003482 0.999944 
1732023861285454592.000000 -2251.694580 -87.946404 162.992966 0.999890 0.010300 0.010678 -0.010221 0.999920 -0.007487 -0.010754 0.007377 0.999915 
1732023861318795776.000000 -2251.833252 -88.010460 168.753510 0.999877 0.009003 0.012832 -0.008899 0.999927 -0.008146 -0.012905 0.008030 0.999884 
1732023861352136960.000000 -2251.860107 -88.237602 175.239319 0.999862 0.009780 0.013404 -0.009642 0.999900 -0.010325 -0.013504 0.010195 0.999857 
1732023861385477888.000000 -2251.903076 -88.517082 184.720490 0.999843 0.009152 0.015185 -0.008975 0.999892 -0.011678 -0.015291 0.011539 0.999816 
1732023861418819072.000000 -2251.635986 -88.862030 192.280731 0.999845 0.009238 0.015011 -0.008998 0.999831 -0.016005 -0.015156 0.015868 0.999759 
1732023861452160000.000000 -2251.283691 -88.667427 200.251663 0.999804 0.010678 0.016647 -0.010339 0.999739 -0.020358 -0.016860 0.020182 0.999654 
1732023861485500928.000000 -2250.635254 -89.387650 210.922150 0.999847 0.008878 0.015060 -0.008610 0.999805 -0.017763 -0.015215 0.017631 0.999729 
1732023861518841856.000000 -2250.143799 -89.821190 219.329910 0.999874 0.007093 0.014217 -0.006835 0.999813 -0.018107 -0.014343 0.018007 0.999735 
1732023861552183040.000000 -2249.446289 -90.716248 227.660522 0.999961 0.001077 0.008747 -0.000937 0.999871 -0.016046 -0.008763 0.016037 0.999833 
1732023861585524224.000000 -2248.876709 -90.005272 240.084473 0.999892 0.005775 0.013488 -0.005445 0.999688 -0.024361 -0.013625 0.024285 0.999612 
1732023861618865152.000000 -2248.211426 -90.638634 248.746185 0.999916 0.004945 0.011979 -0.004671 0.999728 -0.022840 -0.012089 0.022782 0.999667 
1732023861652206336.000000 -2247.339844 -91.935410 257.073792 0.999968 0.001207 0.007902 -0.001068 0.999846 -0.017533 -0.007922 0.017524 0.999815 
1732023861685547264.000000 -2246.510010 -92.015007 269.166656 0.999937 0.003928 0.010556 -0.003699 0.999760 -0.021608 -0.010638 0.021567 0.999711 
1732023861718887680.000000 -2245.931641 -92.494461 278.102478 0.999924 0.003805 0.011695 -0.003537 0.999734 -0.022807 -0.011778 0.022764 0.999671 
1732023861752228608.000000 -2245.524902 -92.775169 287.368439 0.999898 0.004566 0.013566 -0.004249 0.999719 -0.023324 -0.013668 0.023264 0.999636 
1732023861785569792.000000 -2244.493164 -94.324722 299.250244 0.999935 -0.000699 0.011348 0.000938 0.999779 -0.020988 -0.011331 0.020998 0.999715 
1732023861818910720.000000 -2244.190674 -94.124519 309.826202 0.999832 0.004695 0.017706 -0.004238 0.999659 -0.025765 -0.017821 0.025686 0.999511 
1732023861852251648.000000 -2244.002441 -94.851463 320.010651 0.999745 0.005405 0.021916 -0.004820 0.999633 -0.026667 -0.022052 0.026554 0.999404 
1732023861885592576.000000 -2243.750732 -96.140884 334.019257 0.999675 0.004555 0.025075 -0.003869 0.999619 -0.027324 -0.025190 0.027218 0.999312 
1732023861918936320.000000 -2243.424072 -97.514053 344.862335 0.999695 0.003835 0.024391 -0.003154 0.999606 -0.027904 -0.024488 0.027818 0.999313 
1732023861952280064.000000 -2243.187256 -98.934647 356.190918 0.999666 0.003760 0.025554 -0.003036 0.999595 -0.028313 -0.025650 0.028226 0.999272 
1732023861985623808.000000 -2242.968506 -100.866272 371.829620 0.999647 0.002623 0.026425 -0.001873 0.999595 -0.028384 -0.026489 0.028325 0.999248 
1732023862018967808.000000 -2242.919922 -101.939682 384.239471 0.999575 0.003439 0.028957 -0.002595 0.999572 -0.029135 -0.029045 0.029047 0.999156 
1732023862052311552.000000 -2242.772461 -103.345589 396.590057 0.999588 0.002008 0.028641 -0.001196 0.999598 -0.028337 -0.028687 0.028291 0.999188 
1732023862085655296.000000 -2242.551270 -105.540108 413.143677 0.999588 0.001282 0.028666 -0.000470 0.999598 -0.028338 -0.028690 0.028313 0.999187 
1732023862118999296.000000 -2242.542725 -107.119133 425.634674 0.999589 -0.000506 0.028652 0.001289 0.999626 -0.027304 -0.028628 0.027329 0.999216 
1732023862152342016.000000 -2242.303223 -108.679810 438.146637 0.999625 -0.002301 0.027297 0.003056 0.999613 -0.027668 -0.027223 0.027741 0.999244 
1732023862185686016.000000 -2241.889893 -110.663322 454.985443 0.999506 -0.003251 0.031263 0.004083 0.999638 -0.026584 -0.031166 0.026698 0.999158 
1732023862352405760.000000 -2238.816895 -117.719398 519.960815 0.999169 -0.001500 0.040744 0.002704 0.999561 -0.029507 -0.040682 0.029592 0.998734 
1732023862385749760.000000 -2237.810791 -119.287483 534.944092 0.999117 -0.000568 0.042008 0.001757 0.999599 -0.028269 -0.041976 0.028317 0.998717 
1732023862419093760.000000 -2237.017090 -120.360596 545.893982 0.999146 -0.000309 0.041317 0.001486 0.999594 -0.028468 -0.041292 0.028505 0.998740 
1732023862452437760.000000 -2236.156738 -121.498657 560.109375 0.999243 -0.001400 0.038882 0.002510 0.999590 -0.028523 -0.038826 0.028599 0.998837 
1732023862485781760.000000 -2235.818115 -122.423340 570.412292 0.999313 -0.001992 0.037020 0.003026 0.999606 -0.027908 -0.036950 0.028001 0.998925 
1732023862519126016.000000 -2235.381592 -123.054321 580.648254 0.999340 -0.001395 0.036286 0.002416 0.999602 -0.028106 -0.036233 0.028176 0.998946 
1732023862652501504.000000 -2234.105713 -125.314201 622.329468 0.999584 0.000453 0.028829 0.000439 0.999521 -0.030936 -0.028830 0.030935 0.999106 
1732023862685845760.000000 -2233.742432 -125.619415 634.938354 0.999641 -0.002350 0.026702 0.003195 0.999495 -0.031625 -0.026614 0.031699 0.999143 
1732023862752534016.000000 -2233.938721 -125.587906 654.063049 0.999628 -0.014117 0.023325 0.014860 0.999377 -0.032005 -0.022859 0.032340 0.999215 
1732023862819222784.000000 -2234.421875 -125.496475 674.365845 0.999324 -0.028991 0.022626 0.029579 0.999221 -0.026113 -0.021852 0.026765 0.999403 
1732023862885911296.000000 -2234.460449 -124.634415 691.682922 0.998859 -0.038709 0.027970 0.039258 0.999041 -0.019378 -0.027193 0.020454 0.999421 
1732023862985933312.000000 -2233.743164 -123.093643 711.542725 0.998399 -0.042039 0.037836 0.042461 0.999044 -0.010441 -0.037361 0.012031 0.999229 
1732023863019273984.000000 -2233.346680 -122.352570 717.036072 0.998362 -0.042010 0.038843 0.042505 0.999024 -0.012011 -0.038300 0.013643 0.999173 
1732023863052613632.000000 -2232.656494 -121.795113 722.252075 0.998460 -0.040396 0.038013 0.040878 0.999092 -0.011980 -0.037495 0.013516 0.999205 
1732023863319338752.000000 -2229.594482 -117.945671 754.031067 0.999261 -0.027628 0.026713 0.027707 0.999613 -0.002597 -0.026631 0.003335 0.999640 
1732023863352679424.000000 -2229.720947 -117.361366 754.439453 0.999277 -0.030037 0.023297 0.030109 0.999543 -0.002765 -0.023203 0.003464 0.999725 
1732023863386019840.000000 -2229.630859 -116.729820 753.347778 0.999278 -0.033837 0.017286 0.033867 0.999425 -0.001478 -0.017226 0.002063 0.999849 
1732023863852786432.000000 -2242.335938 -111.476418 632.788513 0.999447 -0.032938 -0.004511 0.032901 0.999425 -0.008175 0.004778 0.008022 0.999956 
1732023863919468800.000000 -2245.097168 -110.100266 609.827576 0.999536 -0.030148 -0.004360 0.030107 0.999506 -0.009070 0.004631 0.008934 0.999949 
1732023864019493120.000000 -2247.271973 -109.342331 578.734497 0.999695 -0.023393 -0.007977 0.023356 0.999717 -0.004604 0.008083 0.004416 0.999958 
1732023864052835328.000000 -2247.756836 -109.330002 569.378540 0.999712 -0.021836 -0.009989 0.021804 0.999757 -0.003337 0.010060 0.003119 0.999945 
1732023864119518720.000000 -2247.971191 -108.232597 547.617493 0.999708 -0.017123 -0.017071 0.017032 0.999840 -0.005504 0.017162 0.005211 0.999839 
1732023864152860672.000000 -2248.368164 -107.589661 534.487793 0.999673 -0.016985 -0.019140 0.016867 0.999838 -0.006301 0.019244 0.005976 0.999797 
1732023864186202624.000000 -2248.472900 -107.280464 524.116394 0.999593 -0.018401 -0.021802 0.018248 0.999808 -0.007200 0.021931 0.006799 0.999736 
1732023864219544064.000000 -2248.502197 -106.606842 513.650879 0.999591 -0.018343 -0.021954 0.018141 0.999792 -0.009353 0.022121 0.008950 0.999715 
1732023864252886016.000000 -2248.432373 -105.418365 499.208984 0.999527 -0.019283 -0.023972 0.019016 0.999755 -0.011305 0.024184 0.010844 0.999649 
1732023864286227712.000000 -2248.256104 -104.640381 487.939209 0.999484 -0.019109 -0.025823 0.018854 0.999771 -0.010087 0.026010 0.009595 0.999616 
1732023864319569664.000000 -2248.075195 -103.766708 476.591095 0.999459 -0.018115 -0.027462 0.017929 0.999815 -0.007020 0.027584 0.006524 0.999598 
1732023864352911360.000000 -2247.740967 -102.814491 465.293030 0.999392 -0.017009 -0.030428 0.016851 0.999843 -0.005440 0.030516 0.004924 0.999522 
1732023864386252288.000000 -2247.022949 -101.820412 450.196930 0.999287 -0.014740 -0.034771 0.014687 0.999891 -0.001773 0.034794 0.001261 0.999394 
1732023864419593984.000000 -2246.738281 -100.753929 438.474548 0.999309 -0.012342 -0.035047 0.012492 0.999914 0.004053 0.034994 -0.004488 0.999377 
1732023864452935936.000000 -2246.016357 -99.972481 422.607208 0.999280 -0.011864 -0.036032 0.012307 0.999851 0.012118 0.035883 -0.012553 0.999277 
1732023864486277632.000000 -2245.662842 -99.145653 410.707367 0.999340 -0.009759 -0.034993 0.010265 0.999845 0.014322 0.034848 -0.014671 0.999285 
1732023864519619584.000000 -2245.205566 -97.944839 394.332092 0.999431 -0.008563 -0.032625 0.009084 0.999833 0.015852 0.032484 -0.016140 0.999342 
1732023864552961280.000000 -2244.863281 -97.147812 382.184662 0.999484 -0.007588 -0.031198 0.008113 0.999827 0.016724 0.031066 -0.016968 0.999373 
1732023864586303232.000000 -2244.523926 -96.325371 369.919983 0.999638 -0.007102 -0.025944 0.007568 0.999810 0.017946 0.025812 -0.018136 0.999502 
1732023864619645184.000000 -2244.136719 -96.069275 357.678741 0.999692 -0.005714 -0.024134 0.006118 0.999842 0.016701 0.024034 -0.016843 0.999569 
1732023864652986880.000000 -2243.909180 -95.448471 345.357025 0.999782 -0.005072 -0.020253 0.005470 0.999792 0.019637 0.020149 -0.019743 0.999602 
1732023864819694848.000000 -2242.428955 -96.067963 278.037201 0.999736 -0.008756 -0.021237 0.008954 0.999917 0.009238 0.021154 -0.009426 0.999732 
1732023864853036544.000000 -2242.601318 -96.223068 263.702606 0.999754 -0.009853 -0.019865 0.009979 0.999930 0.006292 0.019801 -0.006489 0.999783 
1732023864919719168.000000 -2243.611328 -95.490173 243.913940 0.999911 -0.006391 -0.011703 0.006388 0.999980 -0.000278 0.011705 0.000203 0.999931 
1732023864953060352.000000 -2243.906494 -96.105843 230.636673 0.999850 -0.012221 -0.012257 0.012245 0.999923 0.001893 0.012233 -0.002043 0.999923 
1732023864986401024.000000 -2244.320068 -95.966431 221.718887 0.999853 -0.013006 -0.011140 0.013011 0.999915 0.000435 0.011134 -0.000579 0.999938 
1732023865019741952.000000 -2245.162109 -95.226608 214.029739 0.999939 -0.009259 -0.006093 0.009236 0.999950 -0.003778 0.006127 0.003721 0.999974 
1732023865053082624.000000 -2246.069580 -94.648163 204.143021 0.999937 -0.010364 -0.004240 0.010344 0.999935 -0.004787 0.004289 0.004743 0.999980 
1732023865086423552.000000 -2246.592041 -94.804726 197.080582 0.999890 -0.013828 -0.005366 0.013802 0.999893 -0.004847 0.005432 0.004772 0.999974 
1732023865119764224.000000 -2246.968506 -95.408333 190.436356 0.999770 -0.019682 -0.008468 0.019665 0.999804 -0.002057 0.008507 0.001890 0.999962 
1732023865153105152.000000 -2248.097412 -94.616913 183.197678 0.999839 -0.017928 -0.000565 0.017926 0.999837 -0.002249 0.000605 0.002239 0.999997 
1732023865186446080.000000 -2248.894775 -94.489243 177.951263 0.999802 -0.019836 0.001694 0.019838 0.999803 -0.000901 -0.001676 0.000934 0.999998 
1732023865219787008.000000 -2249.317383 -94.804520 173.181747 0.999781 -0.020683 0.003083 0.020695 0.999778 -0.004003 -0.003000 0.004066 0.999987 
1732023865253127936.000000 -2249.959229 -94.251831 168.036850 0.999758 -0.021571 0.004399 0.021598 0.999748 -0.006124 -0.004265 0.006217 0.999972 
1732023865286467584.000000 -2250.245605 -94.493355 164.525223 0.999743 -0.022499 0.002679 0.022521 0.999710 -0.008555 -0.002486 0.008613 0.999960 
1732023865319808512.000000 -2250.514893 -94.544868 161.599716 0.999726 -0.023134 0.003645 0.023171 0.999674 -0.010737 -0.003395 0.010818 0.999936 
1732023865353149184.000000 -2250.786133 -94.751236 158.883377 0.999739 -0.022737 0.002450 0.022771 0.999630 -0.014871 -0.002111 0.014923 0.999886 
1732023865386490112.000000 -2250.989014 -95.093216 157.069214 0.999730 -0.023099 0.002642 0.023144 0.999563 -0.018365 -0.002217 0.018421 0.999828 
1732023865419830784.000000 -2251.148193 -95.178757 155.825485 0.999719 -0.023144 0.005194 0.023254 0.999482 -0.022266 -0.004676 0.022380 0.999739 
1732023865453171712.000000 -2251.239014 -95.564102 154.988968 0.999708 -0.023767 0.004455 0.023876 0.999372 -0.026186 -0.003830 0.026285 0.999647 
1732023865486512384.000000 -2251.247314 -95.887215 154.394440 0.999698 -0.024343 0.003288 0.024425 0.999317 -0.027740 -0.002611 0.027812 0.999610 
1732023865519853056.000000 -2251.146973 -95.997749 154.010956 0.999695 -0.024614 0.001921 0.024658 0.999306 -0.027922 -0.001232 0.027961 0.999608 
1732023865553193728.000000 -2250.833984 -96.229172 153.817322 0.999695 -0.024711 0.000446 0.024714 0.999322 -0.027275 0.000229 0.027277 0.999628 
1732023865586534656.000000 -2250.601318 -96.468819 154.012451 0.999692 -0.024818 0.000387 0.024819 0.999313 -0.027517 0.000296 0.027518 0.999621 
1732023865619875072.000000 -2250.324219 -96.554901 154.646744 0.999695 -0.024658 0.001589 0.024693 0.999279 -0.028836 -0.000877 0.028867 0.999583 
1732023865653216000.000000 -2249.927734 -96.569038 156.989960 0.999639 -0.026875 0.000347 0.026872 0.999074 -0.033597 0.000556 0.033595 0.999435 
1732023865686556928.000000 -2249.644775 -96.682632 159.792358 0.999659 -0.026070 0.001337 0.026101 0.998954 -0.037546 -0.000357 0.037568 0.999294 
1732023865719896576.000000 -2249.393555 -97.238289 163.699142 0.999630 -0.027129 0.001985 0.027186 0.998841 -0.039721 -0.000905 0.039760 0.999209 
