1732024096959995392.000000 -2313.993408 178.935150 141.067230 -0.998354 0.054010 0.019296 -0.053833 -0.998504 0.009542 0.019783 0.008488 0.999768
1732024096993337856.000000 -2313.984375 178.929855 141.077209 -0.998366 0.053855 0.019127 -0.053686 -0.998515 0.009261 0.019597 0.008219 0.999774
1732024097026678016.000000 -2313.989990 178.930588 141.069183 -0.998368 0.053875 0.018957 -0.053708 -0.998514 0.009241 0.019427 0.008207 0.999778
1732024097060015872.000000 -2313.991699 178.933426 141.070023 -0.998367 0.053881 0.018989 -0.053712 -0.998513 0.009331 0.019464 0.008296 0.999776
1732024097093351168.000000 -2313.978271 178.935974 141.076904 -0.998365 0.053892 0.019040 -0.053721 -0.998512 0.009395 0.019518 0.008356 0.999775
1732024097126683904.000000 -2313.985840 178.948563 141.067139 -0.998366 0.053862 0.019079 -0.053690 -0.998513 0.009416 0.019558 0.008376 0.999774
1732024097160013312.000000 -2313.997803 178.964783 141.056702 -0.998362 0.053940 0.019049 -0.053769 -0.998510 0.009354 0.019525 0.008314 0.999775
1732024097193341184.000000 -2313.911621 178.737213 141.190170 -0.998377 0.053489 0.019534 -0.053316 -0.998535 0.009271 0.020001 0.008214 0.999766
1732024097226666752.000000 -2313.948242 178.747116 141.161835 -0.998386 0.053440 0.019224 -0.053263 -0.998535 0.009586 0.019708 0.008547 0.999769
1732024097259989760.000000 -2314.107910 179.047333 141.068878 -0.998367 0.053895 0.018946 -0.053728 -0.998513 0.009199 0.019414 0.008166 0.999778
1732024097293310464.000000 -2313.967529 178.723007 141.171158 -0.998383 0.053499 0.019234 -0.053325 -0.998533 0.009434 0.019710 0.008393 0.999771
1732024097326628352.000000 -2313.956299 178.752441 141.139923 -0.998397 0.053228 0.019260 -0.053051 -0.998546 0.009551 0.019741 0.008514 0.999769
1732024097359944192.000000 -2313.865723 178.437485 140.939896 -0.998497 0.052098 0.017022 -0.051928 -0.998598 0.010299 0.017535 0.009399 0.999802
1732024097393257472.000000 -2313.848877 178.424072 140.909149 -0.998500 0.052036 0.017035 -0.051866 -0.998601 0.010278 0.017546 0.009379 0.999802
1732024097426567680.000000 -2313.799561 178.419495 140.860565 -0.998463 0.052456 0.017898 -0.052263 -0.998572 0.011109 0.018455 0.010156 0.999778
1732024097459876352.000000 -2314.062012 178.391373 140.887375 -0.998524 0.051624 0.016872 -0.051452 -0.998621 0.010475 0.017389 0.009591 0.999803
1732024097493182208.000000 -2314.069092 178.420975 140.905060 -0.998515 0.051710 0.017140 -0.051533 -0.998615 0.010596 0.017664 0.009697 0.999797
1732024097526485760.000000 -2314.137451 178.696930 141.131393 -0.998397 0.053212 0.019291 -0.053032 -0.998546 0.009696 0.019779 0.008658 0.999767
1732024097559786240.000000 -2314.117920 178.722458 141.143707 -0.998396 0.053168 0.019449 -0.052992 -0.998550 0.009445 0.019923 0.008399 0.999766
1732024097593084928.000000 -2314.146484 178.698868 141.178925 -0.998381 0.053395 0.019601 -0.053217 -0.998538 0.009482 0.020078 0.008423 0.999763
1732024097626380032.000000 -2313.937988 178.774185 141.176514 -0.998361 0.053812 0.019471 -0.053635 -0.998516 0.009471 0.019952 0.008411 0.999766
1732024097659674368.000000 -2313.934082 178.722961 141.192596 -0.998371 0.053717 0.019208 -0.053545 -0.998521 0.009374 0.019684 0.008330 0.999772
1732024097692956928.000000 -2313.929199 178.737885 141.161102 -0.998364 0.053813 0.019311 -0.053641 -0.998517 0.009309 0.019784 0.008258 0.999770
1732024097726235904.000000 -2313.949219 178.810394 141.215881 -0.998339 0.054160 0.019631 -0.053991 -0.998501 0.009039 0.020091 0.007964 0.999766
1732024097759511552.000000 -2313.842773 178.595917 141.056824 -0.998417 0.053279 0.018033 -0.053111 -0.998542 0.009672 0.018522 0.008699 0.999791
1732024097792783616.000000 -2313.851562 178.561813 141.051971 -0.998422 0.053145 0.018131 -0.052975 -0.998548 0.009730 0.018622 0.008754 0.999788
1732024097826052096.000000 -2313.855469 178.573883 141.060562 -0.998420 0.053141 0.018266 -0.052969 -0.998549 0.009755 0.018757 0.008772 0.999786
1732024097859317760.000000 -2313.850098 178.533798 141.084900 -0.998424 0.053083 0.018237 -0.052917 -0.998554 0.009503 0.018716 0.008523 0.999789
1732024097892579584.000000 -2313.884521 178.550751 141.095413 -0.998431 0.053001 0.018077 -0.052829 -0.998555 0.009860 0.018574 0.008889 0.999788
1732024097925838336.000000 -2313.964600 178.636185 141.078308 -0.998433 0.052889 0.018260 -0.052707 -0.998557 0.010328 0.018780 0.009350 0.999780
1732024097959092992.000000 -2314.010010 178.486847 141.069046 -0.998484 0.052208 0.017428 -0.052036 -0.998593 0.010174 0.017935 0.009251 0.999796
1732024097992344832.000000 -2314.046143 178.492554 141.134552 -0.998490 0.051989 0.017722 -0.051812 -0.998604 0.010290 0.018232 0.009357 0.999790
1732024098025593088.000000 -2314.112793 178.584808 141.132004 -0.998506 0.051684 0.017758 -0.051496 -0.998614 0.010904 0.018297 0.009973 0.999783
1732024098058836736.000000 -2314.130371 178.557190 141.193863 -0.998515 0.051452 0.017895 -0.051270 -0.998629 0.010532 0.018413 0.009598 0.999784
1732024098092078336.000000 -2314.130127 178.612457 141.195480 -0.998530 0.051023 0.018274 -0.050838 -0.998652 0.010444 0.018782 0.009500 0.999778
1732024098125316096.000000 -2314.106689 178.693802 141.236740 -0.998536 0.051016 0.017989 -0.050837 -0.998654 0.010269 0.018489 0.009339 0.999785
1732024098158550784.000000 -2314.054688 178.609528 141.317169 -0.998527 0.051011 0.018505 -0.050841 -0.998661 0.009513 0.018965 0.008558 0.999784
1732024098191781632.000000 -2314.014893 178.626129 141.432175 -0.998530 0.050685 0.019193 -0.050522 -0.998684 0.008871 0.019617 0.007888 0.999776
1732024098225009408.000000 -2313.908447 179.088531 141.687378 -0.998588 0.049678 0.018798 -0.049501 -0.998726 0.009804 0.019261 0.008859 0.999775
1732024098258234112.000000 -2313.732178 179.631409 142.001419 -0.998636 0.048810 0.018521 -0.048623 -0.998763 0.010448 0.019008 0.009533 0.999774
1732024098291454464.000000 -2313.708252 180.636154 142.993484 -0.998634 0.048689 0.018968 -0.048533 -0.998784 0.008603 0.019364 0.007671 0.999783
1732024098324672256.000000 -2313.543213 181.754303 144.202744 -0.998733 0.047153 0.017598 -0.047031 -0.998867 0.007284 0.017922 0.006447 0.999819
1732024098357886208.000000 -2313.312012 182.997009 146.195160 -0.998856 0.045130 0.015780 -0.045069 -0.998975 0.004216 0.015954 0.003500 0.999867
1732024098391096832.000000 -2313.008789 184.110443 148.792068 -0.998872 0.044537 0.016486 -0.044538 -0.999008 0.000298 0.016483 -0.000436 0.999864
1732024098424304128.000000 -2312.710938 185.656464 153.339630 -0.998935 0.043219 0.016140 -0.043365 -0.999020 -0.008812 0.015744 -0.009502 0.999831
1732024098457507584.000000 -2312.265869 186.836807 157.463348 -0.998906 0.043190 0.017956 -0.043449 -0.998953 -0.014339 0.017318 -0.015103 0.999736
1732024098490707200.000000 -2311.929443 188.247910 162.298950 -0.998823 0.044637 0.018984 -0.044947 -0.998857 -0.016247 0.018237 -0.017081 0.999688
1732024098523904000.000000 -2311.537598 189.268341 170.257889 -0.998837 0.044475 0.018635 -0.044807 -0.998837 -0.017801 0.017822 -0.018615 0.999668
1732024098557097472.000000 -2311.546631 190.325378 176.478607 -0.998832 0.043296 0.021455 -0.043561 -0.998978 -0.012044 0.020912 -0.012964 0.999697
1732024098590287616.000000 -2311.378906 191.084229 183.996094 -0.998855 0.043160 0.020656 -0.043415 -0.998985 -0.012045 0.020116 -0.012928 0.999714
1732024098623474176.000000 -2311.569824 191.761597 194.510712 -0.998880 0.041069 0.023516 -0.041203 -0.999137 -0.005243 0.023280 -0.006206 0.999710
1732024098656658944.000000 -2311.564697 192.155121 203.347168 -0.998893 0.041622 0.021895 -0.041744 -0.999115 -0.005110 0.021663 -0.006018 0.999747
1732024098689996800.000000 -2311.821777 192.335709 212.511765 -0.998968 0.040181 0.021195 -0.040271 -0.999181 -0.003841 0.021024 -0.004690 0.999768
1732024098723334144.000000 -2312.166748 192.540771 224.954208 -0.999045 0.039234 0.019225 -0.039317 -0.999219 -0.003970 0.019054 -0.004722 0.999807
1732024098756671232.000000 -2312.414307 192.553726 233.851334 -0.999072 0.039636 0.016870 -0.039703 -0.999205 -0.003613 0.016713 -0.004279 0.999851
1732024098790008320.000000 -2312.681396 192.705719 242.716385 -0.999043 0.041244 0.014547 -0.041301 -0.999140 -0.003687 0.014382 -0.004285 0.999887
1732024098823345152.000000 -2312.997559 192.775024 254.042343 -0.999028 0.042556 0.011522 -0.042538 -0.999093 0.001824 0.011589 0.001332 0.999932
1732024098856681984.000000 -2313.027588 192.767120 262.220367 -0.999100 0.041697 0.007827 -0.041642 -0.999107 0.007093 0.008116 0.006761 0.999944
1732024098890018816.000000 -2313.136719 193.085724 270.100861 -0.998995 0.043719 0.009923 -0.043577 -0.998951 0.014094 0.010528 0.013648 0.999851
1732024098923355648.000000 -2312.895508 193.185944 281.026733 -0.999058 0.042724 0.007583 -0.042585 -0.998938 0.017615 0.008327 0.017275 0.999816
1732024098956690944.000000 -2312.969238 193.381119 289.074738 -0.999024 0.043044 0.009933 -0.042788 -0.998780 0.024670 0.010983 0.024221 0.999646
1732024098990027520.000000 -2312.906738 193.694901 297.090912 -0.999076 0.042059 0.008818 -0.041804 -0.998753 0.027307 0.009955 0.026913 0.999588
1732024099023363840.000000 -2312.802734 194.167130 305.048859 -0.999082 0.042182 0.007479 -0.041953 -0.998714 0.028453 0.008670 0.028113 0.999567
1732024099056699648.000000 -2312.619873 194.875854 315.327393 -0.999079 0.042538 0.005623 -0.042329 -0.998551 0.033235 0.007028 0.032967 0.999432
1732024099090035968.000000 -2312.569092 195.646042 323.153809 -0.999070 0.042992 0.003417 -0.042849 -0.998490 0.034381 0.004890 0.034203 0.999403
1732024099123371520.000000 -2312.497559 196.461075 331.080566 -0.999103 0.042326 0.001311 -0.042252 -0.998473 0.035594 0.002815 0.035506 0.999366
1732024099156707584.000000 -2312.537598 197.678726 341.364014 -0.999171 0.040698 0.000276 -0.040662 -0.998547 0.035360 0.001715 0.035319 0.999375
1732024099190042880.000000 -2312.666748 198.551529 349.350922 -0.999287 0.037722 -0.001705 -0.037758 -0.998725 0.033492 -0.000439 0.033533 0.999438
1732024099223378688.000000 -2312.752441 199.765823 357.490021 -0.999387 0.034959 -0.001697 -0.034995 -0.998866 0.032295 -0.000566 0.032335 0.999477
1732024099256713984.000000 -2312.833252 201.380478 368.828369 -0.999517 0.031048 -0.001319 -0.031074 -0.998969 0.033104 -0.000290 0.033129 0.999451
1732024099290049280.000000 -2312.937500 202.595413 377.158234 -0.999587 0.028724 0.000273 -0.028698 -0.999019 0.033713 0.001241 0.033691 0.999432
1732024099323384320.000000 -2313.395508 204.509354 388.462341 -0.999691 0.024860 0.000822 -0.024814 -0.999049 0.035854 0.001713 0.035822 0.999357
1732024099356719616.000000 -2313.991455 205.990967 397.080200 -0.999763 0.021759 0.000861 -0.021715 -0.999141 0.035303 0.001628 0.035276 0.999376
1732024099390053376.000000 -2314.754639 207.469421 405.641296 -0.999794 0.020275 -0.001213 -0.020306 -0.999167 0.035408 -0.000494 0.035425 0.999372
1732024099423387904.000000 -2315.986084 209.706085 417.206818 -0.999822 0.018354 -0.004388 -0.018504 -0.999142 0.037060 -0.003704 0.037134 0.999303
1732024099456722688.000000 -2317.017822 211.182556 425.798035 -0.999802 0.018166 -0.008171 -0.018448 -0.999185 0.035898 -0.007512 0.036042 0.999322
1732024099490057216.000000 -2317.987305 212.599274 434.271881 -0.999775 0.019039 -0.009337 -0.019360 -0.999176 0.035683 -0.008650 0.035856 0.999320
1732024099523391744.000000 -2319.094238 214.687881 445.537567 -0.999758 0.019383 -0.010434 -0.019734 -0.999204 0.034656 -0.009754 0.034853 0.999345
1732024099556726016.000000 -2320.034424 215.963318 453.868225 -0.999780 0.019176 -0.008513 -0.019440 -0.999295 0.032108 -0.007892 0.032266 0.999448
1732024099590060032.000000 -2320.895020 217.002762 462.437256 -0.999778 0.020081 -0.006306 -0.020257 -0.999366 0.029286 -0.005714 0.029407 0.999551
1732024099623394048.000000 -2322.068604 217.980850 474.087616 -0.999758 0.021835 -0.002706 -0.021897 -0.999433 0.025576 -0.002146 0.025630 0.999669
1732024099656728064.000000 -2322.970215 218.570206 483.059631 -0.999750 0.022329 -0.000946 -0.022344 -0.999514 0.021760 -0.000460 0.021776 0.999763
1732024099690068992.000000 -2324.063232 218.735947 491.863129 -0.999712 0.023970 0.000708 -0.023952 -0.999526 0.019333 0.001171 0.019310 0.999813
1732024099723409920.000000 -2325.125244 218.963821 500.971893 -0.999666 0.025699 0.002684 -0.025640 -0.999472 0.019957 0.003195 0.019881 0.999797
1732024099756750848.000000 -2326.656738 219.308609 513.225098 -0.999635 0.026635 0.004466 -0.026542 -0.999452 0.019800 0.004991 0.019674 0.999794
1732024099790091776.000000 -2327.994141 219.478149 522.745667 -0.999595 0.028186 0.003984 -0.028092 -0.999365 0.021916 0.004599 0.021795 0.999752
1732024099823431680.000000 -2329.673096 219.377914 535.698792 -0.999520 0.030970 0.000076 -0.030958 -0.999199 0.025358 0.000862 0.025344 0.999678
1732024099856772352.000000 -2330.871582 219.466904 545.538208 -0.999479 0.032285 -0.000411 -0.032283 -0.999072 0.028525 0.000510 0.028523 0.999593
1732024099890113280.000000 -2332.222168 219.291321 555.466370 -0.999461 0.032817 -0.000993 -0.032832 -0.999021 0.029640 -0.000019 0.029657 0.999560
1732024099923453952.000000 -2333.514404 219.151718 569.106995 -0.999430 0.033611 -0.003210 -0.033694 -0.998961 0.030695 -0.002175 0.030786 0.999524
1732024099956794880.000000 -2334.326416 218.973816 579.067810 -0.999409 0.034373 -0.000952 -0.034385 -0.998811 0.034553 0.000237 0.034566 0.999402
1732024099990135552.000000 -2335.312012 218.737778 589.014709 -0.999402 0.034469 -0.002797 -0.034544 -0.998826 0.033973 -0.001623 0.034049 0.999419
1732024100023476480.000000 -2336.110107 218.624542 599.017822 -0.999417 0.033962 -0.003451 -0.034058 -0.998864 0.033333 -0.002315 0.033431 0.999438
1732024100056817408.000000 -2336.955078 218.222458 611.772766 -0.999412 0.034256 -0.001415 -0.034285 -0.998812 0.034630 -0.000227 0.034658 0.999399
1732024100090158336.000000 -2337.497803 218.019653 620.873535 -0.999409 0.034352 0.000902 -0.034299 -0.998785 0.035397 0.002117 0.035345 0.999373
1732024100123499008.000000 -2338.258789 217.788818 629.694214 -0.999352 0.035993 0.000290 -0.035961 -0.998734 0.035172 0.001556 0.035139 0.999381
1732024100156839680.000000 -2339.082520 217.622131 640.707031 -0.999279 0.037962 -0.000433 -0.037951 -0.998568 0.037695 0.000998 0.037684 0.999289
1732024100190180352.000000 -2339.040527 216.302673 647.437195 -0.998898 0.045452 0.011663 -0.044818 -0.997754 0.049785 0.013899 0.049207 0.998692
1732024100223520768.000000 -2339.493164 215.869034 654.560059 -0.998797 0.047245 0.013156 -0.046515 -0.997608 0.051136 0.015540 0.050462 0.998605
1732024100256861440.000000 -2340.071289 215.310379 663.626770 -0.998636 0.050110 0.014701 -0.049287 -0.997439 0.051826 0.017260 0.051031 0.998548
1732024100290200832.000000 -2340.483154 214.801819 670.060425 -0.998626 0.051193 0.011228 -0.050571 -0.997468 0.050001 0.013759 0.049364 0.998686
1732024100323541760.000000 -2340.523438 214.360733 675.524902 -0.998414 0.053350 0.017982 -0.052268 -0.997058 0.056064 0.020920 0.055035 0.998265
1732024100356882176.000000 -2340.692383 213.770142 683.018005 -0.998330 0.055245 0.016913 -0.054235 -0.996998 0.055256 0.019915 0.054246 0.998329
1732024100390222848.000000 -2340.794922 213.505936 687.690552 -0.998237 0.056978 0.016628 -0.055991 -0.996929 0.054743 0.019697 0.053715 0.998362
1732024100423563264.000000 -2340.827881 213.090546 692.982056 -0.998073 0.059491 0.017644 -0.058426 -0.996735 0.055730 0.020902 0.054591 0.998290
1732024100456903936.000000 -2340.845215 212.958847 696.385315 -0.998005 0.061094 0.015928 -0.060117 -0.996624 0.055907 0.019290 0.054838 0.998309
1732024100490244096.000000 -2340.905518 212.932297 699.542786 -0.997986 0.062317 0.011828 -0.061600 -0.996664 0.053532 0.015124 0.052695 0.998496
1732024100523584768.000000 -2341.084961 212.937149 701.613708 -0.997768 0.065431 0.013359 -0.064618 -0.996436 0.054211 0.016859 0.053226 0.998440
1732024100556925184.000000 -2341.374023 213.039078 703.109009 -0.997629 0.067406 0.013915 -0.066551 -0.996281 0.054726 0.017552 0.053670 0.998404
1732024100590265856.000000 -2341.943848 213.219101 703.259338 -0.997477 0.069648 0.013771 -0.068775 -0.996055 0.056069 0.017622 0.054980 0.998332
1732024100623606016.000000 -2342.376221 213.294724 702.510498 -0.997375 0.071012 0.014182 -0.070130 -0.996010 0.055181 0.018044 0.054042 0.998376
1732024100656946432.000000 -2342.940430 213.367096 699.847046 -0.997263 0.072041 0.016627 -0.071077 -0.996079 0.052684 0.020357 0.051358 0.998473
1732024100690285824.000000 -2343.434326 213.430191 696.841736 -0.997141 0.073328 0.018221 -0.072333 -0.996111 0.050310 0.021839 0.048849 0.998567
1732024100723624448.000000 -2344.184326 213.297562 691.126892 -0.996875 0.076006 0.021527 -0.074869 -0.995967 0.049432 0.025197 0.047665 0.998546
1732024100756964096.000000 -2344.880371 213.228714 686.074463 -0.996749 0.077707 0.021302 -0.076627 -0.995928 0.047505 0.024906 0.045718 0.998644
1732024100790303488.000000 -2345.362305 213.151276 680.401123 -0.996588 0.079704 0.021437 -0.078664 -0.995857 0.045626 0.024984 0.043784 0.998729
1732024100823643136.000000 -2345.801025 212.769989 671.757812 -0.996527 0.081065 0.019039 -0.080178 -0.995832 0.043478 0.022485 0.041801 0.998873
1732024100856982528.000000 -2345.994629 212.558884 665.071289 -0.996421 0.082343 0.019101 -0.081490 -0.995797 0.041811 0.022464 0.040105 0.998943
1732024100890321664.000000 -2346.161865 212.448364 657.500366 -0.996217 0.084353 0.020891 -0.083362 -0.995527 0.044459 0.024548 0.042549 0.998793
1732024100923661312.000000 -2346.271484 211.868179 647.303162 -0.996096 0.086287 0.018662 -0.085433 -0.995436 0.042519 0.022246 0.040759 0.998921
1732024100957000448.000000 -2346.354980 211.561874 639.050659 -0.995916 0.088564 0.017545 -0.087704 -0.995135 0.044887 0.021435 0.043165 0.998838
1732024100990340096.000000 -2346.113770 211.102325 630.880371 -0.995764 0.090668 0.015247 -0.089894 -0.994911 0.045508 0.019296 0.043944 0.998848
1732024101023678976.000000 -2345.903076 210.824951 619.705139 -0.995535 0.093552 0.012603 -0.092831 -0.994473 0.049057 0.017123 0.047668 0.998716
1732024101057018368.000000 -2345.733154 210.427811 611.186829 -0.995472 0.094777 0.007229 -0.094288 -0.994233 0.051093 0.012030 0.050180 0.998668
1732024101090357504.000000 -2345.631104 210.016907 602.500671 -0.995455 0.095189 0.002823 -0.094907 -0.994078 0.052931 0.007845 0.052422 0.998594
1732024101123696640.000000 -2345.388428 209.538193 590.870850 -0.995535 0.094387 0.001089 -0.094173 -0.993932 0.056843 0.006447 0.056486 0.998383
1732024101157034752.000000 -2345.227783 209.084198 582.215149 -0.995798 0.091366 -0.006157 -0.091564 -0.994399 0.052781 -0.001300 0.053123 0.998587
1732024101190373888.000000 -2345.123047 208.514359 573.270203 -0.996026 0.088939 -0.004656 -0.089059 -0.994327 0.058162 0.000544 0.058346 0.998296
1732024101223713024.000000 -2344.872559 207.853195 561.200195 -0.996437 0.084233 -0.004343 -0.084341 -0.994573 0.060916 0.000812 0.061065 0.998133
1732024101257051904.000000 -2344.728760 207.317841 552.512695 -0.996721 0.080813 -0.004115 -0.080914 -0.994926 0.059800 0.000738 0.059937 0.998202
1732024101290391040.000000 -2344.518311 206.967789 543.721924 -0.997023 0.077006 -0.003946 -0.077105 -0.995260 0.059265 0.000637 0.059393 0.998234
1732024101323729920.000000 -2344.672607 206.850281 532.459900 -0.997619 0.067200 -0.015509 -0.067898 -0.996436 0.050042 -0.012091 0.050976 0.998627
1732024101357068800.000000 -2344.497070 206.379410 523.531982 -0.997772 0.064710 -0.016263 -0.065455 -0.996577 0.050505 -0.012940 0.051456 0.998591
1732024101390407680.000000 -2344.034912 206.130295 514.551514 -0.997922 0.062677 -0.014911 -0.063402 -0.996495 0.054563 -0.011439 0.055395 0.998399
1732024101423746560.000000 -2343.926514 205.436432 502.601227 -0.998052 0.060304 -0.016003 -0.061140 -0.996427 0.058275 -0.012431 0.059140 0.998172
1732024101457085440.000000 -2343.778809 204.896149 493.664917 -0.998053 0.059837 -0.017595 -0.060834 -0.996159 0.062973 -0.013759 0.063920 0.997860
1732024101490424320.000000 -2343.823242 204.308136 484.417206 -0.998055 0.058168 -0.022400 -0.059485 -0.996211 0.063439 -0.018625 0.064648 0.997734
1732024101523763200.000000 -2343.415527 203.286057 472.175140 -0.998110 0.056953 -0.023059 -0.058327 -0.996238 0.064096 -0.019322 0.065320 0.997677
1732024101557101824.000000 -2343.101074 202.544266 462.650787 -0.998186 0.056053 -0.021989 -0.057345 -0.996340 0.063386 -0.018356 0.064532 0.997747
1732024101590440448.000000 -2343.126709 201.722961 453.013458 -0.998308 0.054008 -0.021531 -0.055291 -0.996398 0.064291 -0.017981 0.065373 0.997699
1732024101623778304.000000 -2343.241943 200.601746 439.980133 -0.998383 0.051817 -0.023390 -0.053184 -0.996646 0.062200 -0.020089 0.063344 0.997790
1732024101657116928.000000 -2343.007324 199.433167 430.099884 -0.998422 0.051399 -0.022619 -0.052675 -0.996807 0.060013 -0.019463 0.061109 0.997941
1732024101690457600.000000 -2342.936279 198.624130 419.976166 -0.998547 0.049360 -0.021616 -0.050625 -0.996758 0.062534 -0.018460 0.063538 0.997809
1732024101723798016.000000 -2342.696289 197.433670 406.472931 -0.998623 0.048074 -0.020989 -0.049329 -0.996726 0.064059 -0.017841 0.065007 0.997725
1732024101757138688.000000 -2342.643799 196.497467 396.389557 -0.998689 0.047829 -0.018244 -0.048914 -0.996713 0.064579 -0.015095 0.065387 0.997746
1732024101790479360.000000 -2342.625244 195.784973 386.377106 -0.998690 0.047280 -0.019563 -0.048448 -0.996753 0.064316 -0.016459 0.065180 0.997738
1732024101823820032.000000 -2342.700684 194.837646 373.123199 -0.998644 0.048725 -0.018343 -0.049801 -0.996728 0.063670 -0.015180 0.064497 0.997802
1732024101857160448.000000 -2342.749512 193.979843 363.181519 -0.998639 0.049490 -0.016451 -0.050426 -0.996773 0.062453 -0.013307 0.063198 0.997912
1732024101890501376.000000 -2342.828857 193.415344 353.536346 -0.998568 0.051241 -0.015378 -0.052073 -0.996857 0.059709 -0.012271 0.060424 0.998097
1732024101923841792.000000 -2342.634521 192.494446 340.703552 -0.998473 0.053556 -0.013525 -0.054247 -0.996883 0.057284 -0.010415 0.057930 0.998266
1732024101957182464.000000 -2342.721924 192.056717 331.305847 -0.998421 0.054533 -0.013502 -0.055193 -0.996979 0.054651 -0.010481 0.055309 0.998414
1732024101990522624.000000 -2342.629395 191.328613 321.863892 -0.998263 0.057359 -0.013473 -0.057998 -0.996902 0.053136 -0.010383 0.053825 0.998496
1732024102023863296.000000 -2342.577637 190.701340 309.560394 -0.998168 0.059460 -0.011162 -0.059943 -0.996969 0.049605 -0.008179 0.050184 0.998707
1732024102057202944.000000 -2342.265625 189.719543 300.147614 -0.998149 0.060086 -0.009356 -0.060471 -0.996989 0.048545 -0.006411 0.049021 0.998777
1732024102090543616.000000 -2342.086182 188.976089 290.864624 -0.998132 0.060795 -0.006039 -0.061016 -0.996959 0.048482 -0.003073 0.048760 0.998806
1732024102123883776.000000 -2340.872314 187.553085 278.478760 -0.998554 0.053484 -0.005497 -0.053672 -0.997617 0.043351 -0.003165 0.043583 0.999045
1732024102157224448.000000 -2340.769287 186.561401 270.522552 -0.998501 0.054308 -0.006806 -0.054534 -0.997744 0.039164 -0.004663 0.039476 0.999210
1732024102190564608.000000 -2340.691406 186.184753 263.100891 -0.998267 0.058815 -0.001703 -0.058839 -0.997675 0.034398 0.000325 0.034439 0.999407
1732024102223905280.000000 -2340.239502 185.225449 253.198135 -0.998265 0.058799 -0.002950 -0.058862 -0.997793 0.030744 -0.001136 0.030865 0.999523
1732024102257245440.000000 -2339.968018 184.488235 246.122452 -0.998307 0.058113 -0.002473 -0.058159 -0.997914 0.028018 -0.000840 0.028115 0.999604
1732024102290586112.000000 -2339.621582 183.720764 239.376175 -0.998375 0.056900 -0.003127 -0.056963 -0.998034 0.026124 -0.001634 0.026260 0.999654
1732024102323926528.000000 -2339.299561 182.967331 230.658005 -0.998440 0.055774 -0.002641 -0.055820 -0.998163 0.023558 -0.001322 0.023669 0.999719
1732024102357267200.000000 -2339.057617 182.540283 224.247421 -0.998447 0.055692 -0.001323 -0.055708 -0.998160 0.023922 0.000012 0.023958 0.999713
1732024102390607360.000000 -2338.813721 182.066666 218.096344 -0.998517 0.054421 0.001433 -0.054377 -0.998277 0.022058 0.002631 0.021947 0.999756
1732024102423947776.000000 -2338.737305 181.848892 210.463699 -0.998547 0.053729 0.004235 -0.053641 -0.998382 0.018849 0.005241 0.018595 0.999813
1732024102457287936.000000 -2338.796875 181.630905 205.132141 -0.998539 0.053813 0.004980 -0.053734 -0.998446 0.014800 0.005769 0.014511 0.999878
1732024102490627584.000000 -2338.907715 181.592056 200.302521 -0.998566 0.053150 0.006385 -0.053073 -0.998523 0.011592 0.006991 0.011236 0.999912
1732024102523967744.000000 -2339.430420 181.859344 194.486404 -0.998610 0.052240 0.006958 -0.052177 -0.998598 0.008940 0.007416 0.008565 0.999936
1732024102557308160.000000 -2339.781738 181.987595 190.553101 -0.998668 0.050856 0.008699 -0.050788 -0.998679 0.007853 0.009087 0.007401 0.999931
1732024102590648320.000000 -2339.983643 182.119690 186.805954 -0.998749 0.049050 0.009761 -0.048975 -0.998769 0.007844 0.010134 0.007356 0.999922
1732024102623988992.000000 -2340.360352 182.566498 182.569992 -0.998842 0.046775 0.011234 -0.046684 -0.998876 0.008257 0.011608 0.007723 0.999903
1732024102657329152.000000 -2340.982178 183.000778 179.092010 -0.998959 0.043607 0.013359 -0.043540 -0.999038 0.005253 0.013575 0.004665 0.999897
1732024102690671360.000000 -2341.279785 183.112625 177.422455 -0.999038 0.042249 0.011731 -0.042228 -0.999106 0.002009 0.011806 0.001511 0.999929
1732024102724013568.000000 -2341.813721 183.378403 174.793320 -0.999049 0.041554 0.013189 -0.041524 -0.999134 0.002538 0.013283 0.001988 0.999910
1732024102757355776.000000 -2342.768555 184.029175 171.595337 -0.999157 0.038421 0.014459 -0.038410 -0.999261 0.001046 0.014489 0.000490 0.999895
1732024102790697728.000000 -2343.399414 184.473724 169.311798 -0.999211 0.036182 0.016353 -0.036198 -0.999344 -0.000663 0.016318 -0.001254 0.999866
1732024102824040192.000000 -2343.933594 184.834427 166.465454 -0.999235 0.034958 0.017519 -0.035038 -0.999377 -0.004274 0.017359 -0.004885 0.999837
1732024102857382400.000000 -2344.328857 185.033585 164.757950 -0.999178 0.034787 0.020805 -0.034869 -0.999385 -0.003602 0.020667 -0.004325 0.999777
1732024102890724352.000000 -2344.835449 185.286926 163.422150 -0.999174 0.035199 0.020318 -0.035320 -0.999360 -0.005602 0.020107 -0.006315 0.999778
1732024102924066816.000000 -2345.807617 185.481277 162.254211 -0.999138 0.036266 0.020188 -0.036411 -0.999313 -0.006870 0.019925 -0.007599 0.999773
1732024102957408000.000000 -2346.684082 185.862717 161.346069 -0.999055 0.036333 0.023846 -0.036438 -0.999328 -0.003987 0.023685 -0.004853 0.999708
1732024102990749952.000000 -2347.039307 185.683304 160.791840 -0.998975 0.039516 0.022074 -0.039615 -0.999207 -0.004102 0.021895 -0.004972 0.999748
1732024103024092416.000000 -2347.495605 185.603714 160.606598 -0.998889 0.041737 0.021880 -0.041829 -0.999118 -0.003797 0.021703 -0.004708 0.999753
1732024103057434624.000000 -2347.761719 185.491898 160.995041 -0.998824 0.043175 0.022061 -0.043293 -0.999050 -0.004923 0.021828 -0.005873 0.999744
1732024103090776832.000000 -2348.043945 185.377060 162.060471 -0.998780 0.044720 0.020929 -0.044915 -0.998951 -0.008965 0.020506 -0.009894 0.999741
1732024103124119296.000000 -2348.214355 185.327087 164.110092 -0.998689 0.047227 0.019748 -0.047457 -0.998809 -0.011362 0.019188 -0.012284 0.999740
1732024103157461504.000000 -2348.364258 185.464752 166.674393 -0.998657 0.047962 0.019604 -0.048189 -0.998775 -0.011257 0.019040 -0.012186 0.999744
1732024103190803712.000000 -2348.425293 185.736893 169.518005 -0.998637 0.048063 0.020326 -0.048264 -0.998789 -0.009519 0.019844 -0.010487 0.999748
1732024103224146176.000000 -2348.407471 186.174026 174.537811 -0.998609 0.048275 0.021198 -0.048449 -0.998795 -0.007787 0.020796 -0.008804 0.999745
1732024103257488128.000000 -2348.294678 186.542206 179.009033 -0.998628 0.047704 0.021581 -0.047864 -0.998829 -0.006983 0.021222 -0.008006 0.999743
1732024103290830592.000000 -2347.971191 186.937531 185.502869 -0.998690 0.046192 0.022023 -0.046378 -0.998892 -0.008009 0.021629 -0.009020 0.999725
1732024103324173056.000000 -2347.956299 187.654755 191.322739 -0.998714 0.045718 0.021892 -0.045878 -0.998924 -0.006832 0.021556 -0.007828 0.999737
1732024103357515008.000000 -2348.028809 188.493683 196.953629 -0.998759 0.045155 0.021016 -0.045277 -0.998960 -0.005380 0.020751 -0.006325 0.999765
1732024103390856448.000000 -2347.707031 189.184586 203.462296 -0.998869 0.043700 0.018762 -0.043817 -0.999022 -0.005865 0.018487 -0.006680 0.999807
1732024103424199168.000000 -2347.478760 190.300766 212.207718 -0.998914 0.043419 0.016895 -0.043513 -0.999039 -0.005195 0.016653 -0.005925 0.999844
1732024103457541120.000000 -2347.097656 191.049286 219.097504 -0.998914 0.043720 0.016116 -0.043815 -0.999024 -0.005563 0.015857 -0.006263 0.999855
1732024103490883584.000000 -2346.961914 192.174805 226.533127 -0.998943 0.043421 0.015083 -0.043560 -0.999010 -0.009062 0.014674 -0.009709 0.999845
1732024103524226304.000000 -2346.496826 193.352539 237.337814 -0.999050 0.040677 0.015612 -0.040835 -0.999116 -0.009997 0.015191 -0.010625 0.999828
1732024103557568256.000000 -2346.292480 194.686966 245.611420 -0.999093 0.040127 0.014281 -0.040304 -0.999112 -0.012301 0.013774 -0.012866 0.999822
1732024103590910720.000000 -2345.962646 196.028931 254.528442 -0.999153 0.038594 0.014250 -0.038811 -0.999129 -0.015303 0.013647 -0.015843 0.999781
1732024103624253184.000000 -2345.715088 197.974457 267.180115 -0.999201 0.037112 0.014833 -0.037401 -0.999106 -0.019694 0.014089 -0.020233 0.999696
1732024103657595392.000000 -2345.557129 199.426315 276.987915 -0.999287 0.035047 0.014011 -0.035342 -0.999145 -0.021446 0.013247 -0.021926 0.999672
1732024103690936832.000000 -2345.569824 201.062881 287.241211 -0.999348 0.033692 0.012982 -0.033972 -0.999182 -0.021949 0.012232 -0.022375 0.999675
1732024103724278016.000000 -2345.496338 203.327774 301.153595 -0.999365 0.033811 0.011260 -0.034003 -0.999272 -0.017311 0.010666 -0.017682 0.999787
1732024103757618944.000000 -2345.457520 205.143829 311.763641 -0.999424 0.032704 0.009027 -0.032837 -0.999348 -0.015009 0.008530 -0.015296 0.999847
1732024103790960384.000000 -2345.324707 206.906723 322.592834 -0.999478 0.031407 0.007511 -0.031507 -0.999410 -0.013656 0.007077 -0.013885 0.999879
1732024103824300288.000000 -2345.983154 208.714249 337.669067 -0.999367 0.035452 0.002865 -0.035481 -0.999310 -0.011003 0.002473 -0.011097 0.999935
1732024103857641472.000000 -2346.069824 210.210693 348.849792 -0.999394 0.034764 0.001836 -0.034780 -0.999351 -0.009415 0.001508 -0.009473 0.999954
1732024103890982656.000000 -2346.190918 211.920364 359.776764 -0.999423 0.033943 0.001099 -0.033950 -0.999400 -0.006871 0.000865 -0.006904 0.999976
1732024103924323840.000000 -2346.416260 214.031036 373.804016 -0.999426 0.033889 0.000098 -0.033889 -0.999386 -0.008945 -0.000205 -0.008943 0.999960
1732024103957664768.000000 -2346.664795 215.585205 384.370087 -0.999412 0.034228 -0.002142 -0.034207 -0.999375 -0.008925 -0.002446 -0.008847 0.999958
1732024103991006208.000000 -2347.048340 216.948868 394.766235 -0.999394 0.034664 -0.003019 -0.034638 -0.999367 -0.008154 -0.003299 -0.008044 0.999962
1732024104024347392.000000 -2347.800781 218.539093 408.724945 -0.999304 0.036860 -0.005719 -0.036807 -0.999282 -0.009032 -0.006048 -0.008815 0.999943
1732024104057688320.000000 -2348.184082 219.754013 418.250885 -0.999197 0.039310 -0.007795 -0.039242 -0.999192 -0.008676 -0.008130 -0.008363 0.999932
1732024104091029504.000000 -2348.587158 220.962616 428.177673 -0.999074 0.040718 -0.013883 -0.040565 -0.999115 -0.011124 -0.014323 -0.010551 0.999842
1732024104124370688.000000 -2348.944092 222.536652 440.344788 -0.998992 0.042463 -0.014567 -0.042359 -0.999075 -0.007369 -0.014866 -0.006745 0.999867
1732024104157711872.000000 -2349.158936 223.666885 449.151581 -0.998941 0.043380 -0.015352 -0.043282 -0.999041 -0.006635 -0.015626 -0.005964 0.999860
1732024104191052800.000000 -2349.356934 224.694901 457.668060 -0.998930 0.043763 -0.014968 -0.043682 -0.999029 -0.005671 -0.015202 -0.005011 0.999872
1732024104224393728.000000 -2349.751221 226.003632 468.987518 -0.998935 0.044232 -0.013138 -0.044177 -0.999014 -0.004466 -0.013323 -0.003881 0.999904
1732024104257734912.000000 -2349.951416 226.728180 477.406036 -0.998875 0.045589 -0.013046 -0.045486 -0.998932 -0.008060 -0.013400 -0.007457 0.999882
1732024104291075328.000000 -2350.096436 227.408432 485.856659 -0.998866 0.045997 -0.012311 -0.045859 -0.998884 -0.011327 -0.012819 -0.010749 0.999860
1732024104324416512.000000 -2350.284912 228.245178 497.120697 -0.998760 0.048604 -0.010792 -0.048427 -0.998697 -0.016099 -0.011561 -0.015557 0.999812
1732024104357757440.000000 -2350.440430 228.943604 505.552521 -0.998647 0.050734 -0.011411 -0.050519 -0.998553 -0.018444 -0.012331 -0.017843 0.999765
1732024104391098624.000000 -2350.655029 229.749283 514.250488 -0.998512 0.053532 -0.010418 -0.053307 -0.998363 -0.020742 -0.011512 -0.020156 0.999731
1732024104424439552.000000 -2350.702393 230.977066 526.092041 -0.998313 0.057115 -0.010440 -0.056910 -0.998198 -0.019013 -0.011507 -0.018387 0.999765
1732024104457780480.000000 -2350.874756 231.878845 534.663696 -0.998176 0.059503 -0.010155 -0.059327 -0.998097 -0.016833 -0.011137 -0.016200 0.999807
1732024104491121664.000000 -2351.114990 232.572968 543.609863 -0.997904 0.062882 -0.015288 -0.062663 -0.997931 -0.014400 -0.016162 -0.013412 0.999779
1732024104524462848.000000 -2351.762939 233.567139 555.143433 -0.997758 0.064566 -0.017629 -0.064403 -0.997877 -0.009642 -0.018214 -0.008485 0.999798
1732024104557804032.000000 -2351.846680 234.462738 563.710999 -0.997705 0.064476 -0.020696 -0.064347 -0.997904 -0.006811 -0.021091 -0.005464 0.999763
1732024104591144960.000000 -2351.977295 235.352081 572.243591 -0.997607 0.064896 -0.023831 -0.064768 -0.997882 -0.006115 -0.024177 -0.004557 0.999697
1732024104624486144.000000 -2352.617920 236.119217 584.103516 -0.997596 0.063191 -0.028440 -0.062929 -0.997968 -0.010033 -0.029016 -0.008220 0.999545
1732024104657827072.000000 -2353.080078 236.882843 592.375427 -0.997621 0.062262 -0.029579 -0.061942 -0.998012 -0.011641 -0.030245 -0.009781 0.999495
1732024104691167744.000000 -2353.306885 237.651901 600.434753 -0.997717 0.060961 -0.029054 -0.060682 -0.998103 -0.010394 -0.029632 -0.008608 0.999524
1732024104724507392.000000 -2353.422119 238.760757 610.966980 -0.997690 0.059253 -0.033224 -0.058782 -0.998158 -0.014989 -0.034051 -0.013002 0.999336
1732024104757847808.000000 -2353.401855 239.492447 618.780579 -0.997764 0.059151 -0.031128 -0.058692 -0.998156 -0.015473 -0.031986 -0.013611 0.999396
1732024104791188224.000000 -2353.302246 240.268753 626.294922 -0.997823 0.058498 -0.030452 -0.058010 -0.998177 -0.016676 -0.031372 -0.014874 0.999397
1732024104824528896.000000 -2353.095703 240.972412 635.760437 -0.997832 0.059562 -0.027992 -0.059049 -0.998077 -0.018833 -0.029060 -0.017139 0.999431
1732024104857869056.000000 -2352.701172 241.741531 642.543884 -0.997856 0.060127 -0.025850 -0.059681 -0.998060 -0.017714 -0.026865 -0.016133 0.999509
1732024104891209728.000000 -2352.515869 242.033844 649.307007 -0.997685 0.062688 -0.026363 -0.062143 -0.997846 -0.021011 -0.027623 -0.019325 0.999432
1732024104924550144.000000 -2352.034668 242.427719 657.323181 -0.997528 0.065909 -0.024355 -0.065466 -0.997682 -0.018569 -0.025523 -0.016929 0.999531
1732024104957890816.000000 -2351.830811 242.402130 662.604126 -0.997465 0.068162 -0.020417 -0.067794 -0.997534 -0.018187 -0.021606 -0.016757 0.999626
1732024104991230976.000000 -2351.510010 242.477692 667.970154 -0.997393 0.069841 -0.018169 -0.069537 -0.997437 -0.016875 -0.019301 -0.015567 0.999692
1732024105024571648.000000 -2351.152832 242.271103 674.386902 -0.997343 0.071516 -0.013870 -0.071286 -0.997321 -0.016422 -0.015008 -0.015389 0.999769
1732024105057911808.000000 -2350.869629 241.967270 678.721497 -0.997273 0.072788 -0.012212 -0.072613 -0.997259 -0.014201 -0.013212 -0.013276 0.999825
1732024105091252224.000000 -2350.615723 241.725494 682.769287 -0.997239 0.073499 -0.010597 -0.073376 -0.997238 -0.011538 -0.011415 -0.010729 0.999877
1732024105124592896.000000 -2350.599365 241.228119 687.497498 -0.997200 0.074283 -0.008557 -0.074201 -0.997198 -0.009551 -0.009242 -0.008889 0.999918
1732024105157932288.000000 -2350.440186 240.797531 690.776306 -0.997151 0.074826 -0.009544 -0.074717 -0.997140 -0.011365 -0.010367 -0.010620 0.999890
1732024105191272448.000000 -2350.396484 240.197525 694.190186 -0.997083 0.075539 -0.010897 -0.075374 -0.997046 -0.014776 -0.011981 -0.013911 0.999831
1732024105224612608.000000 -2350.064209 239.786194 698.075928 -0.997096 0.075528 -0.009790 -0.075368 -0.997030 -0.015830 -0.010956 -0.015047 0.999827
1732024105257953280.000000 -2349.567871 239.847931 700.514709 -0.997180 0.074502 -0.009019 -0.074361 -0.997118 -0.015003 -0.010111 -0.014290 0.999847
1732024105291293696.000000 -2349.548584 239.547867 701.706177 -0.997282 0.073207 -0.008289 -0.073094 -0.997238 -0.013214 -0.009233 -0.012572 0.999878
1732024105324634112.000000 -2349.394775 239.423996 701.668640 -0.997439 0.070902 -0.009425 -0.070815 -0.997446 -0.009291 -0.010060 -0.008600 0.999912
1732024105357974272.000000 -2349.282959 239.014618 699.910339 -0.997504 0.070123 -0.008264 -0.070064 -0.997516 -0.007245 -0.008751 -0.006648 0.999940
1732024105391314688.000000 -2348.673340 238.754349 696.784729 -0.997502 0.070116 -0.008554 -0.070045 -0.997509 -0.008380 -0.009120 -0.007760 0.999928
1732024105424654848.000000 -2348.232178 237.517242 690.409485 -0.997407 0.071600 -0.007225 -0.071533 -0.997396 -0.009206 -0.007866 -0.008665 0.999932
1732024105457995264.000000 -2348.017090 236.560913 685.193665 -0.997172 0.074666 -0.008519 -0.074580 -0.997165 -0.010025 -0.009243 -0.009361 0.999913
1732024105491335424.000000 -2347.904297 235.854248 678.443298 -0.996958 0.077342 -0.009652 -0.077257 -0.996972 -0.008835 -0.010306 -0.008063 0.999914
1732024105524675840.000000 -2347.982178 234.988388 668.093933 -0.996561 0.081331 -0.015835 -0.081285 -0.996685 -0.003572 -0.016073 -0.002273 0.999868
1732024105558016000.000000 -2348.050293 233.727600 660.106750 -0.996363 0.083300 -0.017946 -0.083303 -0.996524 -0.000615 -0.017935 0.000882 0.999839
1732024105591356416.000000 -2348.063477 233.462570 650.488037 -0.995992 0.086334 -0.023360 -0.086419 -0.996255 0.002658 -0.023043 0.004666 0.999724
1732024105624695552.000000 -2348.406250 232.071030 638.029419 -0.995619 0.089075 -0.028422 -0.089254 -0.995996 0.005092 -0.027854 0.007607 0.999583
1732024105658035968.000000 -2348.582031 231.305466 627.791138 -0.995369 0.091021 -0.030926 -0.091278 -0.995801 0.007005 -0.030159 0.009795 0.999497
1732024105691377152.000000 -2348.580078 231.076553 617.170410 -0.995138 0.092437 -0.033989 -0.092619 -0.995694 0.003817 -0.033490 0.006946 0.999415
1732024105724718848.000000 -2348.683350 230.432022 602.761841 -0.995172 0.092918 -0.031608 -0.093231 -0.995608 0.008581 -0.030672 0.011486 0.999463
1732024105758060032.000000 -2348.585693 230.339615 591.373962 -0.995106 0.092728 -0.034147 -0.093043 -0.995632 0.007743 -0.033279 0.010882 0.999387
1732024105791401728.000000 -2348.373779 230.537003 579.489197 -0.995169 0.092095 -0.034020 -0.092484 -0.995663 0.010060 -0.032946 0.013157 0.999371
1732024105824742912.000000 -2348.438232 229.888214 563.419739 -0.995406 0.091305 -0.028810 -0.091843 -0.995611 0.017963 -0.027043 0.020526 0.999424
1732024105858084096.000000 -2348.538574 229.584015 550.521606 -0.995502 0.090125 -0.029210 -0.090750 -0.995656 0.020823 -0.027207 0.023380 0.999356
1732024105891425792.000000 -2348.340576 229.202530 537.449341 -0.995552 0.089864 -0.028304 -0.090528 -0.995626 0.023089 -0.026105 0.025548 0.999333
1732024105924766976.000000 -2348.300537 228.512253 519.037598 -0.995809 0.087119 -0.027833 -0.087826 -0.995815 0.025292 -0.025513 0.027631 0.999293
1732024105958108672.000000 -2348.034180 227.546753 505.320465 -0.995770 0.086641 -0.030595 -0.087285 -0.995975 0.020360 -0.028708 0.022945 0.999325
